3 0.5984375 0.159375 0.615625 0.1765625 0.615625 0.18125 0.6109375 0.1875 0.609375 0.1984375 0.615625 0.290625 0.6140625 0.29375 0.6046875 0.2953125 0.590625 0.29375 0.5828125 0.284375 0.5765625 0.1859375 0.575 0.184375 0.5765625 0.1671875 0.5796875 0.1640625 0.584375 0.1640625 0.5890625 0.159375 0.596875 0.159375
3 0.590625 0.44375 0.5921875 0.4421875 0.590625 0.434375 0.5953125 0.4265625 0.609375 0.428125 0.6234375 0.425 0.628125 0.4265625 0.63125 0.43125 0.6296875 0.4453125 0.63125 0.4703125 0.6296875 0.4734375 0.63125 0.475 0.6359375 0.553125 0.6328125 0.55625 0.6 0.5578125 0.596875 0.5546875 0.596875 0.55 0.6015625 0.5453125 0.6078125 0.54375 0.603125 0.5375 0.603125 0.5203125 0.6015625 0.51875 0.603125 0.4984375 0.5984375 0.45625 0.5921875 0.45 0.5921875 0.4453125
1 0.525 0.1734375 0.5296875 0.1765625 0.540625 0.1734375 0.54375 0.1765625 0.5453125 0.184375 0.5484375 0.1859375 0.5484375 0.1984375 0.5453125 0.203125 0.55 0.209375 0.5546875 0.23125 0.553125 0.24375 0.5546875 0.2828125 0.5484375 0.2875 0.5390625 0.2828125 0.534375 0.290625 0.528125 0.290625 0.525 0.2875 0.5234375 0.275 0.5203125 0.209375 0.5171875 0.1859375 0.5171875 0.178125 0.51875 0.175 0.5234375 0.1734375
1 0.56875 0.4421875 0.5703125 0.4546875 0.56875 0.496875 0.5734375 0.54375 0.571875 0.546875 0.56875 0.55 0.5609375 0.55 0.5546875 0.553125 0.5484375 0.55 0.546875 0.5234375 0.5421875 0.4984375 0.54375 0.478125 0.540625 0.446875 0.54375 0.44375 0.565625 0.446875 0.5671875 0.44375
7 0.453125 0.1875 0.4546875 0.1890625 0.4671875 0.1875 0.478125 0.1890625 0.478125 0.209375 0.4734375 0.2203125 0.475 0.2296875 0.478125 0.2328125 0.478125 0.2546875 0.48125 0.278125 0.4796875 0.2890625 0.4671875 0.2875 0.45625 0.2890625 0.4546875 0.2859375 0.45 0.2125 0.4484375 0.2109375 0.4484375 0.1890625 0.4515625 0.1890625
7 0.4796875 0.446875 0.4875 0.4484375 0.496875 0.45625 0.496875 0.4671875 0.49375 0.46875 0.4921875 0.478125 0.496875 0.5015625 0.4953125 0.521875 0.496875 0.5234375 0.4984375 0.559375 0.4921875 0.565625 0.484375 0.5609375 0.4765625 0.559375 0.4703125 0.46875 0.4734375 0.4640625 0.471875 0.4515625 0.478125 0.446875
4 0.371875 0.446875 0.3953125 0.4453125 0.4015625 0.446875 0.403125 0.45 0.4046875 0.465625 0.4015625 0.48125 0.403125 0.4828125 0.4046875 0.5234375 0.4078125 0.5265625 0.4078125 0.5484375 0.409375 0.55 0.409375 0.559375 0.4046875 0.5734375 0.3859375 0.575 0.3765625 0.5703125 0.375 0.528125 0.371875 0.5046875 0.375 0.5 0.371875 0.4984375 0.375 0.496875 0.371875 0.4953125 0.3703125 0.4828125 0.3703125 0.4703125 0.3734375 0.46875 0.3703125 0.4671875 0.36875 0.4609375 0.36875 0.45 0.371875 0.4484375
4 0.35 0.190625 0.3546875 0.1875 0.3578125 0.1796875 0.3703125 0.18125 0.3796875 0.1765625 0.384375 0.1828125 0.3859375 0.1921875 0.384375 0.234375 0.3890625 0.24375 0.390625 0.2796875 0.3921875 0.28125 0.3921875 0.2984375 0.390625 0.3 0.3921875 0.30625 0.3890625 0.3109375 0.3796875 0.309375 0.3671875 0.3109375 0.3640625 0.3078125 0.3609375 0.26875 0.3546875 0.259375 0.3546875 0.246875 0.3578125 0.24375 0.3578125 0.2375 0.35625 0.2359375 0.3546875 0.203125 0.3515625 0.2015625 0.35 0.1921875
4 0.41875 0.709375 0.421875 0.7125 0.4234375 0.728125 0.421875 0.79375 0.4234375 0.7953125 0.425 0.8359375 0.4234375 0.840625 0.415625 0.846875 0.4078125 0.8453125 0.396875 0.846875 0.3921875 0.840625 0.3921875 0.81875 0.3890625 0.7953125 0.390625 0.7921875 0.390625 0.775 0.3890625 0.7734375 0.390625 0.771875 0.390625 0.7515625 0.3890625 0.7484375 0.3921875 0.746875 0.3890625 0.74375 0.3921875 0.7421875 0.39375 0.734375 0.3921875 0.7265625 0.396875 0.7171875 0.40625 0.715625 0.4125 0.709375 0.4171875 0.709375
7 0.4921875 0.7171875 0.5109375 0.71875 0.5125 0.7296875 0.515625 0.73125 0.5171875 0.7671875 0.51875 0.76875 0.51875 0.7890625 0.515625 0.7984375 0.515625 0.825 0.4953125 0.8265625 0.4921875 0.778125 0.4890625 0.7703125 0.4890625 0.7484375 0.4859375 0.74375 0.4890625 0.734375 0.4875 0.725 0.4921875 0.71875
1 0.5578125 0.7125 0.575 0.7140625 0.584375 0.7109375 0.5859375 0.7140625 0.5875 0.721875 0.5859375 0.73125 0.5875 0.7640625 0.5859375 0.765625 0.590625 0.8109375 0.590625 0.815625 0.5859375 0.81875 0.5796875 0.8171875 0.571875 0.81875 0.5609375 0.809375 0.5609375 0.7921875 0.5625 0.790625 0.5578125 0.7453125 0.559375 0.734375 0.5578125 0.7140625
3 0.6265625 0.6921875 0.63125 0.69375 0.634375 0.690625 0.6421875 0.690625 0.646875 0.6984375 0.6515625 0.7859375 0.6546875 0.809375 0.6546875 0.821875 0.646875 0.8265625 0.6375 0.821875 0.628125 0.821875 0.625 0.81875 0.6234375 0.809375 0.615625 0.6953125 0.621875 0.690625 0.625 0.6921875
0 0.6888157575658015 0.20604953887624458 0.6659452005723738 0.19654580830757212 0.6384829311435134 0.16674331238147957 0.6173011724475602 0.1587076317756484 0.5856223156770846 0.1593366909918236 0.5549368264124588 0.1741715673794202 0.4588737028074572 0.184061239846052 0.43046206846461404 0.1860479748577518 0.3965425425600805 0.17731686346029582 0.3648636857896049 0.17794592267647097 0.33271014656213777 0.1944695973615423 0.3050047598150617 0.25192192526340357 0.33797492080561237 0.2924422675986518 0.36737992265430536 0.30466134975837356 0.4052621017780962 0.30201236974277385 0.44815974301595957 0.28790967874451834 0.5465476543210951 0.2810297257731693 0.6213958334424186 0.28531268469023435 0.6475667986512039 0.27396577906490355 0.6723028996848726 0.2420993597475194 0.6888929459453934 0.22983627499593054 0.6888157575658015 0.20604953887624458
0 0.7057801935448416 0.47133516691009686 0.6878656572765208 0.46465716209979036 0.657136165420028 0.433496990378173 0.6263734877758104 0.4245451306460838 0.6011187016932832 0.4263111173231503 0.5633303038429467 0.44164267746367203 0.4727916646934978 0.45114604034469546 0.3819384959359614 0.4448099748404811 0.3572355806900175 0.45446808216833734 0.3345194004557733 0.4925378238390367 0.31297333347014533 0.5019751828322596 0.3112513493849459 0.5227154448589463 0.3781410362800301 0.5719668985916504 0.42086886196161144 0.5705652202042586 0.4617666398265647 0.5566023732759933 0.5779386558061899 0.5484788345614875 0.627642423012303 0.556106204285777 0.6663304070950351 0.5422978811917549 0.6940026080543864 0.5070538652794216 0.7061885044263833 0.49985717542025654 0.7104822801475905 0.4932123563976748 0.7057801935448416 0.47133516691009686
0 0.7262326002861472 0.7411353189997895 0.7083180640178266 0.734457314189483 0.6758997738638591 0.7018290925050245 0.6467155203497995 0.6927668586056187 0.6198823101371144 0.6946432194500017 0.5891968208724886 0.7094780958375985 0.48366315248653924 0.7200300133081302 0.40228052850995055 0.713031702800016 0.3820921373198472 0.7192018393656061 0.36865893931964216 0.7312441757825618 0.3391543801077748 0.7856500295914239 0.3820365825485398 0.831821823443404 0.40637518950480905 0.8396367557146018 0.4442573686285998 0.8369877756990022 0.4828349785440153 0.8216010284748222 0.5649130333122288 0.8158615717743561 0.6478740814189753 0.8227495081151538 0.6835155914087083 0.8107403574859232 0.7277778386285804 0.7632332568220008 0.7262326002861472 0.7411353189997895