1 0.51015625 0.57421875 0.015625 0.040625
1 0.50078125 0.48125 0.0140625 0.0390625
1 0.51640625 0.6515625 0.0171875 0.0453125
1 0.5296875 0.75859375 0.0125 0.040625
1 0.48828125 0.38984375 0.0125 0.0453125
1 0.48046875 0.30546875 0.015625 0.05
0 0.4166355688413351 0.018154971996055647 0.4047260653185475 0.041565285836287644 0.42845059750897824 0.05796832111700238 0.5218721093748518 0.0378891404890469 0.510999735757805 0.011556386641881656 0.4166355688413351 0.018154971996055647
0 0.41424709067965493 0.11314757561292307 0.42543368264690046 0.14397386121801548 0.4973301907737347 0.13894636761483534 0.5320215714363566 0.11845849378153664 0.5217776345197074 0.10111280345022564 0.41424709067965493 0.11314757561292307
0 0.5277477831734838 0.18648990685084127 0.4292043028492857 0.19789624231314112 0.42659608119255116 0.22517165121090277 0.454814145140909 0.24126046814141872 0.5353834984333986 0.2311110060799138 0.547607220306385 0.21219422399760904 0.5277477831734838 0.18648990685084127
0 0.4514830119286324 0.32277247648450463 0.554205805660559 0.3065583909140789 0.5385256819353862 0.27604632365918513 0.43580288820345964 0.29226040922961094 0.4514830119286324 0.32277247648450463
0 0.5444958305891627 0.36142342705980074 0.45044588202289165 0.37251554417190197 0.4388505968503028 0.4004193897700611 0.46257512904073356 0.4168224250507757 0.5524457641992762 0.41053805804680044 0.5646694860722625 0.39162127596449564 0.5444958305891627 0.36142342705980074
0 0.5552737293510651 0.45097984386814477 0.4525509356191386 0.4671939294385705 0.44931427726200646 0.48548227482047784 0.4685452776945101 0.5021995284513914 0.5584159128530527 0.4959151614474161 0.5751331664839663 0.4766841610149125 0.5552737293510651 0.45097984386814477
0 0.47231589789689526 0.556121909546517 0.46072061272430637 0.584025755144676 0.4844451449147371 0.6004287904253907 0.5826744068887366 0.5845289232051638 0.5711735965712922 0.5492091058421442 0.47231589789689526 0.556121909546517
0 0.572021776766744 0.6259133640771042 0.4689847646846187 0.6376339178896029 0.4660623246776853 0.6604157950294374 0.4901010752183148 0.6813123620680791 0.5799717103768576 0.6750279950641039 0.5960605273073735 0.646809931115746 0.572021776766744 0.6259133640771042
0 0.4810195368473161 0.7451644617296554 0.47778287849018397 0.7634528071115627 0.5060009424385419 0.7795416240420787 0.6087237361704685 0.7633275384716529 0.587921643986971 0.7241426260511037 0.4810195368473161 0.7451644617296554
0 0.4933685273602123 0.8571885373276349 0.48981765065288146 0.8709833509516152 0.518349932951438 0.8915656996400585 0.6210727266833647 0.8753516140696327 0.6095719163659202 0.8400317967066128 0.4933685273602123 0.8571885373276349