4 0.6015625 0.1609375 0.628125 0.1609375 0.628125 0.1640625 0.6328125 0.165625 0.6328125 0.2515625 0.628125 0.253125 0.628125 0.2703125 0.60625 0.2703125 0.60625 0.1796875 0.6015625 0.178125 0.6015625 0.1625
4 0.6015625 0.43125 0.628125 0.43125 0.628125 0.434375 0.6328125 0.4359375 0.6328125 0.5265625 0.6296875 0.5265625 0.628125 0.53125 0.625 0.53125 0.6234375 0.5359375 0.6203125 0.5359375 0.61875 0.53125 0.60625 0.53125 0.60625 0.4546875 0.6015625 0.453125 0.6015625 0.4328125
4 0.60625 0.703125 0.6234375 0.703125 0.625 0.7078125 0.6328125 0.7078125 0.6328125 0.7921875 0.6296875 0.7921875 0.628125 0.796875 0.615625 0.796875 0.6140625 0.8015625 0.60625 0.8015625 0.60625 0.725 0.6015625 0.7234375 0.6015625 0.7078125 0.6046875 0.7078125 0.60625 0.7046875
7 0.5046875 0.1703125 0.5265625 0.1703125 0.5265625 0.1734375 0.53125 0.175 0.53125 0.2703125 0.528125 0.2703125 0.5265625 0.275 0.509375 0.275 0.509375 0.2671875 0.5046875 0.265625 0.5046875 0.253125 0.509375 0.2515625 0.509375 0.1984375 0.5046875 0.196875 0.5046875 0.171875
7 0.5046875 0.440625 0.5265625 0.440625 0.5265625 0.44375 0.53125 0.4453125 0.53125 0.5359375 0.5265625 0.5375 0.5265625 0.5453125 0.509375 0.5453125 0.509375 0.509375 0.5046875 0.5078125 0.5046875 0.5046875 0.509375 0.503125 0.509375 0.4921875 0.5046875 0.490625 0.5046875 0.4875 0.509375 0.4859375 0.509375 0.4828125 0.5046875 0.48125 0.5046875 0.4421875
7 0.5046875 0.7125 0.521875 0.7125 0.5234375 0.715625 0.53125 0.715625 0.53125 0.815625 0.5234375 0.815625 0.521875 0.8203125 0.5140625 0.8203125 0.5140625 0.8171875 0.509375 0.815625 0.509375 0.803125 0.5046875 0.8015625 0.5046875 0.7984375 0.509375 0.796875 0.509375 0.79375 0.5046875 0.7921875 0.5046875 0.7890625 0.509375 0.7875 0.5078125 0.784375 0.5046875 0.784375 0.5046875 0.7765625 0.509375 0.775 0.509375 0.7671875 0.5046875 0.765625 0.5046875 0.7140625
3 0.3765625 0.428125 0.403125 0.428125 0.403125 0.5546875 0.3765625 0.5546875 0.3765625 0.546875 0.371875 0.5453125 0.371875 0.5328125 0.3765625 0.53125 0.3765625 0.528125 0.371875 0.5265625 0.371875 0.51875 0.3765625 0.5171875 0.3765625 0.4453125 0.371875 0.44375 0.371875 0.4359375 0.3765625 0.434375 0.3765625 0.4296875
3 0.3765625 0.15625 0.403125 0.15625 0.403125 0.2796875 0.4 0.2796875 0.3984375 0.284375 0.3765625 0.284375 0.3765625 0.2671875 0.371875 0.265625 0.371875 0.225 0.3765625 0.2234375 0.3765625 0.1703125 0.371875 0.16875 0.371875 0.165625 0.3765625 0.1640625 0.3765625 0.1578125
3 0.38125 0.6984375 0.39375 0.6984375 0.3953125 0.703125 0.403125 0.703125 0.403125 0.825 0.4 0.825 0.3984375 0.8296875 0.38125 0.8296875 0.38125 0.8265625 0.3765625 0.825 0.3765625 0.7984375 0.371875 0.796875 0.371875 0.7859375 0.3765625 0.784375 0.3765625 0.703125 0.3796875 0.703125 0.38125 0.7
1 0.44921875 0.21875 0.034375 0.103125
1 0.44921875 0.4921875 0.028125 0.109375
1 0.4484375 0.7625 0.03125 0.109375
0 0.6238532110091743 0.28440366972477066 0.6834862385321101 0.22935779816513763 0.6605504587155964 0.17889908256880735 0.6238532110091743 0.1559633027522936 0.4678899082568807 0.16972477064220187 0.38073394495412843 0.15137614678899083 0.3394495412844037 0.16513761467889906 0.29357798165137616 0.2064220183486239 0.29357798165137616 0.22935779816513763 0.353211009174312 0.27981651376146793 0.555045871559633 0.2706422018348624 0.6238532110091743 0.28440366972477066
0 0.6972477064220184 0.5 0.6972477064220184 0.4770642201834862 0.6238532110091743 0.42660550458715596 0.4678899082568807 0.44036697247706424 0.38073394495412843 0.42201834862385323 0.3394495412844037 0.43577981651376146 0.29357798165137616 0.4770642201834862 0.29357798165137616 0.5 0.37155963302752293 0.555045871559633 0.6330275229357799 0.555045871559633 0.6972477064220184 0.5
0 0.6880733944954128 0.7752293577981652 0.6330275229357799 0.7018348623853211 0.3440366972477064 0.706422018348624 0.29357798165137616 0.7522935779816514 0.29357798165137616 0.7752293577981652 0.3623853211009175 0.8256880733944956 0.6376146788990826 0.8256880733944956 0.6880733944954128 0.7752293577981652