7 0.4515625 0.4734375 0.453125 0.475 0.459375 0.4734375 0.509375 0.4734375 0.5109375 0.475 0.5125 0.4734375 0.5328125 0.4734375 0.5390625 0.478125 0.540625 0.4828125 0.540625 0.4921875 0.5375 0.4953125 0.5046875 0.496875 0.503125 0.4984375 0.4703125 0.4984375 0.46875 0.496875 0.4546875 0.4984375 0.4515625 0.496875 0.4109375 0.5015625 0.4015625 0.4984375 0.4015625 0.48125 0.4078125 0.4734375 0.45 0.4734375
7 0.89375 0.475 0.8953125 0.490625 0.8921875 0.4953125 0.7984375 0.496875 0.7671875 0.5 0.7578125 0.4984375 0.75625 0.4921875 0.7578125 0.4796875 0.7625 0.475 0.8546875 0.4734375 0.85625 0.471875 0.8828125 0.471875 0.8921875 0.475
7 0.1375 0.471875 0.1390625 0.4734375 0.1421875 0.471875 0.1734375 0.4734375 0.1828125 0.4828125 0.18125 0.49375 0.15625 0.496875 0.0859375 0.4984375 0.0640625 0.5015625 0.0484375 0.5 0.0453125 0.496875 0.0484375 0.478125 0.053125 0.475 0.1328125 0.4734375 0.1359375 0.471875
4 0.390625 0.3828125 0.465625 0.378125 0.4671875 0.3796875 0.5015625 0.3796875 0.50625 0.38125 0.5125 0.3875 0.509375 0.4015625 0.5046875 0.4046875 0.475 0.4046875 0.4734375 0.403125 0.440625 0.4015625 0.4203125 0.40625 0.390625 0.4078125 0.3890625 0.4046875 0.390625 0.384375
4 0.1171875 0.378125 0.11875 0.3796875 0.1515625 0.38125 0.1546875 0.3859375 0.1546875 0.4015625 0.1515625 0.4046875 0.084375 0.403125 0.0546875 0.4078125 0.0359375 0.4078125 0.034375 0.390625 0.0390625 0.38125 0.115625 0.378125
4 0.825 0.378125 0.8265625 0.3796875 0.83125 0.378125 0.8625 0.38125 0.86875 0.3875 0.86875 0.4015625 0.8625 0.4046875 0.7890625 0.403125 0.7609375 0.4078125 0.746875 0.4078125 0.7453125 0.4046875 0.7453125 0.3875 0.746875 0.3828125 0.75 0.38125 0.7546875 0.3796875 0.784375 0.3796875 0.7859375 0.38125 0.7875 0.3796875 0.8234375 0.378125
3 0.3859375 0.596875 0.3890625 0.5953125 0.4265625 0.5953125 0.428125 0.59375 0.5421875 0.59375 0.55 0.5953125 0.5515625 0.5984375 0.5515625 0.6171875 0.55 0.61875 0.5453125 0.6203125 0.5328125 0.61875 0.5125 0.621875 0.5078125 0.6203125 0.5015625 0.621875 0.3875 0.6203125 0.3828125 0.6125 0.3828125 0.603125 0.3859375 0.5984375
3 0.1953125 0.596875 0.1984375 0.6046875 0.196875 0.61875 0.16875 0.621875 0.1578125 0.6203125 0.1546875 0.621875 0.0328125 0.6203125 0.028125 0.615625 0.0296875 0.6 0.034375 0.5953125 0.0484375 0.59375 0.16875 0.59375 0.19375 0.596875
3 0.7609375 0.59375 0.7625 0.5953125 0.7671875 0.59375 0.878125 0.59375 0.8796875 0.5953125 0.88125 0.59375 0.903125 0.59375 0.9078125 0.5984375 0.9078125 0.6171875 0.9046875 0.6203125 0.8484375 0.6203125 0.846875 0.621875 0.8421875 0.6203125 0.825 0.6203125 0.8234375 0.621875 0.74375 0.6203125 0.740625 0.6171875 0.740625 0.6 0.74375 0.5953125 0.759375 0.59375
1 0.1171875 0.5515625 0.1328125 0.02890625
1 0.47265625 0.553125 0.13671875 0.025
1 0.82890625 0.5546875 0.13515625 0.0296875
0 0.0453125 0.5640625 0.028125 0.6 0.03125 0.6296875 0.0453125 0.653125 0.0953125 0.684375 0.1296875 0.6875 0.1859375 0.6515625 0.1984375 0.6234375 0.1984375 0.5953125 0.1859375 0.5625 0.184375 0.4546875 0.2 0.4171875 0.1984375 0.378125 0.1828125 0.3578125 0.1328125 0.3296875 0.0984375 0.3375 0.0484375 0.359375 0.0390625 0.36875 0.0328125 0.390625 0.0484375 0.475 0.0453125 0.5640625
0 0.453125 0.334375 0.4359375 0.346875 0.4171875 0.3515625 0.4 0.3609375 0.39375 0.3671875 0.390625 0.375 0.3890625 0.41875 0.3921875 0.43125 0.4 0.4421875 0.403125 0.4546875 0.403125 0.4765625 0.4 0.4859375 0.4015625 0.540625 0.4 0.5453125 0.4015625 0.546875 0.396875 0.571875 0.3828125 0.6 0.3828125 0.61875 0.3921875 0.6453125 0.4 0.653125 0.43125 0.66875 0.453125 0.6859375 0.478125 0.6875 0.49375 0.6828125 0.5109375 0.66875 0.5390625 0.653125 0.546875 0.64375 0.5515625 0.63125 0.553125 0.5953125 0.5421875 0.5734375 0.540625 0.540625 0.5390625 0.5390625 0.540625 0.528125 0.5390625 0.5234375 0.540625 0.521875 0.5390625 0.5125 0.5421875 0.5 0.5421875 0.4859375 0.5390625 0.4734375 0.540625 0.4578125 0.5390625 0.45625 0.5421875 0.44375 0.553125 0.4234375 0.5546875 0.384375 0.553125 0.3765625 0.546875 0.365625 0.53125 0.353125 0.51875 0.3484375 0.4953125 0.3328125 0.4859375 0.33125 0.4828125 0.328125 0.471875 0.3296875 0.4703125 0.328125 0.46875 0.328125 0.453125 0.334375
0 0.7953125 0.346875 0.7734375 0.3515625 0.7578125 0.359375 0.7515625 0.365625 0.7453125 0.3828125 0.74375 0.4109375 0.75 0.4328125 0.7578125 0.4484375 0.759375 0.4671875 0.7546875 0.4875 0.75625 0.540625 0.7546875 0.55 0.75625 0.5546875 0.7515625 0.575 0.7390625 0.5984375 0.7390625 0.6171875 0.7453125 0.6390625 0.7578125 0.653125 0.79375 0.671875 0.803125 0.68125 0.809375 0.684375 0.8265625 0.6875 0.8453125 0.684375 0.8671875 0.6671875 0.8953125 0.653125 0.90625 0.6359375 0.909375 0.6203125 0.909375 0.6 0.9078125 0.5921875 0.896875 0.571875 0.8953125 0.5578125 0.896875 0.5171875 0.8953125 0.5140625 0.8984375 0.4890625 0.8953125 0.475 0.8953125 0.45625 0.909375 0.4234375 0.9109375 0.384375 0.9046875 0.3671875 0.9 0.3625 0.8453125 0.3296875 0.834375 0.3296875 0.83125 0.3328125 0.8265625 0.33125 0.81875 0.334375 0.8109375 0.334375 0.80625 0.3375 0.80625 0.3390625 0.7953125 0.346875