1 0.4539138927125587 0.5826528497414225 0.47571382141292495 0.5688975871577792 0.4255355880823292 0.502912600615042 0.4077439976374648 0.5159005749297207 0.4539138927125587 0.5826528497414225
1 0.35949009923817454 0.46645603272080266 0.3793295290952724 0.45119542835033677 0.341979929145056 0.3944496320235146 0.3180784892827427 0.3985958302656569 0.35949009923817454 0.46645603272080266
1 0.2891233490259547 0.35381117179081817 0.30917777812201985 0.33746809962328334 0.2670084126046255 0.27079136045071206 0.2448795558431517 0.2844918635240359 0.2891233490259547 0.35381117179081817
1 0.5462562875534122 0.6748310473105983 0.5630911745808935 0.663483456638509 0.5252551182516915 0.5976490274455278 0.49662003946230104 0.6141551270356261 0.5462562875534122 0.6748310473105983
1 0.6286946171269866 0.7774509431830412 0.6492006410354072 0.7645684304015484 0.6046540434290191 0.6985538635362301 0.5811348579968061 0.7070603167337823 0.6286946171269866 0.7774509431830412
7 0.6750677030279961 0.7414808148901766 0.6966570542334647 0.7288088796035813 0.6545181285386309 0.667759354411148 0.6359681817294089 0.6821463494794842 0.6750677030279961 0.7414808148901766
7 0.5866070225629795 0.6466843679145492 0.6120825098883547 0.6313950427214813 0.5673209130429994 0.5664629436532319 0.5487586319662059 0.5819993334820757 0.5866070225629795 0.6466843679145492
7 0.49706215530093567 0.5516817651880938 0.5169068664020824 0.5364175985735374 0.4730224411029472 0.472780263797213 0.45521235696134116 0.4846357950718569 0.49706215530093567 0.5516817651880938
7 0.4056777662227982 0.4372000079492146 0.42272323074517687 0.4247690899800771 0.3803737275554454 0.36480289208469197 0.36209927187006474 0.3711625358523219 0.4056777662227982 0.4372000079492146
7 0.3304965316874493 0.3146206419293904 0.35386624406384903 0.31016458970680355 0.31278020584350286 0.24369842802912967 0.2935506414965235 0.25166664373088266 0.3304965316874493 0.3146206419293904
3 0.19115174980183963 0.31094230006400136 0.24582809133191233 0.39712971458958934 0.26368186376723046 0.37473299220807277 0.209553052427517 0.30010568636748336 0.19311330231134008 0.30366026796531764 0.19115174980183963 0.31094230006400136
3 0.3181464968992612 0.5112781983064381 0.33320102275581126 0.49171472457034016 0.2769055568220017 0.41666626373995574 0.25864176398375516 0.426630199098981 0.3181464968992612 0.5112781983064381
3 0.4112763855816997 0.6283477651292084 0.42569917895355724 0.6120342732842549 0.37479433142649726 0.5324123454481992 0.3560033672998174 0.5422554538334454 0.4112763855816997 0.6283477651292084
3 0.517836277543562 0.7052922359063883 0.46370660670386943 0.6306693518098686 0.4449156425771895 0.6405124601951148 0.5010013905160807 0.7166398265784777 0.517836277543562 0.7052922359063883
3 0.5823555332926278 0.8190535667000927 0.5981026712789913 0.8074945390331265 0.5478599960591843 0.7302498432860647 0.5270701279636579 0.7352440769490249 0.5823555332926278 0.8190535667000927
0 0.35701325968871833 0.19687735674131615 0.17745096203095662 0.3179936558152714 0.17868319453127807 0.38247657272696933 0.2405876115054551 0.3945095724354001 0.41572816509363275 0.27253377338227114 0.41449593259331124 0.20805085647057328 0.35701325968871833 0.19687735674131615
0 0.484021814443173 0.3225192255848954 0.4406638737265059 0.309502481723575 0.4106954093923069 0.32203245812686954 0.24697684388081834 0.43246202492959346 0.24378733231155572 0.4960854418621177 0.30483224930655906 0.5125401856401325 0.48525404694349444 0.3870021424965932 0.484021814443173 0.3225192255848954
0 0.5783591607521917 0.4509880827134274 0.5234549877851198 0.42654935077541795 0.40468911877492947 0.5181839529732001 0.37115841035032016 0.5254326853277369 0.33947094605777395 0.5468061498701996 0.3335786903772745 0.6007265786843821 0.38762336336517295 0.6295870546919755 0.5716074050925187 0.5093302555971939 0.5783591607521917 0.4509880827134274
0 0.6768697627833629 0.534379999166945 0.605262357690844 0.525049743569751 0.5058628106074485 0.603621596687998 0.4476845362072869 0.6274953222124804 0.4309813040818401 0.6426037985532957 0.42779179251257754 0.7062272154858199 0.48883670950758085 0.7226819592638348 0.6631177631165849 0.6051279042802902 0.6768697627833629 0.534379999166945
0 0.7554876211198246 0.6965038088938023 0.7445524005011613 0.6347236360933413 0.6862102276173948 0.6279718804336681 0.6088348110180926 0.6955302739777507 0.5172104180571485 0.7419636913268025 0.5184426505574699 0.8064466082385003 0.5803470675316469 0.8184796079469312 0.7554876211198246 0.6965038088938023