1 0.4827822222222222 0.56908 0.42176 0.5146177777777778 0.40697333333333335 0.5305466666666667 0.46425777777777777 0.5865066666666666 0.4827822222222222 0.56908
1 0.3672711111111111 0.4732266666666667 0.32041333333333333 0.4252977777777778 0.29804444444444445 0.43381333333333333 0.35092888888888896 0.4917422222222222 0.3672711111111111 0.4732266666666667
1 0.2779155555555556 0.3762844444444445 0.22452 0.31964444444444445 0.20566666666666666 0.33708000000000005 0.2615688888888889 0.3958888888888889 0.2779155555555556 0.3762844444444445
1 0.5852177777777778 0.6442400000000001 0.5361777777777779 0.5876 0.5115511111111111 0.6089777777777778 0.5710488888888888 0.6584 0.5852177777777778 0.6442400000000001
1 0.6876488888888889 0.7259333333333334 0.6320755555555556 0.6703822222222223 0.6108977777777778 0.6830488888888889 0.6702133333333333 0.7422711111111111 0.6876488888888889 0.7259333333333334
7 0.7268800000000001 0.6823644444444446 0.6745733333333334 0.631168888888889 0.6593155555555555 0.6485955555555556 0.7083555555555556 0.6987022222222222 0.7268800000000001 0.6823644444444446
7 0.6266266666666668 0.6039377777777778 0.5710488888888888 0.5494755555555556 0.5559955555555556 0.5680177777777777 0.6048311111111111 0.6235422222222222 0.6266266666666668 0.6039377777777778
7 0.5165644444444445 0.5298666666666667 0.46208 0.4764933333333333 0.44706222222222225 0.4913288888888889 0.5002177777777778 0.5483866666666667 0.5165644444444445 0.5298666666666667
7 0.40432444444444443 0.4394622222222223 0.35201777777777776 0.38935555555555557 0.33551555555555557 0.39895555555555556 0.39015555555555553 0.4547111111111112 0.40432444444444443 0.4394622222222223
7 0.31605777777777777 0.34142666666666666 0.26375111111111116 0.28478666666666663 0.2466266666666667 0.29612444444444447 0.29426222222222226 0.35014222222222224 0.31605777777777777 0.34142666666666666
3 0.2408666666666667 0.4209422222222223 0.1743911111111111 0.35885333333333336 0.15913777777777777 0.3653911111111111 0.15860888888888888 0.37281333333333333 0.2277911111111111 0.4459955555555556 0.2408666666666667 0.4209422222222223
3 0.33022222222222225 0.5211555555555556 0.2615688888888889 0.45906666666666673 0.2457555555555556 0.47215555555555555 0.3193244444444444 0.5429377777777777 0.33022222222222225 0.5211555555555556
3 0.4424622222222222 0.6202755555555556 0.3781688888888889 0.5527422222222222 0.3618222222222222 0.5658133333333334 0.4315644444444445 0.6387911111111111 0.4424622222222222 0.6202755555555556
3 0.4827822222222222 0.631168888888889 0.4664355555555556 0.6442400000000001 0.535088888888889 0.7074133333333334 0.5492577777777778 0.6932533333333334 0.4827822222222222 0.631168888888889
3 0.6462399999999999 0.777128888888889 0.5830355555555555 0.7117733333333334 0.5638400000000001 0.7205244444444444 0.6331644444444444 0.7912888888888888 0.6462399999999999 0.777128888888889
0 0.22222222222222224 0.4444444444444445 0.36888888888888893 0.29333333333333333 0.35555555555555557 0.23111111111111113 0.2977777777777778 0.23111111111111113 0.14666666666666667 0.38222222222222224 0.16 0.4444444444444445 0.22222222222222224 0.4444444444444445
0 0.24444444444444446 0.5422222222222223 0.3066666666666667 0.5466666666666666 0.45777777777777784 0.39111111111111113 0.4444444444444445 0.3288888888888889 0.4 0.3244444444444444 0.37333333333333335 0.34222222222222226 0.23555555555555557 0.48 0.24444444444444446 0.5422222222222223
0 0.3511111111111111 0.6266666666666667 0.40888888888888897 0.6444444444444445 0.5644444444444445 0.49333333333333335 0.56 0.4355555555555556 0.5022222222222222 0.4222222222222222 0.40444444444444444 0.5333333333333334 0.37333333333333335 0.5466666666666666 0.3466666666666667 0.5733333333333334 0.3511111111111111 0.6266666666666667
0 0.46222222222222226 0.7111111111111111 0.5244444444444445 0.7155555555555556 0.6711111111111111 0.5688888888888889 0.6711111111111111 0.49777777777777776 0.6 0.5022222222222222 0.51852 0.5970355555555555 0.4666666666666667 0.6311111111111112 0.4533333333333333 0.6488888888888888 0.46222222222222226 0.7111111111111111
0 0.5555555555555556 0.7288888888888889 0.5688888888888889 0.7911111111111111 0.6311111111111112 0.7911111111111111 0.7777777777777778 0.64 0.7555555555555556 0.5822222222222223 0.6977777777777778 0.5866666666666667 0.6355555555555557 0.6666666666666667 0.5555555555555556 0.7288888888888889