7 0.484375 0.4890625 0.4859375 0.490625 0.5140625 0.490625 0.5171875 0.49375 0.5265625 0.4921875 0.5859375 0.49375 0.5875 0.4953125 0.5875 0.5140625 0.5796875 0.521875 0.5453125 0.5203125 0.53125 0.5171875 0.5140625 0.51875 0.5125 0.5171875 0.484375 0.5171875 0.46875 0.5140625 0.4671875 0.515625 0.4453125 0.5140625 0.4421875 0.5125 0.4390625 0.5046875 0.4390625 0.49375 0.4421875 0.490625 0.45625 0.4921875 0.4828125 0.4890625
7 0.096875 0.4703125 0.128125 0.4734375 0.1578125 0.4734375 0.159375 0.475 0.2046875 0.4734375 0.2078125 0.4765625 0.20625 0.478125 0.2078125 0.48125 0.20625 0.4953125 0.2 0.5 0.1875 0.5015625 0.1859375 0.5 0.1265625 0.4984375 0.125 0.496875 0.096875 0.4984375 0.0953125 0.496875 0.071875 0.496875 0.0625 0.49375 0.059375 0.4921875 0.0578125 0.4875 0.0578125 0.4765625 0.0625 0.4703125 0.06875 0.471875 0.0953125 0.4703125
7 0.95625 0.5109375 0.9671875 0.5140625 0.9703125 0.5171875 0.9703125 0.5234375 0.9640625 0.5390625 0.9328125 0.5390625 0.93125 0.5375 0.925 0.5390625 0.875 0.5375 0.871875 0.5390625 0.86875 0.5359375 0.853125 0.5375 0.83125 0.534375 0.8234375 0.528125 0.821875 0.5234375 0.8234375 0.5140625 0.83125 0.5109375 0.84375 0.5125 0.8515625 0.5109375 0.9484375 0.5125 0.9546875 0.5109375
4 0.4828125 0.590625 0.53125 0.596875 0.553125 0.596875 0.5625 0.5953125 0.5640625 0.5921875 0.5734375 0.59375 0.5953125 0.5921875 0.596875 0.60625 0.59375 0.6203125 0.590625 0.621875 0.571875 0.621875 0.5703125 0.6203125 0.5125 0.621875 0.5109375 0.61875 0.4828125 0.61875 0.46875 0.615625 0.4640625 0.6109375 0.4625 0.603125 0.46875 0.5921875 0.48125 0.590625
4 0.959375 0.6109375 0.9609375 0.6125 0.9765625 0.6125 0.9765625 0.63125 0.975 0.6390625 0.971875 0.6421875 0.9578125 0.640625 0.9421875 0.640625 0.940625 0.6421875 0.9375 0.640625 0.934375 0.6421875 0.9046875 0.640625 0.9 0.6421875 0.8859375 0.6390625 0.853125 0.6375 0.846875 0.63125 0.846875 0.6140625 0.85 0.6109375 0.8953125 0.6125 0.9015625 0.615625 0.9234375 0.615625 0.925 0.6140625 0.9390625 0.615625 0.9421875 0.6125 0.9578125 0.6109375
4 0.2125 0.571875 0.2140625 0.59375 0.209375 0.6015625 0.203125 0.603125 0.184375 0.603125 0.16875 0.6 0.1671875 0.6015625 0.153125 0.6 0.128125 0.6015625 0.11875 0.5984375 0.0953125 0.5984375 0.0828125 0.5921875 0.08125 0.5734375 0.0953125 0.5703125 0.096875 0.571875 0.115625 0.571875 0.1265625 0.575 0.1546875 0.575 0.15625 0.5765625 0.184375 0.575 0.1859375 0.5765625 0.1875 0.5734375 0.2109375 0.571875
3 0.4421875 0.35625 0.44375 0.3578125 0.45625 0.35625 0.4875 0.3578125 0.4890625 0.35625 0.490625 0.3578125 0.51875 0.3578125 0.5796875 0.3640625 0.6078125 0.3640625 0.6125 0.3671875 0.6140625 0.3734375 0.6140625 0.384375 0.6109375 0.390625 0.609375 0.3921875 0.578125 0.3921875 0.5765625 0.390625 0.5484375 0.3921875 0.546875 0.390625 0.51875 0.390625 0.4875 0.3875 0.4578125 0.3875 0.434375 0.384375 0.4328125 0.3640625 0.4359375 0.3578125 0.440625 0.3578125
3 0.85625 0.3765625 0.8578125 0.378125 0.859375 0.3765625 0.8765625 0.3765625 0.8796875 0.3796875 0.990625 0.384375 0.9953125 0.390625 0.99375 0.40625 0.9890625 0.4125 0.9734375 0.4125 0.971875 0.4140625 0.8765625 0.409375 0.875 0.4078125 0.8453125 0.4078125 0.840625 0.4046875 0.815625 0.403125 0.8125 0.3921875 0.815625 0.3765625 0.84375 0.3765625 0.8453125 0.375 0.8546875 0.3765625
3 0.071875 0.3359375 0.103125 0.3390625 0.121875 0.3375 0.1328125 0.340625 0.153125 0.3390625 0.1703125 0.3421875 0.228125 0.3453125 0.23125 0.35 0.23125 0.3578125 0.2265625 0.3734375 0.21875 0.371875 0.190625 0.3734375 0.1890625 0.371875 0.05625 0.365625 0.05 0.359375 0.0515625 0.340625 0.05625 0.3359375 0.0703125 0.3359375
1 0.89921875 0.4578125 0.14375 0.0390625
1 0.5171875 0.43515625 0.1484375 0.034375
1 0.13515625 0.41328125 0.1453125 0.0390625
0 0.9296891045411504 0.31585999376832785 0.8930025645208234 0.310577023790385 0.8306629835732526 0.34595350847932665 0.8156779441598137 0.3754109648142911 0.8140973280316711 0.40557091720620775 0.8256576991674676 0.44146002438706267 0.8212742235869163 0.5571609872298623 0.8024112063094393 0.596496137014561 0.8018914590421253 0.6384727717882309 0.8175054320561982 0.6611330796980276 0.8695425090692408 0.6941030163177533 0.9068437331394008 0.6876571159210618 0.9616907943802524 0.6670093593996025 0.972270983886939 0.6574829139783445 0.9802025636292534 0.634376421257552 0.9681888829070608 0.5430184440106117 0.9765452731341698 0.4476875521171137 0.99699603131519 0.4101157672501962 0.9953133536291275 0.37810463793337945 0.9815505575399547 0.3521810362093776 0.9296891045411504 0.31585999376832785
0 0.5918326611595375 0.6392251412729859 0.5956228270164566 0.6310230007339138 0.5997571161264518 0.5841953312424958 0.5971085063620799 0.5706152839429615 0.589345425858603 0.558447353532732 0.5866968160942311 0.5448673062331977 0.5879261841938976 0.521409565483929 0.591804162057936 0.511531872034195 0.5932020293964401 0.4527997081539047 0.5951410183284591 0.44786086142903764 0.5935532774249161 0.4460974965112564 0.5999849282708067 0.4195520859620211 0.6166455205949077 0.39018244163417565 0.6176992646803361 0.37007580670623125 0.6091387513373875 0.34106453518226243 0.6012000468196724 0.33224771059335706 0.5685671086776221 0.313735941344356 0.5460753000066628 0.29407549122740706 0.5193542654431893 0.29099494620284055 0.5023353003152119 0.2951434848636364 0.48311391023385813 0.3092575289812854 0.4520758377707512 0.3244324419597631 0.4431712011747268 0.3340466993881401 0.43744204638578843 0.3471876866520794 0.43374681731138864 0.3856375915901872 0.44424631958635635 0.4097100163892889 0.4440778203475187 0.44498443952031064 0.44566556125106177 0.4467478044380918 0.44337532429056636 0.45838886280560703 0.44478744117987146 0.4635033335447122 0.4430240762620903 0.46509107444825515 0.44417275713003823 0.4752322039193464 0.4401191552517618 0.4884610031904046 0.43932884718769055 0.503540979386363 0.44197745695206236 0.5171210266858973 0.4394237839702099 0.5337887437853988 0.44101152487375306 0.5355521087031797 0.43695792299547664 0.5487809079742381 0.4240874965282949 0.5699484117630111 0.42021664343965714 0.611749422522443 0.4214531363147239 0.6202149990828723 0.42754066390753886 0.6322951174859827 0.4435936969572071 0.6465776608424693 0.4567346842211461 0.6523068156314077 0.48098985780988646 0.6703795248448136 0.49095536326673955 0.6725819497981897 0.4941308450738255 0.6761086796337519 0.5059475274555789 0.6750478107729231 0.5075352683591218 0.6768111756907041 0.5092108212697839 0.6768989876978232 0.5263175984048803 0.6710748961263654 0.545451176479115 0.6586364049193785 0.5658212474284166 0.6546634902728209 0.5847792014884132 0.645576104887158 0.5918326611595375 0.6392251412729859
0 0.21571137633176957 0.6027119105645831 0.21896754537057425 0.5726397701797854 0.21349470182759261 0.5488307814020408 0.2059950573454727 0.5316361922598253 0.205373248520239 0.5114417453247617 0.21154146334477258 0.4899229935075125 0.2128515186761577 0.4328663825378841 0.21505394362953392 0.4229008770810309 0.213641826740229 0.41778640634192576 0.2198100415647625 0.39626765452467644 0.23453164495684428 0.3718368569216981 0.2355853890422727 0.3517302219937537 0.23011254549929103 0.3279212332160091 0.2174984302780661 0.31213876096309845 0.18001445741826766 0.2900124498714162 0.17048801199700958 0.27943226036472985 0.16396142436859953 0.27572990651492957 0.14570596636555527 0.2714128686152961 0.1254237074233726 0.27371023035119185 0.10100003459579487 0.29091194426880773 0.07004977413980686 0.30441130433662356 0.05735497168686317 0.32222770230407266 0.0531257457943488 0.33880760739645494 0.05198418970180137 0.36058979523506146 0.05322068257686826 0.36905537179549064 0.06380799685895507 0.3914522436839304 0.06469324170554583 0.4066200318870078 0.060734576609788905 0.4500965955571017 0.06223450550621289 0.4535355133855449 0.05747840757098434 0.48016873594189924 0.06003920532823707 0.4954243361520957 0.05898546124280866 0.5155309710800402 0.042061432897350606 0.5499272741398715 0.03819057980871281 0.5917282848993034 0.0439268593730515 0.610510614945062 0.04869008208368057 0.6158007096984053 0.10549038180735207 0.654060741071474 0.11721925218198634 0.6546754251213074 0.12074598201754845 0.6514999433142215 0.12568482874241566 0.6534389322462405 0.13423821730996383 0.6505268864605116 0.14261598186327407 0.6509659464961068 0.14781826460949818 0.6478782766961398 0.1479060766166172 0.6462027237854777 0.1600740070268467 0.6384396432820008 0.18379518379747223 0.6346423526496812 0.2009897729396878 0.6271427081675613 0.20804323261081206 0.6207917445533894 0.21571137633176957 0.6027119105645831