4 0.590625 0.1796875 0.615625 0.1796875 0.615625 0.1828125 0.6203125 0.184375 0.6203125 0.2671875 0.615625 0.26875 0.615625 0.284375 0.59375 0.284375 0.59375 0.196875 0.590625 0.1953125 0.590625 0.18125
4 0.590625 0.4421875 0.615625 0.4421875 0.615625 0.4453125 0.6203125 0.446875 0.6203125 0.534375 0.6171875 0.534375 0.615625 0.5390625 0.6125 0.5390625 0.6109375 0.54375 0.6078125 0.54375 0.60625 0.5390625 0.59375 0.5390625 0.59375 0.465625 0.590625 0.4640625 0.590625 0.44375
4 0.59375 0.70625 0.6109375 0.70625 0.6125 0.7109375 0.6203125 0.7109375 0.6203125 0.79375 0.6171875 0.79375 0.615625 0.7984375 0.603125 0.7984375 0.6015625 0.803125 0.59375 0.803125 0.59375 0.728125 0.590625 0.7265625 0.590625 0.7109375 0.59375 0.7078125
7 0.496875 0.1875 0.5171875 0.1875 0.5171875 0.190625 0.521875 0.1921875 0.521875 0.284375 0.51875 0.284375 0.5171875 0.2890625 0.5 0.2890625 0.5 0.2828125 0.496875 0.28125 0.496875 0.26875 0.5 0.2671875 0.5 0.215625 0.496875 0.2140625 0.496875 0.1890625
7 0.496875 0.4515625 0.5171875 0.4515625 0.5171875 0.4546875 0.521875 0.45625 0.521875 0.54375 0.5171875 0.5453125 0.5171875 0.553125 0.5 0.553125 0.5 0.51875 0.496875 0.5171875 0.496875 0.5140625 0.5 0.5125 0.5 0.5 0.496875 0.4984375 0.5 0.4953125 0.5 0.4921875 0.496875 0.490625 0.496875 0.453125
7 0.496875 0.715625 0.5125 0.715625 0.5140625 0.71875 0.521875 0.71875 0.521875 0.815625 0.5140625 0.815625 0.5125 0.8203125 0.5046875 0.8203125 0.5046875 0.8171875 0.5 0.815625 0.5 0.8046875 0.496875 0.803125 0.496875 0.8 0.5 0.7984375 0.5 0.7953125 0.496875 0.79375 0.496875 0.790625 0.5 0.7890625 0.5 0.7859375 0.496875 0.784375 0.496875 0.778125 0.5 0.7765625 0.5 0.76875 0.496875 0.7671875 0.496875 0.7171875
3 0.371875 0.4375 0.396875 0.4375 0.396875 0.5625 0.371875 0.5625 0.371875 0.5546875 0.3671875 0.553125 0.3671875 0.540625 0.371875 0.5390625 0.371875 0.5359375 0.3671875 0.534375 0.3671875 0.528125 0.371875 0.5265625 0.371875 0.45625 0.3671875 0.4546875 0.3671875 0.446875 0.371875 0.4453125 0.371875 0.4390625
3 0.371875 0.175 0.396875 0.175 0.396875 0.29375 0.39375 0.29375 0.3921875 0.2984375 0.371875 0.2984375 0.371875 0.2828125 0.3671875 0.28125 0.3671875 0.2421875 0.371875 0.240625 0.371875 0.1875 0.3671875 0.184375 0.371875 0.1828125 0.371875 0.1765625
3 0.375 0.7015625 0.3875 0.7015625 0.3890625 0.70625 0.396875 0.70625 0.396875 0.825 0.39375 0.825 0.3921875 0.8296875 0.375 0.8296875 0.375 0.8265625 0.371875 0.825 0.371875 0.8 0.3671875 0.7984375 0.3671875 0.7859375 0.371875 0.784375 0.371875 0.70625 0.375 0.703125
1 0.44140625 0.23515625 0.03359375 0.10078125
1 0.44140625 0.50078125 0.028125 0.10703125
1 0.440625 0.76484375 0.0296875 0.10625
0 0.29017857142857145 0.24553571428571427 0.3482142857142857 0.29464285714285715 0.5446428571428571 0.2857142857142857 0.6116071428571429 0.2991071428571429 0.6696428571428571 0.24553571428571427 0.6473214285714286 0.19642857142857145 0.6116071428571429 0.17410714285714285 0.45982142857142855 0.1875 0.375 0.16964285714285715 0.33482142857142855 0.18303571428571427 0.29017857142857145 0.22321428571428573 0.29017857142857145 0.24553571428571427
0 0.29017857142857145 0.5089285714285714 0.36607142857142855 0.5625 0.6205357142857143 0.5625 0.6830357142857143 0.5089285714285714 0.6830357142857143 0.4866071428571429 0.6116071428571429 0.4375 0.45982142857142855 0.4508928571428571 0.375 0.4330357142857143 0.33482142857142855 0.44642857142857145 0.29017857142857145 0.4866071428571429 0.29017857142857145 0.5089285714285714
0 0.29017857142857145 0.7767857142857143 0.35714285714285715 0.8258928571428571 0.625 0.8258928571428571 0.6741071428571429 0.7767857142857143 0.6205357142857143 0.7053571428571429 0.3392857142857143 0.7098214285714286 0.29017857142857145 0.7544642857142858 0.29017857142857145 0.7767857142857143