1 0.50234375 0.571875 0.0125 0.040625
1 0.5 0.47890625 0.0109375 0.0390625
1 0.503125 0.64765625 0.0140625 0.04296875
1 0.509375 0.7546875 0.009375 0.040625
1 0.49375 0.38828125 0.009375 0.04453125
1 0.49140625 0.30546875 0.01171875 0.0484375
0 0.45777777777777784 0.05777777777777778 0.5511111111111111 0.044444444444444446 0.5422222222222223 0.017777777777777778 0.4488888888888889 0.017777777777777778 0.4355555555555556 0.04 0.45777777777777784 0.05777777777777778
0 0.52 0.14222222222222222 0.5555555555555556 0.12444444444444444 0.5466666666666666 0.10666666666666666 0.44000000000000006 0.11111111111111112 0.4488888888888889 0.14222222222222222 0.52 0.14222222222222222
0 0.47111111111111115 0.24 0.5511111111111111 0.23555555555555557 0.5644444444444445 0.2177777777777778 0.5466666666666666 0.19111111111111112 0.4488888888888889 0.19555555555555557 0.4444444444444445 0.22222222222222224 0.47111111111111115 0.24
0 0.5644444444444445 0.3111111111111111 0.5511111111111111 0.28 0.4488888888888889 0.28888888888888886 0.46222222222222226 0.32 0.5644444444444445 0.3111111111111111
0 0.4666666666666667 0.4133333333333334 0.5555555555555556 0.4133333333333334 0.5688888888888889 0.39555555555555555 0.5511111111111111 0.36444444444444446 0.45777777777777784 0.36888888888888893 0.4444444444444445 0.39555555555555555 0.4666666666666667 0.4133333333333334
0 0.4666666666666667 0.49777777777777776 0.5555555555555556 0.49777777777777776 0.5733333333333334 0.48 0.5555555555555556 0.4533333333333333 0.4533333333333333 0.46222222222222226 0.4488888888888889 0.48 0.4666666666666667 0.49777777777777776
0 0.47555555555555556 0.5955555555555556 0.5733333333333334 0.5866666666666667 0.5644444444444445 0.5511111111111111 0.4666666666666667 0.5511111111111111 0.4533333333333333 0.5777777777777777 0.47555555555555556 0.5955555555555556
0 0.47555555555555556 0.6755555555555556 0.5644444444444445 0.6755555555555556 0.5822222222222223 0.6488888888888888 0.56 0.6266666666666667 0.45777777777777784 0.6311111111111112 0.4533333333333333 0.6533333333333333 0.47555555555555556 0.6755555555555556
0 0.4844444444444445 0.7733333333333333 0.5866666666666667 0.7644444444444445 0.5688888888888889 0.7244444444444444 0.46222222222222226 0.7377777777777779 0.45777777777777784 0.7555555555555556 0.4844444444444445 0.7733333333333333
0 0.48888888888888893 0.8844444444444445 0.5911111111111111 0.8755555555555556 0.5822222222222223 0.8400000000000001 0.4666666666666667 0.8488888888888889 0.46222222222222226 0.8622222222222222 0.48888888888888893 0.8844444444444445