7 0.5203125 0.490625 0.521875 0.4921875 0.53125 0.490625 0.5390625 0.4921875 0.5796875 0.4875 0.5875 0.4890625 0.5890625 0.490625 0.5890625 0.509375 0.5828125 0.5171875 0.5390625 0.5171875 0.5375 0.515625 0.53125 0.5171875 0.4796875 0.5171875 0.478125 0.515625 0.4765625 0.5171875 0.45625 0.5171875 0.45 0.5125 0.4484375 0.5078125 0.4484375 0.496875 0.4515625 0.49375 0.484375 0.4921875 0.4859375 0.490625 0.51875 0.490625
7 0.228125 0.490625 0.2296875 0.496875 0.228125 0.5109375 0.2234375 0.515625 0.1296875 0.5171875 0.128125 0.51875 0.1015625 0.51875 0.0890625 0.515625 0.0875 0.5 0.090625 0.49375 0.1859375 0.4921875 0.21875 0.4890625 0.2265625 0.490625
7 0.8140625 0.5109375 0.8125 0.496875 0.8203125 0.49375 0.9109375 0.490625 0.9328125 0.4875 0.9484375 0.4890625 0.9515625 0.4921875 0.95 0.5078125 0.9484375 0.5125 0.94375 0.515625 0.8421875 0.51875 0.840625 0.5171875 0.821875 0.5171875 0.815625 0.5109375
4 0.515625 0.5859375 0.5171875 0.5875 0.55 0.5890625 0.5828125 0.5828125 0.6015625 0.5828125 0.603125 0.6046875 0.6015625 0.609375 0.5984375 0.6109375 0.559375 0.6109375 0.5296875 0.6140625 0.4875 0.6125 0.4828125 0.6109375 0.4765625 0.6046875 0.4765625 0.596875 0.48125 0.5875 0.5140625 0.5859375
4 0.953125 0.6125 0.9515625 0.6109375 0.8953125 0.6125 0.89375 0.6140625 0.846875 0.6125 0.840625 0.60625 0.840625 0.5890625 0.84375 0.5859375 0.9125 0.5875 0.9421875 0.5828125 0.9609375 0.5828125 0.9625 0.6015625 0.9609375 0.6078125 0.9546875 0.6109375
4 0.146875 0.5859375 0.1484375 0.5875 0.1953125 0.5875 0.225 0.5828125 0.2390625 0.5828125 0.240625 0.6046875 0.2390625 0.609375 0.2359375 0.6109375 0.23125 0.6125 0.2015625 0.6125 0.2 0.6109375 0.175 0.6140625 0.121875 0.6109375 0.115625 0.6046875 0.115625 0.5890625 0.121875 0.5859375 0.1453125 0.5859375
3 0.44375 0.3671875 0.4453125 0.36875 0.4765625 0.365625 0.48125 0.3671875 0.4875 0.365625 0.6046875 0.3671875 0.609375 0.375 0.609375 0.384375 0.60625 0.390625 0.603125 0.3921875 0.5640625 0.3921875 0.5625 0.39375 0.446875 0.39375 0.4390625 0.3921875 0.4375 0.3890625 0.4375 0.3703125 0.4421875 0.36875
3 0.796875 0.36875 0.8265625 0.365625 0.8375 0.3671875 0.840625 0.365625 0.85625 0.365625 0.8578125 0.3671875 0.8875 0.365625 0.8890625 0.3671875 0.9640625 0.3671875 0.96875 0.371875 0.96875 0.3828125 0.9625 0.3921875 0.8265625 0.39375 0.8 0.390625 0.7953125 0.3828125 0.796875 0.3703125
3 0.0765625 0.3921875 0.075 0.3703125 0.078125 0.3671875 0.1359375 0.3671875 0.1375 0.365625 0.1421875 0.3671875 0.159375 0.3671875 0.1609375 0.365625 0.2421875 0.3671875 0.2453125 0.3703125 0.2453125 0.3875 0.2421875 0.3921875 0.228125 0.39375 0.2234375 0.3921875 0.21875 0.39375 0.10625 0.39375 0.1046875 0.3921875 0.103125 0.39375 0.0796875 0.39375 0.078125 0.3921875
1 0.88125 0.43984375 0.134375 0.028125
1 0.51953125 0.43828125 0.1390625 0.025
1 0.1578125 0.43671875 0.1375 0.0296875
0 0.9031746031746032 0.30476190476190484 0.8682539682539682 0.30158730158730157 0.8111111111111111 0.3380952380952381 0.7984126984126985 0.3666666666666667 0.7984126984126985 0.3952380952380953 0.8111111111111111 0.42857142857142866 0.8126984126984127 0.5380952380952382 0.7968253968253969 0.5761904761904761 0.7984126984126985 0.6158730158730159 0.8142857142857143 0.6365079365079366 0.865079365079365 0.6650793650793652 0.9 0.6571428571428571 0.9507936507936507 0.634920634920635 0.9603174603174602 0.6253968253968254 0.9666666666666666 0.6031746031746031 0.9507936507936507 0.5174603174603175 0.9539682539682539 0.42698412698412697 0.9714285714285713 0.39047619047619053 0.9682539682539681 0.36031746031746037 0.9539682539682539 0.33650793650793653 0.9031746031746032 0.30476190476190484
0 0.6 0.6269841269841271 0.6031746031746031 0.6190476190476191 0.6047619047619047 0.5746031746031746 0.6015873015873016 0.5619047619047619 0.5936507936507937 0.5507936507936508 0.5904761904761905 0.5380952380952382 0.5904761904761905 0.5158730158730159 0.5936507936507937 0.5063492063492064 0.5920634920634921 0.4507936507936508 0.5936507936507937 0.44603174603174606 0.5920634920634921 0.4444444444444445 0.5968253968253968 0.41904761904761906 0.611111111111111 0.39047619047619053 0.611111111111111 0.37142857142857144 0.6015873015873016 0.34444444444444444 0.5936507936507937 0.33650793650793653 0.5619047619047619 0.32063492063492066 0.5396825396825398 0.30317460317460326 0.5142857142857143 0.30158730158730157 0.4984126984126984 0.3063492063492064 0.480952380952381 0.32063492063492066 0.4523809523809524 0.33650793650793653 0.4444444444444445 0.346031746031746 0.43968253968253973 0.3587301587301588 0.43809523809523815 0.3952380952380953 0.4492063492063492 0.4174603174603175 0.4507936507936508 0.4507936507936508 0.4523809523809524 0.4523809523809524 0.4507936507936508 0.4634920634920635 0.4523809523809524 0.46825396825396826 0.4507936507936508 0.46984126984126984 0.4523809523809524 0.47936507936507944 0.4492063492063492 0.4920634920634921 0.4492063492063492 0.5063492063492064 0.4523809523809524 0.5190476190476191 0.4507936507936508 0.534920634920635 0.4523809523809524 0.5365079365079366 0.4492063492063492 0.5492063492063493 0.43809523809523815 0.5698412698412698 0.43650793650793657 0.6095238095238095 0.43809523809523815 0.6174603174603175 0.4444444444444445 0.6285714285714287 0.46031746031746035 0.6412698412698413 0.473015873015873 0.6460317460317461 0.49682539682539684 0.6619047619047619 0.5063492063492064 0.6634920634920636 0.5095238095238096 0.6666666666666667 0.5206349206349207 0.6650793650793652 0.5222222222222223 0.6666666666666667 0.5238095238095238 0.6666666666666667 0.5396825396825398 0.6603174603174603 0.5571428571428572 0.6476190476190476 0.5761904761904761 0.6428571428571429 0.5936507936507937 0.6333333333333334 0.6 0.6269841269841271
0 0.24285714285714288 0.611111111111111 0.24444444444444446 0.5825396825396826 0.23809523809523814 0.5603174603174603 0.23015873015873023 0.5444444444444445 0.22857142857142865 0.5253968253968254 0.2333333333333334 0.5047619047619047 0.2317460317460318 0.4507936507936508 0.2333333333333334 0.4412698412698413 0.2317460317460318 0.43650793650793657 0.23650793650793656 0.4158730158730159 0.2492063492063492 0.3920634920634921 0.2492063492063492 0.373015873015873 0.24285714285714288 0.35079365079365077 0.23015873015873023 0.33650793650793653 0.19365079365079368 0.3174603174603175 0.1841269841269842 0.307936507936508 0.17777777777777787 0.30476190476190484 0.16031746031746028 0.30158730158730157 0.1412698412698413 0.30476190476190484 0.11904761904761915 0.32222222222222224 0.09047619047619052 0.33650793650793653 0.07936507936507944 0.35396825396825404 0.07619047619047628 0.36984126984126986 0.07619047619047628 0.39047619047619053 0.07777777777777786 0.39841269841269844 0.08888888888888893 0.41904761904761906 0.09047619047619052 0.4333333333333334 0.08888888888888893 0.4746031746031746 0.09047619047619052 0.47777777777777775 0.08730158730158735 0.5031746031746032 0.09047619047619052 0.5174603174603175 0.09047619047619052 0.5365079365079366 0.07619047619047628 0.5698412698412698 0.0746031746031747 0.6095238095238095 0.08095238095238103 0.6269841269841271 0.08571428571428577 0.6317460317460318 0.1412698412698413 0.6650793650793652 0.15238095238095237 0.6650793650793652 0.15555555555555553 0.6619047619047619 0.16031746031746028 0.6634920634920636 0.16825396825396838 0.6603174603174603 0.1761904761904763 0.6603174603174603 0.18095238095238103 0.6571428571428571 0.18095238095238103 0.6555555555555556 0.1920634920634921 0.6476190476190476 0.21428571428571433 0.6428571428571429 0.23015873015873023 0.634920634920635 0.23650793650793656 0.6285714285714287 0.24285714285714288 0.611111111111111