3 0.63984375 0.525 0.059375 0.1921875
1 0.57890625 0.52265625 0.0421875 0.1515625
7 0.509375 0.50390625 0.046875 0.1625
4 0.41015625 0.50234375 0.0546875 0.2
4 0.36875 0.87734375 0.0515625 0.1921875
4 0.4484375 0.11484375 0.0546875 0.1828125
1 0.5390625 0.89765625 0.0421875 0.153125
1 0.61953125 0.13203125 0.040625 0.1546875
3 0.59921875 0.90703125 0.05 0.1859375
3 0.6796875 0.140625 0.0484375 0.1875
7 0.4671875 0.896875 0.0578125 0.14375
7 0.54921875 0.1296875 0.0453125 0.1640625
0 0.2980040972460577 0.8529119907657879 0.28640158034121665 0.8867683873166795 0.3501067497002933 0.969461789228855 0.5581827511841925 0.9796395015028493 0.5999839911966258 1 0.6096454768168896 1 0.6417225903951274 0.9884198924173322 0.7041007763958914 0.930670341889094 0.7059239472668388 0.9133240297605776 0.6388484139499381 0.8244304099524926 0.5700054778175973 0.8288866825359698 0.35640419566534853 0.7947443263844791 0.2980040972460577 0.8529119907657879
0 0.39651395482619234 0.41312545955711844 0.3151848003812903 0.49811307488726814 0.38623842127966407 0.5874248085484236 0.6056409618843334 0.6046389664244686 0.6521625656147122 0.6212205407469935 0.677246538350849 0.6121650157797396 0.7362590860305199 0.5611785158198769 0.7674713374219245 0.5573422622229958 0.7659241443350482 0.53379573219857 0.697633163770849 0.45646632047616265 0.6517192836641194 0.43410264211079896 0.6186791357650365 0.44232193937191155 0.39651395482619234 0.41312545955711844
0 0.36446618195237857 0.10576622768037111 0.4223700928590347 0.2053878278679923 0.6417726334637041 0.22260198574403728 0.692272324775556 0.23960167391963288 0.7173562975116928 0.23054614895237896 0.7717783083495104 0.17196037071799958 0.7754246500914054 0.1372677464609667 0.7343725589738689 0.06864723575289267 0.7117194807323287 0.0545743445487914 0.44518761277363145 0.026560716393060256 0.36446618195237857 0.10576622768037111