1 0.38144316817302454 0.4840459084933017 0.40067130551692937 0.49757455659752897 0.4529896550303638 0.426224324797914 0.4294697466671188 0.4119515324173909 0.38144316817302454 0.4840459084933017
1 0.28794210280890764 0.6108973034943774 0.3135256397036196 0.6148766845670707 0.3523260747072628 0.5536249697468543 0.3308702630157004 0.537709240816469 0.28794210280890764 0.6108973034943774
1 0.2119536416040826 0.734026279569466 0.23582354393769248 0.7482345086330706 0.2795823837811272 0.6762952582617429 0.25787697347489613 0.6592283838963146 0.2119536416040826 0.734026279569466
1 0.47445660777593546 0.37753853928613174 0.5053218533937212 0.3946195550587682 0.5444721131952369 0.32365988861533196 0.5262954728198294 0.31186394733835654 0.47445660777593546 0.37753853928613174
1 0.5629156321991757 0.27682095304248283 0.5881724669892103 0.2854604792701017 0.6344804928355773 0.2141835819453079 0.6123576254647849 0.20081803859329167 0.5629156321991757 0.27682095304248283
7 0.6218948215723168 0.3023863868940203 0.6419582949041225 0.31739386722046203 0.6857894696469417 0.25146023788350563 0.6625144572656696 0.23833959051346226 0.6218948215723168 0.3023863868940203
7 0.5306950219582168 0.41088224784471433 0.5507930676206064 0.42711606944789543 0.5973506920816424 0.35699031755814487 0.5698798540903166 0.3411489226780174 0.5306950219582168 0.41088224784471433
7 0.4326811687422305 0.516525768963008 0.4519079474289094 0.5288455915013553 0.4975536202287424 0.4601178801794939 0.4760921063290474 0.44419844819184934 0.4326811687422305 0.516525768963008
7 0.3354296692169384 0.6393526312216404 0.35504962735968354 0.645798894248461 0.3991256980844755 0.5810174099219844 0.38070416172709526 0.5680693236345293 0.3354296692169384 0.6393526312216404
7 0.2645041921773922 0.7681489526376657 0.28517335289327417 0.7762940044874307 0.3277800477262292 0.7045996500980757 0.30275816955463203 0.7002797053227454 0.2645041921773922 0.7681489526376657
3 0.15412558011011948 0.7068006174179209 0.1563544843800857 0.7145350645430082 0.17396429525946716 0.7180220943400892 0.23033750364144523 0.6373756657736831 0.2108677515140483 0.6138076762018051 0.15412558011011948 0.7068006174179209
3 0.22399229185064784 0.5820876962392831 0.24366800864328816 0.5923804601250113 0.30234550704622565 0.5112442395946595 0.2859157324611433 0.49064759572297084 0.22399229185064784 0.5820876962392831
3 0.3257374915264204 0.4568852049125078 0.34597352594081443 0.4670392092150578 0.39881326175927306 0.3811228471356352 0.38311817512010926 0.3639826382953858 0.3257374915264204 0.4568852049125078
3 0.47722315376273583 0.26809087882640487 0.41878955176633453 0.35037454173454075 0.4390255861807287 0.36052854603709067 0.4953997941381433 0.2798868201033804 0.47722315376273583 0.26809087882640487
3 0.5046957371340561 0.24775185887417023 0.5269745717820824 0.25269417634149216 0.5791519545540068 0.16932700026500186 0.562132161821775 0.15728516343061716 0.5046957371340561 0.24775185887417023
0 0.1393735048570765 0.6995310031990452 0.33324858136069774 0.8254349500122451 0.3943828064065606 0.8124404693361352 0.3944966483813336 0.7436048852845651 0.205324204573548 0.6167013630347414 0.13948734683184955 0.6306954191474752 0.1393735048570765 0.6995310031990452
0 0.38820395127430696 0.6908763501937497 0.42041804919581593 0.703689428357349 0.4664448007175482 0.688991041295275 0.46655864269232117 0.6201554572437049 0.2716839907520761 0.4895488777346695 0.2068467084470015 0.5082455665432388 0.2114354991680641 0.576081575158185 0.38820395127430696 0.6908763501937497
0 0.34222348118961016 0.47455524618531186 0.3781406363703309 0.4816661162164517 0.5065879415943104 0.5772412740066173 0.5647234403303016 0.5501388952430005 0.5564315923500274 0.4880050947605139 0.3578538831505705 0.36310072338393784 0.300717959851203 0.39490573484339025 0.3080102323948535 0.4523369026300412 0.34222348118961016 0.47455524618531186
0 0.42198683450630475 0.36421414079533465 0.48451619504121385 0.38860717905521586 0.5920535030434644 0.4706032258758519 0.6682952016134578 0.459312651585706 0.6523019946274764 0.38407052845233636 0.46412912625631464 0.26186963889834824 0.39929184395124007 0.2805663277069176 0.4038806346723026 0.3484023363218638 0.42198683450630475 0.36421414079533465
0 0.6765194890559947 0.3592625450492509 0.7386532895384814 0.35097069706897654 0.7491719723415494 0.28483859483999446 0.5599995285337639 0.1579350725901707 0.4941626707920654 0.17192912870290447 0.4940488288172924 0.24076471275447453 0.5926902734550671 0.28860921263694383 0.6765194890559947 0.3592625450492509