3 0.48046875 0.5296875 0.05 0.01015625
1 0.47890625 0.50390625 0.04296875 0.01015625
9 0.4796875 0.48046875 0.0375 0.0078125
4 0.575 0.4484375 0.05 0.009375
0 0.85 0.5359375 0.8640625 0.540625 0.89375 0.509375 0.89375 0.415625 0.884375 0.3984375 0.865625 0.396875 0.8375 0.4171875 0.8375 0.5203125 0.85 0.5359375
0 0.7375 0.5390625 0.75625 0.54375 0.76875 0.5359375 0.784375 0.5125 0.7828125 0.415625 0.7703125 0.4015625 0.75625 0.4015625 0.7328125 0.4140625 0.725 0.425 0.725 0.51875 0.7375 0.5390625
0 0.65 0.5609375 0.6671875 0.553125 0.6828125 0.521875 0.6828125 0.4296875 0.6609375 0.4 0.6578125 0.40625 0.646875 0.40625 0.6265625 0.434375 0.625 0.5296875 0.65 0.5609375
0 0.5609375 0.5484375 0.58125 0.55625 0.590625 0.5515625 0.60625 0.5171875 0.603125 0.425 0.5984375 0.4171875 0.5828125 0.4125 0.565625 0.4171875 0.5484375 0.434375 0.5484375 0.53125 0.5609375 0.5484375
0 0.4515625 0.53125 0.478125 0.5640625 0.4953125 0.553125 0.509375 0.5265625 0.509375 0.43125 0.503125 0.421875 0.484375 0.4171875 0.465625 0.4265625 0.453125 0.446875 0.45625 0.499375 0.4515625 0.53125
0 0.36875 0.5453125 0.3875 0.5625 0.4 0.559375 0.421875 0.534375 0.41875 0.4609375 0.4234375 0.440625 0.415625 0.428125 0.403125 0.4234375 0.390625 0.4234375 0.365625 0.440625 0.3640625 0.53125 0.36875 0.5453125
0 0.2953125 0.55625 0.3171875 0.55625 0.3359375 0.5265625 0.3328125 0.434375 0.31875 0.4234375 0.3015625 0.425 0.278125 0.4484375 0.278125 0.5390625 0.2953125 0.55625
0 0.196875 0.5515625 0.215625 0.559375 0.2296875 0.553125 0.2453125 0.534375 0.2453125 0.4484375 0.2375 0.43125 0.2171875 0.4265625 0.1921875 0.4484375 0.190625 0.540625 0.196875 0.5515625
0 0.1109375 0.5625 0.1265625 0.56875 0.1703125 0.5390625 0.171875 0.453125 0.1640625 0.43125 0.153125 0.421875 0.1390625 0.434375 0.1203125 0.4359375 0.103125 0.4515625 0.1 0.5390625 0.1109375 0.5625
0 0.01875 0.5 0.0140625 0.5109375 0.015625 0.546875 0.0265625 0.5625 0.0421875 0.56875 0.0609375 0.55 0.0734375 0.553125 0.0859375 0.5296875 0.0859375 0.4453125 0.075 0.4265625 0.0734375 0.403125 0.065625 0.4 0.0640625 0.428125 0.0421875 0.428125 0.0390625 0.4375 0.0171875 0.45 0.0109375 0.4859375 0.01875 0.5
1 0.55625 0.49375 0.55625 0.5046875 0.559375 0.5078125 0.559375 0.509375 0.5625 0.5109375 0.56875 0.5078125 0.58125 0.509375 0.5875 0.5015625 0.5859375 0.4953125 0.584375 0.4953125 0.58125 0.4921875 0.575 0.4921875 0.5734375 0.49375 0.56875 0.4921875 0.5625 0.4921875 0.5609375 0.49375 0.55625 0.49375