4 0.3640625 0.746875 0.36875 0.7453125 0.36875 0.728125 0.390625 0.728125 0.390625 0.8234375 0.3953125 0.825 0.3953125 0.8421875 0.36875 0.8421875 0.36875 0.8390625 0.3640625 0.8375 0.3640625 0.7484375
4 0.36875 0.45 0.371875 0.45 0.3734375 0.4453125 0.3765625 0.4453125 0.378125 0.45 0.390625 0.45 0.390625 0.53125 0.3953125 0.5328125 0.3953125 0.55625 0.36875 0.55625 0.36875 0.553125 0.3640625 0.5515625 0.3640625 0.45625 0.3671875 0.45625 0.36875 0.4515625
4 0.36875 0.16875 0.38125 0.16875 0.3828125 0.1640625 0.390625 0.1640625 0.390625 0.2453125 0.3953125 0.246875 0.3953125 0.2640625 0.3921875 0.2640625 0.390625 0.26875 0.3734375 0.26875 0.371875 0.2640625 0.3640625 0.2640625 0.3640625 0.1734375 0.3671875 0.1734375 0.36875 0.1703125
7 0.4984375 0.7328125 0.4984375 0.7453125 0.4921875 0.746875 0.4921875 0.803125 0.4984375 0.8046875 0.4984375 0.8328125 0.475 0.8328125 0.475 0.8296875 0.4703125 0.828125 0.4703125 0.728125 0.475 0.7265625 0.475 0.721875 0.4921875 0.721875 0.4921875 0.73125 0.496875 0.7328125
7 0.4984375 0.475 0.4984375 0.478125 0.4921875 0.4796875 0.4921875 0.4921875 0.4984375 0.49375 0.4984375 0.4984375 0.4921875 0.5 0.49375 0.5046875 0.4984375 0.5046875 0.4984375 0.546875 0.475 0.546875 0.475 0.5421875 0.4703125 0.540625 0.4703125 0.4453125 0.475 0.44375 0.475 0.4359375 0.4921875 0.4359375 0.4921875 0.4734375 0.496875 0.475
7 0.4984375 0.1640625 0.4984375 0.1671875 0.4921875 0.16875 0.49375 0.1734375 0.4984375 0.1734375 0.4984375 0.1765625 0.4921875 0.178125 0.4921875 0.1828125 0.4984375 0.184375 0.4984375 0.1921875 0.4921875 0.19375 0.4921875 0.2015625 0.4984375 0.203125 0.4984375 0.259375 0.4796875 0.259375 0.478125 0.2546875 0.4703125 0.2546875 0.4703125 0.15 0.478125 0.15 0.4796875 0.1453125 0.4875 0.1453125 0.4875 0.1484375 0.4921875 0.15 0.4921875 0.1625 0.496875 0.1640625
3 0.6390625 0.4359375 0.6390625 0.4484375 0.6328125 0.45 0.6328125 0.4546875 0.6390625 0.45625 0.6390625 0.4640625 0.6328125 0.465625 0.6328125 0.540625 0.6390625 0.5421875 0.6390625 0.5515625 0.6328125 0.553125 0.6328125 0.5609375 0.60625 0.5609375 0.60625 0.4265625 0.6328125 0.4265625 0.6328125 0.434375 0.6375 0.4359375
3 0.60625 0.7171875 0.609375 0.7171875 0.6109375 0.7125 0.6328125 0.7125 0.6328125 0.73125 0.6390625 0.7328125 0.6390625 0.775 0.6328125 0.7765625 0.6328125 0.8328125 0.6390625 0.834375 0.6390625 0.8375 0.6328125 0.8390625 0.6328125 0.846875 0.60625 0.846875 0.60625 0.71875
3 0.60625 0.140625 0.6109375 0.1390625 0.6109375 0.134375 0.628125 0.134375 0.628125 0.1390625 0.6328125 0.140625 0.6328125 0.1671875 0.6390625 0.16875 0.6390625 0.1828125 0.6328125 0.184375 0.6328125 0.26875 0.628125 0.2703125 0.628125 0.275 0.615625 0.275 0.6140625 0.26875 0.60625 0.26875 0.60625 0.1421875
1 0.55859375 0.78359375 0.0375 0.109375
1 0.55859375 0.49375 0.03125 0.115625
1 0.559375 0.2078125 0.03125 0.115625
0 0.31067961165048547 0.7718446601941749 0.3349514563106796 0.825242718446602 0.37378640776699024 0.8495145631067962 0.5388349514563107 0.8349514563106796 0.6310679611650485 0.8543689320388349 0.6747572815533981 0.8398058252427184 0.7233009708737864 0.7961165048543689 0.7233009708737864 0.7718446601941749 0.6601941747572816 0.7184466019417476 0.4466019417475728 0.7281553398058251 0.37378640776699024 0.7135922330097088 0.31067961165048547 0.7718446601941749
0 0.2961165048543689 0.5097087378640777 0.37378640776699024 0.5631067961165048 0.5388349514563107 0.5485436893203883 0.6310679611650485 0.5679611650485437 0.6747572815533981 0.5533980582524272 0.7233009708737864 0.5097087378640777 0.7233009708737864 0.48543689320388356 0.6407766990291263 0.42718446601941745 0.36407766990291257 0.42718446601941745 0.2961165048543689 0.48543689320388356 0.2961165048543689 0.5097087378640777
0 0.36407766990291257 0.27184466019417475 0.6699029126213591 0.2669902912621359 0.7233009708737864 0.21844660194174761 0.7233009708737864 0.19417475728155348 0.6504854368932038 0.1407766990291263 0.3592233009708738 0.1407766990291263 0.3058252427184466 0.19417475728155348 0.36407766990291257 0.27184466019417475