3 0.39296875 0.46875 0.03671875 0.175
1 0.45 0.465625 0.025 0.1375
7 0.515625 0.47578125 0.02734375 0.14765625
4 0.60625 0.46796875 0.03125 0.1828125
4 0.60859375 0.11875 0.02890625 0.1765625
4 0.60859375 0.82734375 0.03359375 0.16640625
1 0.45 0.11640625 0.025 0.13984375
1 0.45 0.828125 0.0234375 0.14140625
3 0.39375 0.11328125 0.02890625 0.16953125
3 0.39296875 0.8265625 0.02734375 0.17109375
7 0.515625 0.11015625 0.040625 0.1296875
7 0.51484375 0.82421875 0.0265625 0.14921875
0 0.2952029520295203 0.11827956989247312 0.36531365313653136 0.1935483870967742 0.4280442804428044 0.1827956989247312 0.6273062730627307 0.1935483870967742 0.6752767527675276 0.13440860215053763 0.6826568265682658 0.1021505376344086 0.6162361623616236 0.03225806451612903 0.4243542435424354 0.043010752688172046 0.3800738007380074 0.026881720430107524 0.34686346863468637 0.043010752688172046 0.2952029520295203 0.1021505376344086 0.2952029520295203 0.11827956989247312
0 0.27675276752767525 0.4731182795698925 0.34686346863468637 0.5376344086021505 0.39114391143911437 0.5537634408602151 0.4206642066420664 0.5430107526881721 0.6273062730627307 0.5483870967741936 0.6937269372693727 0.4623655913978495 0.6199261992619925 0.3870967741935484 0.41697416974169743 0.3924731182795699 0.3726937269372694 0.3817204301075269 0.3505535055350554 0.3924731182795699 0.3013286621026788 0.44506783450606263 0.27306273062730624 0.4516129032258065 0.27675276752767525 0.4731182795698925
0 0.30627306273062727 0.8387096774193548 0.3505535055350554 0.8978494623655914 0.3726937269372694 0.9086021505376344 0.6199261992619925 0.9086021505376344 0.6863468634686347 0.8279569892473118 0.6236162361623616 0.7419354838709677 0.4206642066420664 0.7473118279569892 0.3726937269372694 0.7365591397849462 0.3505535055350554 0.7473118279569892 0.30627306273062727 0.8064516129032258 0.30627306273062727 0.8387096774193548