3 0.346875 0.66875 0.3640625 0.6734375 0.36875 0.678125 0.371875 0.6875 0.359375 0.765625 0.35625 0.7984375 0.353125 0.80625 0.34375 0.80625 0.3390625 0.809375 0.3296875 0.809375 0.3140625 0.784375 0.3234375 0.7765625 0.325 0.7671875 0.328125 0.7625 0.3390625 0.675 0.3453125 0.66875
3 0.3890625 0.4 0.4109375 0.403125 0.415625 0.4078125 0.4125 0.415625 0.4015625 0.41875 0.4046875 0.425 0.4046875 0.43125 0.39375 0.4875 0.3953125 0.4984375 0.39375 0.5078125 0.396875 0.5140625 0.3953125 0.5234375 0.396875 0.53125 0.39375 0.5328125 0.3921875 0.5375 0.3796875 0.5375 0.3765625 0.534375 0.3671875 0.5328125 0.3609375 0.534375 0.35625 0.5296875 0.35625 0.51875 0.3609375 0.50625 0.3625 0.4875 0.365625 0.484375 0.375 0.4078125 0.3765625 0.4015625 0.3875 0.4
1 0.409375 0.6890625 0.415625 0.6953125 0.421875 0.6890625 0.428125 0.690625 0.4296875 0.69375 0.415625 0.8015625 0.409375 0.8109375 0.40625 0.8109375 0.40625 0.8078125 0.4015625 0.8046875 0.3953125 0.80625 0.390625 0.8046875 0.3890625 0.8 0.3859375 0.7984375 0.384375 0.790625 0.3859375 0.7796875 0.3921875 0.775 0.3890625 0.7734375 0.3875 0.7453125 0.3921875 0.7234375 0.3953125 0.721875 0.3984375 0.6921875 0.4078125 0.6890625
1 0.453125 0.41875 0.4609375 0.4203125 0.4625 0.434375 0.4578125 0.459375 0.459375 0.4625 0.4578125 0.4796875 0.453125 0.4921875 0.4484375 0.53125 0.4390625 0.53125 0.4359375 0.528125 0.4234375 0.525 0.41875 0.528125 0.421875 0.503125 0.425 0.5 0.428125 0.4890625 0.4359375 0.425 0.4421875 0.4203125 0.4453125 0.421875 0.453125 0.4203125
7 0.4875 0.7046875 0.4921875 0.7078125 0.4984375 0.70625 0.5 0.7078125 0.5 0.71875 0.4890625 0.7859375 0.490625 0.790625 0.4859375 0.809375 0.4578125 0.8046875 0.459375 0.784375 0.4640625 0.78125 0.46875 0.771875 0.4671875 0.7703125 0.4671875 0.7515625 0.4734375 0.70625 0.4765625 0.7046875 0.4765625 0.7015625 0.4859375 0.7046875
7 0.5265625 0.421875 0.5375 0.4296875 0.525 0.5078125 0.525 0.51875 0.51875 0.5296875 0.51875 0.5390625 0.5140625 0.54375 0.503125 0.540625 0.4953125 0.528125 0.496875 0.51875 0.5015625 0.515625 0.5046875 0.5046875 0.5046875 0.484375 0.509375 0.471875 0.5140625 0.428125 0.51875 0.4203125 0.525 0.421875
4 0.6328125 0.4328125 0.6390625 0.4390625 0.6390625 0.446875 0.63125 0.503125 0.628125 0.5109375 0.6265625 0.5359375 0.6234375 0.5421875 0.625 0.54375 0.6234375 0.5578125 0.6203125 0.565625 0.603125 0.5640625 0.5890625 0.559375 0.5890625 0.546875 0.596875 0.521875 0.6015625 0.4890625 0.6015625 0.46875 0.6078125 0.4375 0.6125 0.43125 0.6171875 0.4296875 0.63125 0.4328125
4 0.5921875 0.703125 0.5984375 0.7078125 0.5921875 0.7484375 0.5953125 0.759375 0.5890625 0.7828125 0.584375 0.815625 0.5859375 0.825 0.584375 0.8296875 0.58125 0.83125 0.58125 0.8359375 0.5765625 0.8390625 0.5703125 0.8359375 0.5640625 0.8359375 0.5609375 0.8390625 0.553125 0.8375 0.55 0.83125 0.55 0.8234375 0.5609375 0.778125 0.559375 0.7578125 0.565625 0.7125 0.571875 0.7 0.5796875 0.7 0.584375 0.7046875 0.590625 0.7046875
4 0.6796875 0.15625 0.68125 0.1703125 0.6765625 0.203125 0.675 0.2125 0.671875 0.215625 0.671875 0.225 0.6671875 0.2375 0.665625 0.25625 0.6625 0.2625 0.6625 0.26875 0.659375 0.271875 0.659375 0.2796875 0.65625 0.28125 0.65625 0.284375 0.65 0.2875 0.64375 0.2859375 0.634375 0.2921875 0.628125 0.290625 0.6265625 0.2796875 0.6296875 0.2578125 0.6328125 0.2546875 0.6328125 0.2453125 0.6359375 0.2390625 0.6375 0.2265625 0.640625 0.221875 0.6453125 0.1796875 0.6484375 0.175 0.646875 0.171875 0.6484375 0.1625 0.653125 0.1546875 0.6625 0.1515625 0.678125 0.15625
7 0.5546875 0.153125 0.559375 0.153125 0.5640625 0.15625 0.5703125 0.1546875 0.575 0.15625 0.56875 0.196875 0.56875 0.2171875 0.565625 0.23125 0.5671875 0.240625 0.5609375 0.253125 0.5609375 0.2609375 0.5546875 0.265625 0.55 0.265625 0.5375 0.2609375 0.5390625 0.2484375 0.5359375 0.246875 0.5359375 0.2390625 0.5421875 0.1953125 0.55 0.178125 0.5546875 0.1546875
1 0.484375 0.14375 0.4890625 0.146875 0.4984375 0.1484375 0.5046875 0.1546875 0.5046875 0.16875 0.5 0.18125 0.4953125 0.2234375 0.49375 0.2328125 0.490625 0.2359375 0.4890625 0.25625 0.478125 0.25625 0.475 0.253125 0.465625 0.2515625 0.4609375 0.253125 0.459375 0.25 0.4609375 0.234375 0.4640625 0.23125 0.465625 0.221875 0.4671875 0.2015625 0.4703125 0.196875 0.4765625 0.146875 0.4828125 0.1453125
3 0.4390625 0.13125 0.440625 0.1359375 0.44375 0.1375 0.44375 0.1421875 0.4265625 0.2625 0.421875 0.2640625 0.415625 0.2640625 0.4125 0.2609375 0.4015625 0.2625 0.396875 0.25625 0.396875 0.2515625 0.415625 0.125 0.425 0.1234375 0.43125 0.13125 0.4375 0.13125
0 0.24820838883140803 0.7418205657219856 0.2692697307524236 0.7563308596674627 0.2906109514724625 0.7923310737037246 0.3102816153415475 0.8049958755418463 0.3424159099066968 0.8111621011757396 0.3765968677212587 0.8027655610928456 0.4757548716349122 0.8134012196240233 0.5048804030684878 0.8174945461228488 0.537268340547005 0.8335966892623136 0.5694026351121544 0.8397629148962069 0.6054290850340719 0.8299756967613823 0.6457500325968721 0.7778908595281246 0.6211464058318915 0.7298818288512232 0.5940675376477287 0.7112257366356101 0.5552334957362945 0.7057679679705094 0.5088740866438216 0.7108028932922886 0.4080139893744289 0.6966279310338838 0.33332843279747887 0.6762312902535366 0.3044565442772712 0.6820738812602821 0.2726283643968007 0.708951578302388 0.253237579326739 0.7177766965550518 0.24820838883140803 0.7418205657219856
0 0.28803085456675537 0.4702096793696592 0.30469275530426676 0.4808015820727124 0.32904273915587934 0.5188746952440427 0.35819450647511036 0.5345220243280824 0.3840838677493998 0.5381605367714828 0.4255462084223556 0.5307873283132949 0.5190409145572582 0.5406270622474789 0.6094525078752142 0.5665339434642376 0.6364789042880662 0.5620820305094225 0.6675986271997437 0.5285045861210319 0.6913888534533096 0.5235978591107917 0.6975813149728586 0.5030175671308567 0.640589750729361 0.43890639331449055 0.59712886060671 0.4311483184866093 0.5528195653101449 0.4364713685125004 0.4337285034484134 0.41973421127285854 0.3851597151734653 0.4013579978562685 0.3431157389884005 0.4069994177209571 0.30759657489321873 0.43665847086692394 0.2937422661452239 0.44131155496379604 0.2879783827954446 0.4471016741992309 0.28803085456675537 0.4702096793696592
0 0.3252993712259541 0.1932897237229784 0.34196127196346543 0.2038816264260317 0.3677019338670086 0.24380023170471757 0.3952356161065965 0.2592201537610447 0.4227430624605291 0.2630860732321577 0.456924020275091 0.25468953314926346 0.565790534666603 0.2666896338467164 0.6464936175067003 0.2912320728971999 0.668210944625198 0.28933410901853346 0.6843655595359734 0.28005417671044464 0.7258497781229918 0.2314329166641857 0.6924472689910027 0.17558710350243678 0.6695404349626316 0.16246748760889046 0.6307063930511976 0.15700971894378984 0.5884350098384201 0.16426922388812143 0.5042945856969794 0.1524440584470701 0.42197341777723896 0.1276742123688741 0.38339301877917287 0.13215236120934448 0.3284830696139295 0.17063653260797523 0.3252993712259541 0.1932897237229784