3 0.49921875 0.4765625 0.053125 0.0203125
1 0.503125 0.503125 0.0453125 0.01875
9 0.509375 0.52734375 0.040625 0.015625
4 0.61328125 0.54140625 0.053125 0.01875
0 0.8898734444397542 0.5210778667343978 0.9229059136888574 0.5363673609443025 0.9419038107478663 0.5310045164722267 0.94811834214384 0.5114262328817618 0.9293502442379504 0.41487273942789316 0.8925189386755955 0.3886314726134687 0.8789743195528097 0.39627436197204563 0.8692285367432755 0.41486902393514236 0.8898734444397542 0.5210778667343978
0 0.7724452441362877 0.5355534597669763 0.7826809800131305 0.5452540258444369 0.8093217664307163 0.553435800495147 0.8238047904487967 0.5506205858092634 0.8338633748900957 0.5336351487370645 0.816078898611574 0.4335504038696355 0.7952946252261236 0.41254004682381673 0.780856817940117 0.40699633542344615 0.7624845241446379 0.41557762967731754 0.7536771462303979 0.43899996631310767 0.7724452441362877 0.5355534597669763
0 0.6691872662191367 0.5456046132227736 0.695737619172575 0.5705042400459913 0.7070021934088597 0.5683146286236376 0.7114718497177147 0.5741259249236993 0.7280577671867523 0.5391714291519332 0.7096024709126275 0.44422716058896244 0.6872541893683527 0.41517067908865457 0.6679887074096528 0.41056537258357856 0.6484971417905843 0.447754696509772 0.6691872662191367 0.5456046132227736
0 0.5887260216742461 0.561244694811015 0.6098683134235351 0.5755053506614778 0.6285081921187056 0.5768922073847581 0.6436620361323891 0.5689365163944164 0.6469257026462585 0.5599519870446328 0.6316888561539292 0.46438211521813244 0.6087149713461251 0.43210718393602887 0.5981212171054437 0.4291563190539245 0.5787653016825963 0.4412688647213562 0.5693323205048268 0.46147275157535067 0.5887260216742461 0.561244694811015
0 0.4880608902753612 0.567451795221487 0.5050011106154864 0.5858693057490398 0.526188619096849 0.5917710355132488 0.5445609128923283 0.5831897412593774 0.5491210026653306 0.5722831853869313 0.530040103127676 0.47412046704216493 0.5102394513695937 0.44957885858278557 0.4903483661473641 0.4417551022959139 0.46956037726916267 0.48086645274477 0.48076920522985855 0.5127562356237909 0.4880608902753612 0.567451795221487
0 0.3991955029121431 0.5914055861639086 0.4283839191159212 0.6041022338555472 0.4412577182431036 0.6015998208014286 0.45319311247499156 0.5942697330746165 0.458736823875362 0.57983192578861 0.44984272798972585 0.559850407102233 0.43835950107857463 0.48359123396650616 0.41082552649776805 0.46222285855684875 0.3973261241070559 0.4615068218291718 0.3814562433656953 0.48296191521022563 0.3794437833788853 0.4983833441236004 0.3991955029121431 0.5914055861639086
0 0.3075149008630416 0.6008763530882498 0.33634529870298113 0.6203227019752446 0.3543595741346219 0.6184911089167292 0.3666529867303484 0.6044113199945612 0.3514161402380192 0.5088414481680608 0.32616221054371375 0.4820197948221804 0.3036330620711444 0.48639901766688787 0.2893724062206816 0.5075413094161768 0.3075149008630416 0.6008763530882498
0 0.2190075318636621 0.6180804428353153 0.24913435296273462 0.6356047651996475 0.26911587164911166 0.6267106693140112 0.2737211781541876 0.6074451873553112 0.25651708840712206 0.5189378183559317 0.2366712199169661 0.5027551359828062 0.22093698937182643 0.4991334511050985 0.20319029883987688 0.5109331951407654 0.1989430106986394 0.5234489759041094 0.2190075318636621 0.6180804428353153
0 0.12665610981895722 0.632691686064115 0.14748559993648144 0.6453431170236799 0.16710910025902 0.6431987223333999 0.1840945373312189 0.6532573067746987 0.19348230177691458 0.6414123460069582 0.19714920338669603 0.6173191893755646 0.17833588874873274 0.52912462200795 0.12733436080006236 0.5073077947703067 0.11249331841814354 0.5168727106515464 0.1059207686583313 0.5432006954373672 0.12665610981895722 0.632691686064115
0 0.03846154245134261 0.6515050007020783 0.06349310397803051 0.6599995769845531 0.06858836355041505 0.6690293230664104 0.09111751202298442 0.6646501002217027 0.09835716628564917 0.6933033466260985 0.10577768747660857 0.6885208886854788 0.10269488789103391 0.6640697136902467 0.1102058425461407 0.6425694035771192 0.09331455443084 0.5556712594686375 0.07574873082718511 0.534035299159289 0.06350053496353221 0.5397561619952033 0.04043621669158058 0.5241990828856075 0.02559517430966185 0.5337639987668471 0.01745861639102539 0.5520458590981788 0.023043829030718672 0.5893708332205934 0.03006111512576588 0.5996970025615835 0.024830205357160257 0.6157440347384879 0.03846154245134261 0.6515050007020783
1 0.5916353853170279 0.49888815916191254 0.598072284880619 0.4976369526348532 0.6025871579215478 0.495089322848661 0.6045091844442103 0.49638574610779396 0.6109460840078016 0.4951345395807346 0.6135389305260674 0.49129048653540935 0.6151481554169653 0.4909776849036446 0.6155061737808039 0.48422798370828846 0.6075052660583885 0.47743306578085865 0.5949442685629708 0.48154470372587516 0.5878817657358499 0.4795774604711388 0.5849761175858191 0.48181228862556624 0.585288919217584 0.4834215135164642 0.582696072699318 0.48726556656178943 0.5848856841216719 0.4985301407980741 0.5897133587943653 0.4975917359027796 0.5916353853170279 0.49888815916191254