3 0.61953125 0.5375 0.04375 0.1921875
1 0.5578125 0.54296875 0.03125 0.1515625
7 0.4859375 0.5328125 0.0328125 0.1625
4 0.38671875 0.54296875 0.0375 0.2
4 0.39375 0.915625 0.034375 0.16875
4 0.37734375 0.15 0.040625 0.1828125
1 0.56640625 0.92578125 0.03125 0.146875
1 0.55078125 0.14609375 0.028125 0.1546875
3 0.628125 0.91796875 0.034375 0.159375
3 0.6125 0.14609375 0.034375 0.1875
7 0.49375 0.93203125 0.046875 0.1359375
7 0.4796875 0.1515625 0.03125 0.1640625
0 0.31759635898138594 0.9091280476031798 0.31014903840324326 0.9445575349983741 0.3646417703405657 1 0.5043634338953776 1 0.6831864315523816 0.9968786329652385 0.7334716512718765 0.9371684113051693 0.7331636676288656 0.9195240402141742 0.6551251759185861 0.8385207213149674 0.5867925515018622 0.8514799696878637 0.3688784567407482 0.8435171763837058 0.31759635898138594 0.9091280476031798
0 0.3621028165945087 0.45534101238181257 0.2911758052464201 0.5507110317859552 0.3732459408887821 0.6316439780785601 0.5948836959389674 0.6218920276851211 0.6434687455526279 0.6328104704665611 0.6674532867164473 0.6206253207662861 0.720230849554369 0.5621505121268278 0.7509885359324675 0.5544514686939962 0.7465462471430374 0.5309960131792713 0.6687130778614316 0.4617556083407279 0.6200253670334341 0.44495570852895616 0.5879775380054502 0.45728160344243507 0.3621028165945087 0.45534101238181257
0 0.2922581305356712 0.1506312085101947 0.3624386568104604 0.24353818668326901 0.5840764118606457 0.23378623628983003 0.6366931054063885 0.24463430646466805 0.6606776465702079 0.232449156764393 0.7079281003974879 0.16690865815152067 0.7073121331114661 0.13161991596953052 0.657803132568773 0.06776835991510496 0.6334079465476057 0.056427681494053236 0.3632878030980968 0.06114264613638385 0.2922581305356712 0.1506312085101947