1 0.51953125 0.41484375 0.0125 0.0421875
1 0.51640625 0.51015625 0.0125 0.040625
1 0.521875 0.3359375 0.0140625 0.0453125
1 0.5296875 0.2265625 0.0109375 0.0421875
1 0.5078125 0.60390625 0.0109375 0.046875
1 0.50390625 0.6890625 0.0125 0.05
0 0.4548223089742973 0.9855240203444001 0.5511379126361515 0.9872052154599181 0.5607911687321905 0.9598465853770568 0.46471573580112463 0.9444060183098453 0.4414632215739177 0.9623515630274561 0.4548223089742973 0.9855240203444001
0 0.44733058945535326 0.8890483028620203 0.5573255081586381 0.8955561260255578 0.5668186504341514 0.8773704105771587 0.5304472195373534 0.8583841260261321 0.45706390246165485 0.8571032154619278 0.44733058945535326 0.8890483028620203
0 0.45802458538480806 0.8020657276551539 0.5588465894536306 0.8084134369981658 0.5776727601841319 0.7812149207358301 0.5642336158734895 0.7626289207361172 0.4817574410735916 0.7566014390341562 0.4539184695291535 0.7744669268415043 0.45802458538480806 0.8020657276551539
0 0.4597057805003262 0.7057501239932996 0.5650341849761171 0.7167643475638057 0.5793539552996501 0.6848993170739759 0.47402555082385894 0.6738850935034699 0.4597057805003262 0.7057501239932996
0 0.4703197195195184 0.6233540061036644 0.5665552662711097 0.6296216585364138 0.5854614939118739 0.5978366849568467 0.5720223496012313 0.5792506849571338 0.48029320325660835 0.5776495467518785 0.45704068902940154 0.5955950914694893 0.4703197195195184 0.6233540061036644
0 0.4674144573178053 0.5269583455315475 0.5727428617935962 0.5379725691020535 0.5915690325240976 0.5107740528397177 0.573543430896224 0.49210799592974197 0.4818142845516009 0.4905068577244867 0.4631482276416253 0.5085324593523601 0.4674144573178053 0.5269583455315475
0 0.4827749674747541 0.4354693699177128 0.5836770284538395 0.4372306219434937 0.5934903983704041 0.40069907722617 0.4927484512118442 0.38976491056592677 0.4694959369846373 0.4077104552835375 0.4827749674747541 0.4354693699177128
0 0.4750430772250217 0.35275302438702644 0.5804515386110755 0.35918079064030123 0.603784109748545 0.3366487886054593 0.585918621941197 0.3088098170610214 0.494189475596574 0.307208678855766 0.47085690445910433 0.32974068089060793 0.4750430772250217 0.35275302438702644
0 0.4815509003885592 0.24275810568374157 0.5913857052713186 0.25843884348174145 0.6104520467326082 0.21748095526771222 0.5051236422568172 0.2064667316972062 0.4772846707123793 0.22433221950455415 0.4815509003885592 0.24275810568374157
0 0.48813878046235964 0.12817672966322563 0.6072265568898441 0.13943112396451976 0.6170399268064086 0.1028995792471961 0.5117115223306177 0.09188535567669014 0.4837924938759167 0.11433730080126922 0.48813878046235964 0.12817672966322563