3 0.52578125 0.47265625 0.0515625 0.0171875
1 0.52265625 0.49921875 0.04375 0.015625
9 0.51875 0.52265625 0.0390625 0.0125
4 0.41953125 0.54140625 0.0515625 0.015625
0 0.10180074619606168 0.5478955929319399 0.12038309386052166 0.5521050000209625 0.1514496690975931 0.5356993527482422 0.1659835688813974 0.4322852822783947 0.15565063606441665 0.414854798900078 0.1422093491723376 0.4081722639082025 0.10803441986016807 0.43532585956736414 0.09482178369307324 0.5293386509035892 0.10180074619606168 0.5478955929319399
0 0.20607025344093946 0.5449736037013182 0.21662339686070534 0.5608372072240311 0.230725315561139 0.5628191026490953 0.25599019821747465 0.553587222846039 0.26536607171498783 0.5437201168707373 0.2785787078820826 0.4497073255345123 0.26890640687345646 0.4275762025893841 0.25076448041456617 0.42023303578915394 0.23712838855581161 0.4263057502448935 0.2181564309580004 0.4476068420511005 0.20607025344093946 0.5449736037013182
0 0.32608477615018294 0.5778188292745788 0.33009937827253005 0.5719917310577337 0.3410675372617563 0.5735332052772281 0.3654007662347335 0.5481921057125645 0.38040049286021704 0.45283264512352056 0.35973462722625527 0.4179716783668869 0.34139789580068947 0.4233837610142716 0.32132488518895364 0.45251925209849747 0.30833245962464373 0.5449651635791188 0.32608477615018294 0.5778188292745788
0 0.3875827004520803 0.5608965438879606 0.39118228700496693 0.5693915749743341 0.4061904537526497 0.5762943205689945 0.4240867639726457 0.5740159976328172 0.443744759014921 0.5592026358518101 0.45739781638758564 0.4620560848043776 0.4472850941733898 0.443058721570457 0.4280167090644656 0.4323615844562344 0.4179547981224883 0.4357409604063361 0.3974413663051827 0.46801021120176944 0.3875827004520803 0.5608965438879606
0 0.482476334199445 0.5678416606326404 0.48742259000515054 0.5781237821774026 0.5055645164640408 0.5854669489776327 0.5256883383479953 0.5787081970774293 0.5410861150290291 0.5601004437768597 0.5453514315713948 0.5070128594230039 0.5545443674350182 0.4757091421770423 0.5325318325482378 0.4390610849620199 0.513754679917102 0.44760692732061214 0.49590918096932485 0.47226198944081166 0.482476334199445 0.5678416606326404
0 0.5775393672773759 0.5508431583376943 0.5699759898743608 0.5705519646521882 0.5760487043301004 0.5841880565109427 0.5879231113665755 0.5906503809000333 0.6004581502114055 0.5924120657223126 0.6279505445316995 0.57869975695523 0.6422896393488283 0.4880409359329974 0.6395708952070813 0.4732783854242088 0.6231906535704704 0.4534001797791486 0.6102151935200705 0.45477225466807686 0.5847555058970593 0.4767593839187481 0.5775393672773759 0.5508431583376943
0 0.672534623569178 0.6025417534504187 0.6899905125836042 0.6033971902254489 0.7167968694594342 0.5831971514331664 0.7295690844209591 0.49231811980814877 0.7147557226399519 0.4726601247658736 0.6928194046614995 0.4695771763268848 0.6698328449413411 0.4967053663499371 0.6599741790882387 0.5895916990361283 0.672534623569178 0.6025417534504187
0 0.749701346427113 0.5878215740916495 0.7551134290744976 0.6061583055172155 0.7748222353889918 0.6137216829202305 0.8029752615176404 0.5953087345863366 0.8175345669375542 0.5030830337085003 0.8128085217346334 0.49123403230813434 0.7951070164813131 0.48075710579669667 0.7801242553697396 0.4850427297940475 0.7618129295802831 0.5016431820334433 0.749701346427113 0.5878215740916495
0 0.8287567822878741 0.6165082038481065 0.8384036776603907 0.6274509572012232 0.8542672811831038 0.6168978137814575 0.8732900500531336 0.6179734611592727 0.8927278344926242 0.6047269792338692 0.9081933879597868 0.5174221285256289 0.9005283880123344 0.49237745647207837 0.8857404318674362 0.4839078310218142 0.8376837944576181 0.5075126514003079 0.824005331448844 0.5934708328557293 0.8287567822878741 0.6165082038481065
0 0.970351944070039 0.4957992035721996 0.948906858569375 0.5119592346060255 0.936812240930115 0.5070637900725388 0.9209740430435109 0.5288053030843158 0.9090826704931256 0.6134168152869183 0.9174083022489329 0.6337608477736577 0.9156720230627631 0.6574842562104989 0.9230660011352118 0.6617190689356309 0.9285966718409442 0.6337354421375483 0.9505329898193968 0.6368183905765371 0.9549880131473139 0.6278575326484845 0.9786860159480455 0.6184054422426433 0.9900183792345135 0.5832480479748966 0.984165875381559 0.5680450762605384 0.9904079891678645 0.5577375490796668 0.9939059531763139 0.5214791017979955 0.9851399002149369 0.5042688290224637 0.970351944070039 0.4957992035721996
1 0.4404331598509481 0.48044362750216213 0.43372521922296325 0.48269654480222995 0.42141039098091826 0.4793679801243469 0.4140418185445786 0.48632153699122593 0.41472785598904266 0.49280926701642586 0.41629473584464644 0.4930294776192108 0.4189880743502841 0.49660365853598815 0.4252555937726991 0.4974845009471278 0.42704268423108777 0.49613783169430886 0.43152311319511405 0.49836534335826743 0.43779063261752915 0.4992461857694071 0.4395777230759178 0.4978995165165882 0.444278362642729 0.498560148324943 0.44581983686222343 0.48759198933571674 0.44312649835658585 0.4840178084189395 0.4433467089593708 0.4824509285633357 0.4404331598509481 0.48044362750216213