9 0.6546875 0.815625 0.6609375 0.815625 0.6609375 0.81875 0.6640625 0.8203125 0.6640625 0.8515625 0.6609375 0.853125 0.6609375 0.8734375 0.6578125 0.875 0.6578125 0.884375 0.653125 0.8859375 0.653125 0.8953125 0.6578125 0.896875 0.6578125 0.90625 0.653125 0.9078125 0.653125 0.9171875 0.6515625 0.9171875 0.65 0.9125 0.64375 0.9125 0.64375 0.9078125 0.6375 0.9015625 0.6375 0.8640625 0.640625 0.8625 0.640625 0.853125 0.64375 0.8515625 0.64375 0.8421875 0.6484375 0.840625 0.6484375 0.83125 0.6546875 0.825 0.6546875 0.8171875
7 0.528125 0.465625 0.540625 0.465625 0.540625 0.5015625 0.5375 0.503125 0.5375 0.5078125 0.534375 0.509375 0.534375 0.5125 0.5296875 0.5140625 0.5296875 0.51875 0.5265625 0.5203125 0.5265625 0.5296875 0.5234375 0.53125 0.5234375 0.540625 0.51875 0.5421875 0.51875 0.5625 0.515625 0.5640625 0.515625 0.5671875 0.509375 0.5671875 0.509375 0.5640625 0.50625 0.5625 0.50625 0.5140625 0.509375 0.5125 0.509375 0.509375 0.5140625 0.5078125 0.5140625 0.503125 0.5203125 0.496875 0.5203125 0.4875 0.5234375 0.4875 0.525 0.48125 0.528125 0.4796875 0.528125 0.4671875
1 0.503125 0.4484375 0.5078125 0.4484375 0.5078125 0.453125 0.5125 0.4546875 0.5125 0.475 0.509375 0.475 0.5078125 0.4796875 0.5046875 0.48125 0.5046875 0.490625 0.5015625 0.4921875 0.5015625 0.5015625 0.496875 0.503125 0.496875 0.5078125 0.49375 0.509375 0.49375 0.51875 0.490625 0.5203125 0.490625 0.5625 0.48125 0.5625 0.48125 0.5578125 0.4765625 0.55625 0.4765625 0.4921875 0.48125 0.490625 0.48125 0.4765625 0.484375 0.475 0.484375 0.4703125 0.4921875 0.46875 0.4921875 0.459375 0.4953125 0.4578125 0.4953125 0.4546875 0.5015625 0.4546875 0.503125 0.45
1 0.8046875 0.53125 0.8203125 0.53125 0.8203125 0.5515625 0.8171875 0.553125 0.8171875 0.5625 0.8109375 0.5625 0.809375 0.5671875 0.80625 0.56875 0.80625 0.578125 0.803125 0.5796875 0.803125 0.6109375 0.7984375 0.6125 0.7984375 0.628125 0.7859375 0.628125 0.7859375 0.61875 0.7828125 0.6171875 0.7828125 0.6125 0.7796875 0.6109375 0.7796875 0.590625 0.7828125 0.5890625 0.7828125 0.5796875 0.7859375 0.578125 0.7859375 0.56875 0.790625 0.5671875 0.790625 0.5578125 0.796875 0.5515625 0.796875 0.5421875 0.8 0.540625 0.8 0.5359375 0.803125 0.5359375 0.8046875 0.5328125
1 0.6296875 0.7875 0.646875 0.7875 0.646875 0.7921875 0.65 0.79375 0.65 0.8078125 0.646875 0.809375 0.646875 0.8140625 0.6421875 0.815625 0.6421875 0.81875 0.6390625 0.8203125 0.6390625 0.825 0.6359375 0.8265625 0.6359375 0.8296875 0.63125 0.83125 0.63125 0.8359375 0.628125 0.8375 0.628125 0.8515625 0.625 0.853125 0.625 0.86875 0.621875 0.86875 0.6203125 0.8734375 0.6171875 0.875 0.6171875 0.890625 0.6140625 0.8921875 0.6140625 0.9015625 0.6078125 0.9015625 0.60625 0.8953125 0.596875 0.8953125 0.596875 0.859375 0.6 0.8578125 0.6 0.8484375 0.6046875 0.846875 0.6046875 0.8375 0.6078125 0.8359375 0.6078125 0.8265625 0.6109375 0.825 0.6109375 0.8203125 0.615625 0.81875 0.615625 0.809375 0.621875 0.803125 0.621875 0.7984375 0.6265625 0.796875 0.6296875 0.7890625
3 0.7828125 0.4984375 0.7859375 0.503125 0.7890625 0.503125 0.7890625 0.51875 0.784375 0.5203125 0.778125 0.534375 0.7734375 0.5359375 0.7734375 0.540625 0.7703125 0.5421875 0.7703125 0.5515625 0.7671875 0.553125 0.7671875 0.5625 0.7640625 0.5625 0.7625 0.5671875 0.759375 0.56875 0.759375 0.584375 0.75625 0.5859375 0.75625 0.60625 0.753125 0.60625 0.7515625 0.6109375 0.7421875 0.6109375 0.7421875 0.5796875 0.746875 0.578125 0.746875 0.5578125 0.75 0.55625 0.75 0.546875 0.753125 0.5453125 0.753125 0.5359375 0.75625 0.5359375 0.7578125 0.53125 0.7609375 0.5296875 0.7609375 0.5203125 0.7640625 0.51875 0.7640625 0.5140625 0.7671875 0.5140625 0.76875 0.509375 0.7734375 0.509375 0.775 0.503125 0.78125 0.503125 0.7828125 0.5
3 0.6 0.7546875 0.60625 0.7546875 0.60625 0.759375 0.609375 0.7609375 0.6109375 0.765625 0.6140625 0.765625 0.6140625 0.7703125 0.609375 0.771875 0.609375 0.78125 0.6046875 0.78125 0.603125 0.7859375 0.5984375 0.7875 0.5984375 0.796875 0.5953125 0.7984375 0.5953125 0.803125 0.5890625 0.809375 0.5890625 0.8140625 0.584375 0.815625 0.584375 0.8296875 0.58125 0.83125 0.58125 0.840625 0.578125 0.8421875 0.578125 0.8734375 0.5734375 0.875 0.5734375 0.8796875 0.5640625 0.8796875 0.5640625 0.875 0.5609375 0.8734375 0.5609375 0.8375 0.5640625 0.8359375 0.5640625 0.8203125 0.56875 0.81875 0.56875 0.809375 0.571875 0.8078125 0.571875 0.7984375 0.575 0.796875 0.575 0.7875 0.5796875 0.7859375 0.5859375 0.771875 0.590625 0.7703125 0.590625 0.765625 0.596875 0.7640625 0.6 0.75625
3 0.4703125 0.4046875 0.475 0.4046875 0.4765625 0.4109375 0.4828125 0.4109375 0.4828125 0.425 0.4796875 0.4265625 0.4796875 0.43125 0.471875 0.4328125 0.471875 0.4359375 0.46875 0.4375 0.46875 0.4421875 0.4640625 0.44375 0.4640625 0.446875 0.4609375 0.4484375 0.4609375 0.453125 0.4578125 0.4546875 0.4578125 0.4640625 0.453125 0.465625 0.453125 0.4859375 0.45 0.4875 0.45 0.5125 0.453125 0.5140625 0.453125 0.5453125 0.45 0.546875 0.45 0.5515625 0.44375 0.5515625 0.44375 0.546875 0.4375 0.540625 0.4375 0.53125 0.4328125 0.5296875 0.4328125 0.4984375 0.4375 0.496875 0.4375 0.4484375 0.44375 0.4421875 0.44375 0.4375 0.4515625 0.4359375 0.4515625 0.4328125 0.4546875 0.43125 0.4546875 0.4265625 0.459375 0.425 0.459375 0.421875 0.4625 0.4203125 0.4625 0.415625 0.465625 0.4140625 0.465625 0.4109375 0.4703125 0.409375 0.4703125 0.40625
3 0.8921875 0.3390625 0.9046875 0.3390625 0.9046875 0.3546875 0.9015625 0.35625 0.9015625 0.359375 0.896875 0.3609375 0.896875 0.365625 0.890625 0.371875 0.890625 0.38125 0.8859375 0.3828125 0.8859375 0.3984375 0.8828125 0.4 0.8828125 0.4140625 0.8796875 0.415625 0.8796875 0.4203125 0.8703125 0.4203125 0.8703125 0.39375 0.8734375 0.3921875 0.8734375 0.371875 0.8765625 0.3703125 0.8765625 0.3671875 0.88125 0.365625 0.88125 0.35625 0.884375 0.3546875 0.884375 0.35 0.8875 0.3484375 0.8875 0.3453125 0.8921875 0.34375 0.8921875 0.340625
1 0.925 0.3671875 0.9375 0.3671875 0.9375 0.38125 0.934375 0.3828125 0.934375 0.3921875 0.9296875 0.39375 0.9296875 0.403125 0.9265625 0.4046875 0.9265625 0.4140625 0.9234375 0.415625 0.9234375 0.4203125 0.9203125 0.4203125 0.91875 0.425 0.915625 0.4265625 0.915625 0.43125 0.909375 0.43125 0.909375 0.4265625 0.90625 0.425 0.90625 0.415625 0.909375 0.4140625 0.909375 0.4046875 0.9140625 0.403125 0.9140625 0.39375 0.9203125 0.3875 0.9203125 0.371875 0.9234375 0.371875 0.925 0.36875
4 0.571875 0.4921875 0.578125 0.4921875 0.578125 0.496875 0.58125 0.4984375 0.58125 0.5125 0.578125 0.5140625 0.578125 0.51875 0.575 0.51875 0.5734375 0.5234375 0.5703125 0.525 0.5703125 0.534375 0.5671875 0.5359375 0.5671875 0.5453125 0.5625 0.546875 0.5625 0.5671875 0.559375 0.56875 0.559375 0.60625 0.546875 0.60625 0.546875 0.5640625 0.55 0.5625 0.55 0.5421875 0.553125 0.540625 0.553125 0.53125 0.5578125 0.5296875 0.5578125 0.5140625 0.5640625 0.5078125 0.5640625 0.503125 0.56875 0.5015625 0.571875 0.49375
0 0.46545454545454545 0.40983606557377045 0.4618181818181818 0.40437158469945356 0.45090909090909087 0.40437158469945356 0.44727272727272727 0.40983606557377045 0.43999999999999995 0.40983606557377045 0.43272727272727274 0.42076502732240434 0.4254545454545454 0.42076502732240434 0.41818181818181815 0.43169398907103823 0.41454545454545455 0.42622950819672134 0.41090909090909084 0.43169398907103823 0.4 0.42076502732240434 0.39636363636363636 0.42622950819672134 0.38909090909090904 0.42622950819672134 0.38909090909090904 0.4426229508196721 0.4036363636363636 0.4426229508196721 0.40727272727272723 0.448087431693989 0.41090909090909084 0.448087431693989 0.41818181818181815 0.4590163934426229 0.41818181818181815 0.4699453551912568 0.42181818181818176 0.47540983606557374 0.42181818181818176 0.48633879781420764 0.4290909090909091 0.5027322404371585 0.4290909090909091 0.5136612021857923 0.43272727272727274 0.5136612021857923 0.43999999999999995 0.5245901639344261 0.44363636363636366 0.5245901639344261 0.44727272727272727 0.5300546448087432 0.4545454545454545 0.5300546448087432 0.4581818181818182 0.53551912568306 0.46909090909090906 0.53551912568306 0.47272727272727266 0.5409836065573771 0.4836363636363636 0.5409836065573771 0.4909090909090909 0.5519125683060109 0.4945454545454545 0.5519125683060109 0.49818181818181817 0.5573770491803278 0.5054545454545455 0.5573770491803278 0.5127272727272727 0.5683060109289617 0.52 0.5683060109289617 0.5345454545454544 0.5901639344262295 0.5381818181818182 0.5901639344262295 0.5454545454545454 0.6010928961748634 0.5490909090909091 0.6010928961748634 0.5527272727272727 0.6065573770491803 0.5781818181818181 0.6065573770491803 0.5818181818181818 0.6010928961748634 0.5854545454545454 0.6010928961748634 0.5963636363636363 0.5846994535519126 0.6072727272727272 0.5846994535519126 0.6109090909090908 0.5901639344262295 0.6109090909090908 0.5956284153005464 0.6145454545454545 0.5901639344262295 0.6181818181818182 0.5956284153005464 0.6218181818181818 0.6120218579234973 0.6254545454545454 0.6174863387978142 0.6254545454545454 0.6229508196721312 0.6290909090909091 0.628415300546448 0.6290909090909091 0.6502732240437158 0.6327272727272727 0.6557377049180328 0.6363636363636364 0.6557377049180328 0.6399999999999999 0.6612021857923497 0.6581818181818181 0.6612021857923497 0.6690909090909091 0.6502732240437158 0.6690909090909091 0.6338797814207651 0.6618181818181819 0.6229508196721312 0.6581818181818181 0.6229508196721312 0.6545454545454545 0.6174863387978142 0.6472727272727272 0.6174863387978142 0.6436363636363636 0.6120218579234973 0.6399999999999999 0.5956284153005464 0.6109090909090908 0.5519125683060109 0.6072727272727272 0.53551912568306 0.6036363636363636 0.5300546448087432 0.6036363636363636 0.5191256830601093 0.6 0.5136612021857923 0.6 0.5081967213114754 0.5890909090909091 0.4918032786885246 0.5781818181818181 0.48633879781420764 0.5745454545454545 0.4808743169398907 0.5563636363636364 0.4808743169398907 0.5527272727272727 0.47540983606557374 0.5454545454545454 0.47540983606557374 0.5345454545454544 0.4644808743169399 0.5309090909090909 0.4644808743169399 0.5236363636363637 0.453551912568306 0.5163636363636364 0.453551912568306 0.5127272727272727 0.448087431693989 0.5054545454545455 0.448087431693989 0.49818181818181817 0.4371584699453551 0.4945454545454545 0.4371584699453551 0.4909090909090909 0.43169398907103823 0.4909090909090909 0.42622950819672134 0.4872727272727272 0.42076502732240434 0.4836363636363636 0.42076502732240434 0.4763636363636364 0.40983606557377045 0.47272727272727266 0.40983606557377045 0.46545454545454545 0.40983606557377045
0 0.5054545454545455 0.7595628415300546 0.5018181818181817 0.7650273224043715 0.4872727272727272 0.7650273224043715 0.4836363636363636 0.7704918032786885 0.48 0.7704918032786885 0.4763636363636364 0.7759562841530054 0.4763636363636364 0.7978142076502732 0.48 0.8032786885245902 0.5054545454545455 0.8032786885245902 0.52 0.7814207650273224 0.5309090909090909 0.7814207650273224 0.5381818181818182 0.7923497267759563 0.5418181818181818 0.7923497267759563 0.5454545454545454 0.7978142076502732 0.5454545454545454 0.8306010928961749 0.5636363636363636 0.8579234972677595 0.5636363636363636 0.8633879781420765 0.5672727272727273 0.8633879781420765 0.5745454545454545 0.8743169398907102 0.5781818181818181 0.8743169398907102 0.5818181818181818 0.8797814207650273 0.5927272727272727 0.8797814207650273 0.6036363636363636 0.8907103825136613 0.6109090909090908 0.8907103825136613 0.6145454545454545 0.896174863387978 0.6181818181818182 0.896174863387978 0.6218181818181818 0.9016393442622951 0.6290909090909091 0.9016393442622951 0.6363636363636364 0.9125683060109289 0.6399999999999999 0.9125683060109289 0.6436363636363636 0.9180327868852458 0.6545454545454545 0.9180327868852458 0.6545454545454545 0.907103825136612 0.6581818181818181 0.9016393442622951 0.6581818181818181 0.8797814207650273 0.6618181818181819 0.8743169398907102 0.6581818181818181 0.8688524590163935 0.6581818181818181 0.8524590163934427 0.6618181818181819 0.8469945355191257 0.6618181818181819 0.825136612021858 0.6581818181818181 0.8196721311475409 0.6581818181818181 0.8142076502732241 0.6399999999999999 0.7868852459016393 0.6327272727272727 0.7868852459016393 0.6145454545454545 0.7595628415300546 0.6109090909090908 0.7595628415300546 0.6072727272727272 0.7540983606557377 0.6 0.7540983606557377 0.5963636363636363 0.7486338797814207 0.5709090909090909 0.7486338797814207 0.5599999999999999 0.7595628415300546 0.5563636363636364 0.7595628415300546 0.5527272727272727 0.7650273224043715 0.5381818181818182 0.7650273224043715 0.5345454545454544 0.7595628415300546 0.5236363636363637 0.7595628415300546 0.52 0.7540983606557377 0.5163636363636364 0.7595628415300546 0.5054545454545455 0.7595628415300546
0 0.01818181818181818 0.5683060109289617 0.021818181818181816 0.5737704918032787 0.025454545454545452 0.5737704918032787 0.02909090909090909 0.5792349726775956 0.03272727272727273 0.5792349726775956 0.03636363636363636 0.5846994535519126 0.06909090909090909 0.5846994535519126 0.07636363636363636 0.5737704918032787 0.07999999999999999 0.5737704918032787 0.08363636363636363 0.5683060109289617 0.08363636363636363 0.5628415300546448 0.08727272727272727 0.5573770491803278 0.09454545454545454 0.5573770491803278 0.11272727272727272 0.5846994535519126 0.11636363636363636 0.6010928961748634 0.12 0.6065573770491803 0.12 0.6229508196721312 0.12363636363636363 0.628415300546448 0.13090909090909092 0.628415300546448 0.12727272727272726 0.6229508196721312 0.13818181818181818 0.6065573770491803 0.13454545454545455 0.6010928961748634 0.13454545454545455 0.5901639344262295 0.13090909090909092 0.5846994535519126 0.13090909090909092 0.5792349726775956 0.12363636363636363 0.5683060109289617 0.12363636363636363 0.5628415300546448 0.11636363636363636 0.5519125683060109 0.10545454545454544 0.5464480874316939 0.09090909090909091 0.5245901639344261 0.09090909090909091 0.4972677595628415 0.08727272727272727 0.4918032786885246 0.08727272727272727 0.48633879781420764 0.07999999999999999 0.47540983606557374 0.06909090909090909 0.4699453551912568 0.06545454545454546 0.4644808743169399 0.05454545454545454 0.4644808743169399 0.050909090909090904 0.4590163934426229 0.03272727272727273 0.4590163934426229 0.02909090909090909 0.453551912568306 0.021818181818181816 0.453551912568306 0.01818181818181818 0.448087431693989 0.010909090909090908 0.448087431693989 0.0036363636363636364 0.4371584699453551 0 0.4371584699453551 0 0.4426229508196721 0 0.5519125683060109 0.007272727272727273 0.5628415300546448 0.01818181818181818 0.5683060109289617
0 0.7818181818181817 0.4918032786885246 0.749090909090909 0.4918032786885246 0.7454545454545454 0.4972677595628415 0.7345454545454545 0.4972677595628415 0.7272727272727273 0.5081967213114754 0.7309090909090908 0.5136612021857923 0.7236363636363636 0.5300546448087432 0.7272727272727273 0.53551912568306 0.7272727272727273 0.5792349726775956 0.749090909090909 0.6120218579234973 0.7563636363636363 0.6120218579234973 0.7672727272727272 0.6229508196721312 0.7781818181818181 0.6229508196721312 0.7818181818181817 0.628415300546448 0.7890909090909091 0.628415300546448 0.8 0.6393442622950819 0.8072727272727273 0.6393442622950819 0.8181818181818181 0.6502732240437158 0.8218181818181817 0.6502732240437158 0.8254545454545454 0.644808743169399 0.8254545454545454 0.628415300546448 0.8290909090909091 0.6229508196721312 0.8290909090909091 0.5464480874316939 0.8254545454545454 0.5409836065573771 0.8254545454545454 0.53551912568306 0.8145454545454545 0.5300546448087432 0.8072727272727273 0.5191256830601093 0.8036363636363635 0.5191256830601093 0.7890909090909091 0.4972677595628415 0.7854545454545454 0.4972677595628415 0.7818181818181817 0.4918032786885246