9 0.3625 0.846875 0.36875 0.846875 0.36875 0.85625 0.371875 0.8578125 0.375 0.8640625 0.378125 0.8640625 0.378125 0.871875 0.38125 0.8734375 0.38125 0.8828125 0.3859375 0.8859375 0.3859375 0.8953125 0.390625 0.896875 0.3921875 0.9296875 0.39375 0.93125 0.39375 0.934375 0.3890625 0.9359375 0.3890625 0.940625 0.3859375 0.9421875 0.3859375 0.9453125 0.378125 0.9484375 0.378125 0.953125 0.3765625 0.94375 0.371875 0.9421875 0.371875 0.9328125 0.375 0.93125 0.375 0.9203125 0.3703125 0.91875 0.3703125 0.909375 0.365625 0.9078125 0.365625 0.8875 0.3609375 0.884375 0.359375 0.853125 0.3625 0.8515625 0.3625 0.8484375
7 0.4734375 0.475 0.475 0.490625 0.4765625 0.4921875 0.478125 0.490625 0.478125 0.4953125 0.4828125 0.496875 0.4875 0.5125 0.4921875 0.5140625 0.4921875 0.5171875 0.4953125 0.51875 0.4984375 0.525 0.5015625 0.525 0.5046875 0.5734375 0.5 0.5765625 0.5 0.5796875 0.49375 0.5796875 0.49375 0.5765625 0.490625 0.575 0.4890625 0.553125 0.484375 0.5515625 0.4765625 0.5265625 0.4703125 0.5234375 0.465625 0.5140625 0.4625 0.5140625 0.459375 0.4765625 0.471875 0.475
1 0.4921875 0.45625 0.5 0.45625 0.5015625 0.4609375 0.5078125 0.4609375 0.5078125 0.465625 0.5109375 0.4671875 0.5109375 0.4765625 0.5203125 0.478125 0.5203125 0.4828125 0.5234375 0.484375 0.5234375 0.496875 0.5296875 0.5 0.5328125 0.565625 0.5296875 0.5671875 0.5296875 0.571875 0.5203125 0.5734375 0.5171875 0.5296875 0.5140625 0.528125 0.5125 0.5171875 0.5078125 0.515625 0.5078125 0.5125 0.5046875 0.5109375 0.5046875 0.5015625 0.5 0.4984375 0.5 0.490625 0.4953125 0.4890625 0.490625 0.478125 0.490625 0.4625 0.49375 0.4609375 0.49375 0.4578125
1 0.1765625 0.5640625 0.19375 0.5625 0.19375 0.5671875 0.1984375 0.56875 0.1984375 0.571875 0.2015625 0.5734375 0.20625 0.5890625 0.2109375 0.590625 0.2109375 0.5984375 0.215625 0.6015625 0.215625 0.6109375 0.2203125 0.6125 0.2203125 0.621875 0.225 0.6234375 0.225 0.64375 0.2234375 0.65 0.21875 0.6515625 0.21875 0.6609375 0.20625 0.6625 0.20625 0.646875 0.2 0.6453125 0.2 0.625 0.1984375 0.6140625 0.1953125 0.6125 0.1953125 0.603125 0.1921875 0.6 0.190625 0.6015625 0.1875 0.596875 0.1828125 0.596875 0.1828125 0.5859375 0.178125 0.584375 0.1765625 0.578125 0.1765625 0.565625
1 0.375 0.81875 0.3921875 0.8171875 0.396875 0.821875 0.396875 0.8265625 0.4015625 0.828125 0.4015625 0.83125 0.409375 0.840625 0.409375 0.8484375 0.4140625 0.85 0.4140625 0.853125 0.4171875 0.8546875 0.41875 0.865625 0.4234375 0.8671875 0.4234375 0.875 0.4265625 0.8765625 0.4265625 0.8828125 0.43125 0.8875 0.4328125 0.9265625 0.4265625 0.9265625 0.421875 0.9328125 0.4171875 0.9328125 0.415625 0.9234375 0.4125 0.921875 0.4125 0.9078125 0.4078125 0.9046875 0.4078125 0.9 0.403125 0.8984375 0.403125 0.8859375 0.3984375 0.88125 0.3984375 0.86875 0.39375 0.8671875 0.39375 0.8640625 0.3890625 0.8609375 0.3890625 0.85625 0.384375 0.8546875 0.378125 0.8421875 0.371875 0.8375 0.371875 0.8234375 0.3765625 0.8203125
3 0.2375 0.5484375 0.2421875 0.5640625 0.246875 0.565625 0.246875 0.575 0.2515625 0.5765625 0.2515625 0.5859375 0.25625 0.5875 0.2578125 0.6078125 0.2609375 0.609375 0.2625 0.621875 0.2625 0.640625 0.259375 0.6421875 0.2546875 0.6421875 0.2515625 0.6375 0.2484375 0.6375 0.2484375 0.6234375 0.246875 0.615625 0.24375 0.6140625 0.24375 0.6 0.2390625 0.596875 0.2375 0.5921875 0.234375 0.5921875 0.234375 0.5828125 0.23125 0.58125 0.2296875 0.571875 0.225 0.5703125 0.21875 0.55625 0.2125 0.553125 0.209375 0.5484375 0.209375 0.534375 0.2125 0.5265625 0.215625 0.5328125 0.221875 0.5328125 0.2234375 0.5375 0.2296875 0.5375 0.2296875 0.5421875 0.234375 0.54375 0.2359375 0.5484375
3 0.4140625 0.78125 0.4203125 0.78125 0.425 0.790625 0.43125 0.790625 0.43125 0.79375 0.4375 0.796875 0.4375 0.8015625 0.440625 0.803125 0.44375 0.8109375 0.4484375 0.8125 0.45 0.821875 0.453125 0.8234375 0.453125 0.8328125 0.4578125 0.834375 0.459375 0.8453125 0.4625 0.846875 0.4625 0.859375 0.4671875 0.8640625 0.4671875 0.88125 0.46875 0.8828125 0.46875 0.9015625 0.465625 0.903125 0.4671875 0.90625 0.4578125 0.9078125 0.45625 0.903125 0.4515625 0.9015625 0.45 0.86875 0.446875 0.8671875 0.446875 0.8625 0.4421875 0.85625 0.4421875 0.8421875 0.4359375 0.8390625 0.43125 0.8296875 0.428125 0.8296875 0.428125 0.825 0.425 0.8234375 0.425 0.81875 0.4203125 0.809375 0.4125 0.8078125 0.4125 0.7984375 0.40625 0.7953125 0.40625 0.7921875 0.4109375 0.790625 0.4140625 0.7828125
3 0.5234375 0.409375 0.5296875 0.4078125 0.5375 0.4234375 0.5421875 0.425 0.5421875 0.428125 0.5484375 0.434375 0.5515625 0.434375 0.553125 0.440625 0.5578125 0.440625 0.5578125 0.4453125 0.5625 0.446875 0.5671875 0.4546875 0.56875 0.496875 0.571875 0.5015625 0.575 0.5015625 0.5765625 0.534375 0.571875 0.5359375 0.5734375 0.5453125 0.5703125 0.546875 0.5703125 0.5515625 0.565625 0.5546875 0.565625 0.5578125 0.5609375 0.5578125 0.5609375 0.5546875 0.55625 0.553125 0.5546875 0.54375 0.5546875 0.5203125 0.5578125 0.51875 0.5578125 0.5 0.55625 0.4921875 0.5515625 0.490625 0.5515625 0.478125 0.55 0.46875 0.546875 0.4671875 0.546875 0.459375 0.5421875 0.4578125 0.5375 0.4484375 0.534375 0.446875 0.534375 0.4421875 0.5296875 0.440625 0.5296875 0.4359375 0.521875 0.434375 0.5171875 0.4296875 0.5171875 0.415625 0.5234375 0.4140625 0.525 0.4109375
3 0.0765625 0.371875 0.0890625 0.371875 0.0921875 0.3765625 0.09375 0.375 0.09375 0.3796875 0.0984375 0.3828125 0.0984375 0.3859375 0.103125 0.3875 0.103125 0.396875 0.1109375 0.403125 0.1109375 0.4234375 0.1171875 0.4265625 0.1171875 0.4453125 0.11875 0.446875 0.1171875 0.453125 0.109375 0.453125 0.109375 0.45 0.103125 0.446875 0.103125 0.4328125 0.1 0.43125 0.0984375 0.415625 0.09375 0.4140625 0.09375 0.4046875 0.0859375 0.3984375 0.0859375 0.39375 0.08125 0.3921875 0.08125 0.3890625 0.078125 0.3875 0.0765625 0.3734375
1 0.0625 0.40625 0.0625 0.421875 0.0671875 0.4234375 0.06875 0.428125 0.071875 0.4296875 0.075 0.446875 0.078125 0.4515625 0.08125 0.4515625 0.08125 0.4609375 0.078125 0.4609375 0.0765625 0.465625 0.0734375 0.4671875 0.0703125 0.4625 0.0671875 0.4625 0.0671875 0.4578125 0.0640625 0.45625 0.0640625 0.453125 0.059375 0.4515625 0.0578125 0.440625 0.0546875 0.4390625 0.0546875 0.43125 0.05 0.4265625 0.05 0.4203125 0.0453125 0.41875 0.04375 0.403125 0.0578125 0.4015625 0.0609375 0.40625
4 0.425 0.50625 0.43125 0.50625 0.43125 0.5109375 0.4328125 0.5125 0.4359375 0.5109375 0.4359375 0.515625 0.4390625 0.5171875 0.4390625 0.5203125 0.4421875 0.521875 0.4453125 0.528125 0.4484375 0.528125 0.4484375 0.54375 0.453125 0.5484375 0.453125 0.5546875 0.4578125 0.55625 0.459375 0.5765625 0.4625 0.578125 0.4640625 0.6125 0.465625 0.6140625 0.465625 0.621875 0.4515625 0.6234375 0.45 0.59375 0.4484375 0.584375 0.4453125 0.5828125 0.44375 0.5625 0.440625 0.5609375 0.440625 0.553125 0.434375 0.546875 0.434375 0.540625 0.43125 0.5390625 0.4296875 0.534375 0.4265625 0.534375 0.4265625 0.5296875 0.421875 0.525 0.421875 0.5125 0.425 0.5109375 0.425 0.5078125
0 0.5240567723113204 0.4128823975656094 0.5173489779320573 0.42474283744719177 0.5135987371416068 0.42500507982968844 0.5102448399519751 0.43093529977047973 0.5106411835527941 0.4366032773287742 0.5072872863631626 0.4425334972695653 0.5035370455727121 0.442795739652062 0.49682925119344884 0.45465617953364434 0.4893287696125479 0.4551806642986378 0.48597487242291637 0.4611108842394289 0.4784743908420155 0.4616353690044225 0.4717665964627523 0.4734958088860046 0.4680163556723018 0.4737580512685014 0.45755832050258827 0.48588073353258043 0.45005783892168727 0.4864052182975739 0.44670394173205574 0.492335438238365 0.42795273777980347 0.4936466501508486 0.42459884059017183 0.49957687009163976 0.4137444618196393 0.5060315747974243 0.40368277025074456 0.5238222346197978 0.4040791138515635 0.5294902121780923 0.40072521666193184 0.5354204321188836 0.4015179038635696 0.5467563872354724 0.3981640066739381 0.5526866071762635 0.3956027966859443 0.5699527822336437 0.3687716191688918 0.617394541759973 0.36621040918089803 0.634660716817353 0.36285651199126645 0.6405909367581442 0.35535603041036545 0.6411154215231376 0.35200213322073387 0.6470456414639287 0.3482518924302834 0.6473078838464255 0.3415440980510202 0.6591683237280078 0.3427331288534769 0.6761722564028912 0.35477653842646617 0.68672148437199 0.37352774237871855 0.6854102724595064 0.37688163956835014 0.6794800525187152 0.3806318803588005 0.6792178101362185 0.383985777548432 0.6732875901954274 0.38240040314515644 0.6506156799622496 0.385754300334788 0.6446854600214584 0.38535795673396916 0.6390174824631639 0.38871185392360075 0.6330872625223728 0.39127306391159455 0.6158210874649928 0.39462696110122614 0.6098908675242016 0.39877354549249544 0.6152966026999993 0.3983772018916765 0.6096286251417048 0.40173109908130816 0.6036984052009137 0.4129818214526596 0.6029116780534236 0.4254215746264676 0.6191288835808167 0.42917181541691807 0.6188666411983199 0.4333183998081875 0.6242723763741178 0.45957008534134075 0.622436679696641 0.4629239825309723 0.6165064597558496 0.4666742233214228 0.6162442173733529 0.4733820177006859 0.6043837774917706 0.47713225849113633 0.6041215351092739 0.4905478472496627 0.5804006553461092 0.4980483288305636 0.5798761705811157 0.5047561232098268 0.5680157306995335 0.5122566047907278 0.56749124593454 0.5156105019803593 0.5615610259937489 0.5193607427708098 0.5612987836112522 0.526068537150073 0.5494383437296697 0.5373192595214243 0.5486516165821796 0.5406731567110559 0.5427213966413884 0.5519238790824073 0.5419346694938982 0.5552777762720387 0.5360044495531072 0.5627782578529397 0.5354799647881137 0.5661321550425713 0.5295497448473226 0.5698823958330218 0.529287502464826 0.576590190212285 0.5174270625832437 0.5803404310027355 0.5171648202007469 0.5795477438010976 0.505828865084158 0.5858591945795418 0.4883004476442812 0.5850665073779041 0.47696449252769224 0.5884204045675356 0.471034272586901 0.5876277173658979 0.4596983174703121 0.5943355117451611 0.44783787758872984 0.5980857525356115 0.4475756352062331 0.601439649725243 0.441645415265442 0.6164406128870448 0.44059644573545514 0.6152515820845881 0.42359251306057183 0.6077511005036872 0.42411699782556517 0.6036045161124179 0.41871126264976744 0.5931464809427044 0.4308339449138465 0.5889998965514349 0.42542820973804873 0.5856459993618034 0.43135842967883986 0.5773528305792647 0.42054695932724434 0.5698523489983638 0.4210714440922378 0.5615591802158251 0.4102599737406424 0.5540586986349241 0.4107844585056357 0.5499121142436547 0.40537872332983804 0.5386613918723033 0.40616545047732816 0.5353074946826719 0.4120956704181193 0.5278070131017709 0.41262015518311274 0.5240567723113204 0.4128823975656094
0 0.5040235296775051 0.7731118923281206 0.5006696324878736 0.779042112268912 0.4894189101165221 0.779828839416402 0.48606501292689047 0.7857590593571931 0.47106404976508864 0.78680802888718 0.46691746537381934 0.7814022937113823 0.46316722458336884 0.781664536093879 0.45112381501037957 0.7711153081247801 0.4248721294772263 0.7729510048022572 0.4215182322875948 0.7788812247430483 0.41401775070669383 0.7794057095080417 0.41066385351706225 0.785335929448833 0.4069136127266118 0.7855981718313296 0.39014412677845395 0.8152492715352855 0.3826436451975531 0.815773756300279 0.36587415924939515 0.8454248560042348 0.36627050285021406 0.8510928335625291 0.3629166056605825 0.8570230535033202 0.3645019800638581 0.8796949637364981 0.36864856445512745 0.8851006989122959 0.3698375952575841 0.9021046315871792 0.36648369806795256 0.9080348515279704 0.3706302824592219 0.9134405867037682 0.37221565686249747 0.9361124969369461 0.3763622412537668 0.9415182321127439 0.37715492845540466 0.9528541872293326 0.38840565082675604 0.9520674600818424 0.3917595480163876 0.9461372401410515 0.39550978880683807 0.9458749977585548 0.4022175831861011 0.9340145578769725 0.40971806476700207 0.933490073111979 0.4130719619566337 0.9275598531711878 0.41682220274708415 0.9272976107886912 0.42017609993671573 0.9213673908478999 0.42767658151761667 0.9208429060829065 0.4381346166873302 0.9087202238188272 0.44938533905868167 0.9079334966713372 0.4527392362483133 0.902003276730546 0.4564894770387638 0.9017410343480494 0.4631972714180269 0.889880594466467 0.46694751220847736 0.8896183520839702 0.46655116860765844 0.883950374525676 0.48332065455581635 0.85429927482172 0.48094259295090297 0.8202914094719533 0.48429649014053455 0.8143611895311622 0.48804673093098494 0.8140989471486655 0.4947545253102481 0.8022385072670831 0.5060052476815995 0.8014517801195928 0.5225915852466769 0.823074720822784 0.5488432707798303 0.8212390241453068 0.5521971679694618 0.8153088042045159 0.5506117935661863 0.792636893971338 0.5464652091749169 0.7872311587955402 0.5427149683844664 0.787493401178037 0.5385683839931971 0.7820876660022392 0.5235674208313952 0.7831366355322261 0.5194208364401258 0.7777309003564283 0.5081701140687744 0.7785176275039184 0.5040235296775051 0.7731118923281206
0 0.966402037201395 0.4332118368381443 0.9630481400117633 0.4391420567789354 0.9517974176404118 0.43992878392642554 0.9484435204507804 0.4458590038672168 0.937589141680248 0.45231370857300135 0.9308813473009849 0.4641741484545837 0.9312776909018037 0.4698421260128781 0.927923793712172 0.47577234595366935 0.9299055117162667 0.5041122337451417 0.9164899229577402 0.5278331135083063 0.9056355441872077 0.5342878182140909 0.8989277498079445 0.5461482580956731 0.8993240934087634 0.5518162356539676 0.8926162990295003 0.56367667553555 0.8930126426303191 0.5693446530938445 0.8896587454406877 0.5752748730346356 0.8904514326423254 0.5866108281512246 0.8870975354526941 0.5925410480920157 0.8995372886265021 0.6087582536194088 0.8961833914368704 0.6146884735602001 0.9036838730177713 0.6141639887952066 0.907037770207403 0.6082337688544154 0.9058487394049463 0.5912298361795321 0.9092026365945778 0.5852996162387409 0.9117638465825715 0.5680334411813609 0.9285333325307296 0.538382341477405 0.9360338141116304 0.5378578567124116 0.9401803985028998 0.5432635918882094 0.9405767421037187 0.5489315694465038 0.9447233264949881 0.5543373046223017 0.9484735672854384 0.5540750622398048 0.956766736067977 0.5648865325914004 0.9905189031820314 0.5625263511489299 0.993872800371663 0.5565961312081388 0.9976230411621134 0.5563338888256422 1 0.5521310501869232 1 0.4825396152541256 0.9960076199241799 0.42544592021987615 0.988507138343279 0.4259704049848697 0.9851532411536473 0.4319006249256607 0.966402037201395 0.4332118368381443
0 0.20787756194568247 0.526122883393038 0.1944619731871563 0.5498437631562026 0.19071173239670583 0.5501060055386994 0.18400393801744264 0.5619664454202816 0.1731495592469101 0.5684211501260662 0.173545902847729 0.5740891276843606 0.17019200565809742 0.580019347625152 0.17574081606956193 0.6593710334412742 0.1798874004608313 0.6647767686170719 0.18107643126328798 0.6817807012919553 0.18522301565455737 0.6871864364677531 0.18897325644500784 0.6869241940852564 0.19943129161472148 0.6748015118211773 0.20693177319562245 0.674277027056184 0.21738980836533592 0.6621543447921049 0.2248902899462369 0.6616298600271114 0.22824418713586847 0.6556996400863203 0.2394949095072199 0.65491291293883 0.24995294467693352 0.642790230674751 0.2574534262578344 0.6422657459097577 0.27757680939562385 0.6066844262650107 0.2744060605890727 0.561340605798655 0.2777599577787043 0.5554103858578638 0.26907044539534664 0.538930937947974 0.2724243425849783 0.5330007180071827 0.2641311738024395 0.5221892476555873 0.25288045143108806 0.5229759748030773 0.2487338670398187 0.5175702396272797 0.21498169992576455 0.5199304210697501 0.21162780273613296 0.5258606410105412 0.20787756194568247 0.526122883393038