9 0.4125 0.0421875 0.415625 0.0484375 0.421875 0.0484375 0.4203125 0.053125 0.425 0.05625 0.425 0.0609375 0.428125 0.0625 0.421875 0.1015625 0.41875 0.103125 0.4171875 0.1125 0.4125 0.1140625 0.4109375 0.125 0.40625 0.1296875 0.40625 0.1359375 0.403125 0.1359375 0.396875 0.1421875 0.3953125 0.153125 0.3890625 0.1515625 0.390625 0.146875 0.3859375 0.1453125 0.390625 0.1109375 0.3953125 0.109375 0.3984375 0.0875 0.4 0.0890625 0.4015625 0.0875 0.403125 0.0765625 0.40625 0.0765625 0.409375 0.071875 0.409375 0.065625 0.4046875 0.0640625 0.4046875 0.0609375 0.40625 0.053125 0.4125 0.05 0.4125 0.04375
7 0.509375 0.4390625 0.5140625 0.440625 0.5140625 0.4453125 0.5171875 0.446875 0.5109375 0.4953125 0.509375 0.5 0.5 0.50625 0.496875 0.5140625 0.490625 0.5171875 0.490625 0.5265625 0.4859375 0.5265625 0.484375 0.53125 0.48125 0.5328125 0.4796875 0.5484375 0.465625 0.546875 0.4703125 0.5078125 0.4734375 0.50625 0.475 0.5015625 0.4796875 0.5 0.4796875 0.496875 0.484375 0.4921875 0.4890625 0.490625 0.4890625 0.4828125 0.49375 0.478125 0.4953125 0.4671875 0.496875 0.46875 0.5 0.4671875 0.5015625 0.45 0.503125 0.4453125 0.5078125 0.44375 0.5078125 0.440625
1 0.534375 0.45 0.5453125 0.4515625 0.54375 0.45625 0.546875 0.4578125 0.546875 0.4640625 0.5390625 0.51875 0.5375 0.5265625 0.5328125 0.53125 0.5328125 0.540625 0.53125 0.54375 0.5265625 0.5453125 0.525 0.55 0.5234375 0.5484375 0.51875 0.55 0.5171875 0.5609375 0.5125 0.565625 0.50625 0.5640625 0.5046875 0.5703125 0.4984375 0.56875 0.4984375 0.5640625 0.49375 0.5625 0.496875 0.540625 0.503125 0.5390625 0.503125 0.534375 0.5046875 0.5359375 0.50625 0.534375 0.5078125 0.525 0.5125 0.5234375 0.5140625 0.5125 0.5171875 0.5109375 0.5171875 0.5078125 0.5234375 0.50625 0.5234375 0.496875 0.528125 0.4953125 0.534375 0.4515625
1 0.2125 0.3328125 0.2265625 0.3359375 0.225 0.3453125 0.2296875 0.346875 0.23125 0.353125 0.2296875 0.3734375 0.225 0.3765625 0.225 0.384375 0.2234375 0.3875 0.21875 0.3890625 0.21875 0.3953125 0.2140625 0.3984375 0.2125 0.409375 0.209375 0.409375 0.2078125 0.4140625 0.203125 0.415625 0.2015625 0.425 0.1984375 0.4265625 0.196875 0.43125 0.19375 0.4296875 0.1921875 0.4359375 0.175 0.434375 0.1765625 0.415625 0.18125 0.4109375 0.1828125 0.4 0.1890625 0.4015625 0.190625 0.3953125 0.196875 0.39375 0.196875 0.3859375 0.2015625 0.3828125 0.2046875 0.3515625 0.2109375 0.3484375 0.2125 0.334375
1 0.4515625 0.065625 0.459375 0.0671875 0.4609375 0.0734375 0.4703125 0.075 0.465625 0.109375 0.4640625 0.1140625 0.4609375 0.115625 0.459375 0.125 0.4546875 0.1265625 0.453125 0.1375 0.4515625 0.1359375 0.45 0.1375 0.4484375 0.146875 0.4453125 0.146875 0.44375 0.1515625 0.4375 0.1546875 0.4375 0.1640625 0.4328125 0.165625 0.4328125 0.1703125 0.4296875 0.1703125 0.4234375 0.1765625 0.4234375 0.1796875 0.41875 0.18125 0.4171875 0.1859375 0.4046875 0.184375 0.4015625 0.1828125 0.4015625 0.178125 0.396875 0.1765625 0.3984375 0.1625 0.4046875 0.159375 0.4046875 0.1546875 0.4140625 0.1484375 0.4140625 0.14375 0.41875 0.1390625 0.4203125 0.140625 0.4234375 0.1390625 0.4234375 0.134375 0.428125 0.1296875 0.428125 0.11875 0.4296875 0.115625 0.4328125 0.1171875 0.434375 0.115625 0.4359375 0.1 0.440625 0.096875 0.440625 0.09375 0.4453125 0.0921875 0.446875 0.078125 0.4515625 0.075 0.4515625 0.0671875
3 0.2609375 0.3578125 0.2703125 0.359375 0.2703125 0.365625 0.2671875 0.3875 0.2609375 0.4 0.259375 0.415625 0.2546875 0.4171875 0.2484375 0.4375 0.2453125 0.4375 0.24375 0.4421875 0.2390625 0.4453125 0.2390625 0.453125 0.2328125 0.45625 0.2328125 0.4609375 0.228125 0.465625 0.221875 0.4640625 0.2203125 0.4703125 0.2140625 0.46875 0.2109375 0.475 0.209375 0.475 0.209375 0.4703125 0.20625 0.46875 0.2078125 0.453125 0.2125 0.45 0.2125 0.446875 0.2171875 0.4453125 0.221875 0.4359375 0.2265625 0.434375 0.2265625 0.43125 0.23125 0.428125 0.23125 0.4203125 0.2375 0.41875 0.2375 0.409375 0.2421875 0.40625 0.2421875 0.403125 0.246875 0.4015625 0.2484375 0.3875 0.253125 0.384375 0.2546875 0.365625 0.25625 0.3625 0.259375 0.3640625 0.2609375 0.359375
3 0.4921875 0.0953125 0.503125 0.096875 0.5046875 0.1125 0.5 0.14375 0.4953125 0.146875 0.49375 0.159375 0.4890625 0.1609375 0.4890625 0.1671875 0.4875 0.171875 0.484375 0.1734375 0.4828125 0.1828125 0.48125 0.18125 0.478125 0.1828125 0.4765625 0.19375 0.4734375 0.1953125 0.471875 0.2 0.4671875 0.2015625 0.4640625 0.209375 0.4609375 0.209375 0.4578125 0.2140625 0.4515625 0.2140625 0.45 0.21875 0.4453125 0.221875 0.4453125 0.225 0.4390625 0.225 0.440625 0.2203125 0.4359375 0.21875 0.4359375 0.2125 0.43125 0.2109375 0.4328125 0.20625 0.4375 0.2046875 0.4375 0.1984375 0.4453125 0.196875 0.446875 0.190625 0.45 0.1921875 0.4515625 0.190625 0.453125 0.1796875 0.4625 0.1734375 0.4671875 0.1640625 0.471875 0.1625 0.4734375 0.1484375 0.478125 0.14375 0.478125 0.1359375 0.484375 0.1328125 0.4875 0.1015625 0.4921875 0.096875
3 0.575 0.46875 0.58125 0.46875 0.58125 0.4734375 0.584375 0.4765625 0.5828125 0.478125 0.5875 0.48125 0.5859375 0.4921875 0.5890625 0.49375 0.5859375 0.521875 0.5796875 0.534375 0.575 0.578125 0.56875 0.58125 0.56875 0.5859375 0.5640625 0.590625 0.5578125 0.590625 0.55625 0.5953125 0.553125 0.5953125 0.546875 0.6015625 0.546875 0.60625 0.54375 0.60625 0.5375 0.6125 0.5375 0.6171875 0.534375 0.6171875 0.53125 0.6234375 0.525 0.621875 0.5265625 0.6171875 0.51875 0.6140625 0.5203125 0.5984375 0.5234375 0.5984375 0.5265625 0.59375 0.534375 0.5921875 0.5390625 0.5828125 0.5421875 0.5828125 0.54375 0.578125 0.5484375 0.575 0.5484375 0.571875 0.553125 0.5703125 0.5546875 0.5609375 0.5578125 0.559375 0.559375 0.54375 0.5609375 0.5390625 0.565625 0.5375 0.56875 0.5203125 0.56875 0.509375 0.565625 0.5078125 0.56875 0.4765625 0.575 0.4703125
3 0.1046875 0.5453125 0.103125 0.5671875 0.096875 0.5796875 0.0953125 0.596875 0.0921875 0.596875 0.0859375 0.603125 0.084375 0.6140625 0.08125 0.6140625 0.0796875 0.61875 0.0765625 0.61875 0.0703125 0.628125 0.05625 0.6265625 0.0578125 0.6125 0.0625 0.609375 0.0625 0.60625 0.0671875 0.6046875 0.0671875 0.6 0.0703125 0.6 0.071875 0.5953125 0.0734375 0.596875 0.0765625 0.5953125 0.0765625 0.5890625 0.0828125 0.5765625 0.0828125 0.56875 0.0890625 0.565625 0.090625 0.55 0.09375 0.55 0.096875 0.54375 0.103125 0.5453125
1 0.0578125 0.528125 0.0640625 0.528125 0.0671875 0.534375 0.0671875 0.5421875 0.065625 0.5453125 0.0640625 0.54375 0.0609375 0.5453125 0.0609375 0.553125 0.05625 0.5578125 0.05625 0.5640625 0.0546875 0.5671875 0.05 0.56875 0.05 0.571875 0.0453125 0.5765625 0.04375 0.590625 0.040625 0.590625 0.0390625 0.59375 0.025 0.5921875 0.0265625 0.5765625 0.0296875 0.578125 0.03125 0.5765625 0.0328125 0.565625 0.0375 0.5625 0.0375 0.5546875 0.04375 0.5515625 0.04375 0.54375 0.0578125 0.5296875
4 0.4671875 0.3921875 0.4796875 0.3953125 0.475 0.4359375 0.4703125 0.440625 0.4671875 0.4625 0.4625 0.4640625 0.4609375 0.4734375 0.4578125 0.475 0.45625 0.490625 0.4515625 0.4921875 0.45 0.496875 0.4484375 0.4953125 0.446875 0.496875 0.446875 0.5015625 0.440625 0.503125 0.440625 0.5078125 0.4375 0.509375 0.4375 0.5125 0.43125 0.5125 0.43125 0.5078125 0.4265625 0.50625 0.428125 0.490625 0.4328125 0.490625 0.4375 0.4796875 0.44375 0.4765625 0.44375 0.46875 0.4484375 0.465625 0.4484375 0.4578125 0.4546875 0.4546875 0.45625 0.4359375 0.4609375 0.43125 0.4625 0.4234375 0.465625 0.39375
0 0.5661327418749293 0.6235010404933898 0.5755869508734501 0.6128079861017951 0.583384337241494 0.6139038372904569 0.5928385462400148 0.6032107828988621 0.5959088281087983 0.6096531612833214 0.6006359326080586 0.6043066340875239 0.6106751895296474 0.6177393164507737 0.6154022940289079 0.6123927892549762 0.6231996803969518 0.6134886404436382 0.6256849143426673 0.595805282073253 0.6100901416065796 0.5936135796959291 0.607019859737796 0.5871712013114697 0.6031211665537741 0.5866232757171388 0.5969806028162072 0.5737385189482201 0.5986374254466842 0.5619496133679632 0.5955671435779009 0.555507234983504 0.5972239662083778 0.543718329403247 0.5919118137860494 0.5249391198442 0.5935686364165264 0.5131502142639432 0.5896699432325044 0.5126022886696122 0.5835293794949376 0.4997175319006935 0.5796306863109156 0.49916960630636253 0.5765604044421322 0.4927272279219033 0.5687630180740882 0.4916313767332413 0.5656927362053048 0.48518899834878193 0.5539966566532389 0.483545221565789 0.5509263747844556 0.47710284318132967 0.5392302952323897 0.47545906639833674 0.533089731494823 0.46257430962941803 0.5291910383108009 0.4620263840350871 0.5261207564420175 0.4555840056506277 0.5183233700739737 0.4544881544619658 0.5121828063364069 0.441603397693047 0.504385419968363 0.4405075465043852 0.4921042924932292 0.4147380329665477 0.48820559930920726 0.4141901073722168 0.48206503557164027 0.40130535060329803 0.4781663423876184 0.40075742500896705 0.4750960605188349 0.39431504662450767 0.4478052082306815 0.3904795674641909 0.4430781037314211 0.3958260946599884 0.4391794105473991 0.3952781690656574 0.42499809704961783 0.4113177506530496 0.413302017497552 0.40967397387005666 0.4102317356287686 0.40323159548559745 0.41106014694400705 0.39733714269546905 0.4063330424447467 0.4026836698912664 0.4032627605759632 0.3962412915068071 0.4018493013376568 0.37801000754209085 0.3987790194688733 0.3715676291576316 0.3996074307841118 0.36567317636750324 0.3965371489153283 0.3592307979830438 0.3998507941762823 0.33565298682253025 0.3967805123074989 0.3292106084380708 0.3928818191234769 0.3286626828437399 0.3898115372546934 0.3222203044592805 0.37031807133458383 0.31948067648762574 0.3569651691520411 0.3296258052848896 0.3544799352063256 0.34730916365527476 0.3606204989438925 0.3601939204241935 0.3645191921279144 0.36074184601852455 0.36758947399669784 0.3671842244029838 0.37538686036474167 0.3682800755916457 0.3784571422335251 0.37472245397610504 0.37987060147183166 0.39295373794082133 0.4044328564220992 0.44449276501649615 0.40584631566040563 0.4627240489812123 0.408916597529189 0.4691664273656717 0.4072597748987121 0.4809553329459284 0.41033005676749557 0.48739771133038773 0.4095016454522571 0.49329216412051624 0.4187124910586076 0.5126192992738943 0.4295801592954348 0.5201575288470155 0.43265044116421825 0.526599907231475 0.4521439070843279 0.5293395352031298 0.4552141889531113 0.5357819135875892 0.4630115753211551 0.536877764776251 0.47305083224274397 0.5503104471395007 0.47694952542676594 0.5508583727338316 0.4830900891643329 0.5637431295027505 0.4908874755323767 0.5648389806914124 0.49395775740116016 0.5712813590758717 0.501755143769204 0.5723772102645337 0.5078957075067708 0.5852619670334523 0.5117944006907929 0.5858098926277834 0.5148646825595763 0.5922522710122428 0.5140362712443378 0.5981467238023711 0.5171065531131213 0.6045891021868306 0.5210052462971431 0.6051370277811615 0.5271458100347101 0.6180217845500803 0.531044503218732 0.6185697101444111 0.5388418895867758 0.619665561333073 0.5419121714555593 0.6261079397175324 0.553608251007625 0.6277517165005253 0.5583353555068855 0.622405189304728 0.5661327418749293 0.6235010404933898
0 0.5779222636564281 0.2284399748072751 0.5826493681556885 0.22309344761147773 0.5859630134166424 0.19951563645096412 0.582892731547859 0.19307325806650466 0.5556018792597055 0.18923777890618795 0.5366934612626638 0.21062388768937773 0.5249973817105981 0.20898011090638483 0.5188568179730313 0.1960953541374662 0.5149581247890092 0.19554742854313517 0.5118878429202256 0.18910505015867574 0.5168583108116567 0.15373833341790535 0.5015069014677395 0.12152644149560858 0.5023353127829779 0.11563198870548028 0.498436619598956 0.11508406311114934 0.4922960558613891 0.10219930634223044 0.4883973626773672 0.1016513807478995 0.4853270808085838 0.09520900236344025 0.47363100125651786 0.09356522558044733 0.46359174433492906 0.08013254321719768 0.4557943579668852 0.07903669202853578 0.45272407609810184 0.07259431364407627 0.4488253829140799 0.07204638804974532 0.4457551010452964 0.0656040096652859 0.4379577146772526 0.06450815847662401 0.43181715093968565 0.05162340170770534 0.42791845775566373 0.051075476113374395 0.42484817588688023 0.04463309772891488 0.41315209633481453 0.04298932094592205 0.4114952737043375 0.05477822652617892 0.4067681692050772 0.06012475372197627 0.4034545239441232 0.08370256488248998 0.3987274194448628 0.08904909207828723 0.4017977013136463 0.09549147046274671 0.3993124673679308 0.11317482883313193 0.3945853628686703 0.11852135602892937 0.3912717176077164 0.14209916718944285 0.3943419994764999 0.14854154557390237 0.39351358816126136 0.15443599836403066 0.40886499750517863 0.1866478902863275 0.4166623838732225 0.1877437414749894 0.4320137932171397 0.21995563339728616 0.43591248640116154 0.2205035589916172 0.4389827682699451 0.2269459373760765 0.4467801546379889 0.2280417885647384 0.4498504365067724 0.2344841669491978 0.4771412887949259 0.2383196461095145 0.4904941909774686 0.2281745173122507 0.4943928841614905 0.22872244290658164 0.4991199886607509 0.22337591571078427 0.5147147613968388 0.22556761808810816 0.5177850432656221 0.23200999647256748 0.5294811228176879 0.23365377325556042 0.5325514046864714 0.24009615164001968 0.5372785091857317 0.2347496244442223 0.5489745887377976 0.23639340122721522 0.553701693237058 0.23104687403141777 0.5692964659731458 0.23323857640874163 0.5740235704724062 0.22789204921294415 0.5779222636564281 0.2284399748072751
0 0.9714001907357561 0.5121530706142294 0.9666730862364956 0.5174995978100269 0.9588756998684518 0.5164037466213649 0.9435242905245345 0.4841918546990681 0.9421108312862282 0.46596057073435204 0.9390405494174446 0.45951819234989266 0.94152578336316 0.44183483397950757 0.9384555014943764 0.435392455595048 0.9306581151263327 0.4342966044063862 0.9337283969951162 0.44073898279084556 0.9195470834973352 0.4567785643782377 0.9226173653661185 0.46322094276269715 0.9209605427356415 0.47500984834295396 0.9240308246044249 0.4814522267274133 0.9232024132891864 0.48734667951754174 0.9293429770267532 0.5002314362864604 0.9285145657115146 0.5061258890765888 0.9346551294490817 0.5190106458455076 0.9455227976859091 0.5265488754186288 0.9578039251610431 0.5523183889564663 0.9536618685848506 0.5817906529071083 0.9567321504536338 0.5882330312915676 0.9559037391383953 0.594127484081696 0.9620443028759622 0.6070122408506148 0.9729119711127897 0.6145504704237361 0.975982252981573 0.6209928488081953 0.9876783325336389 0.6226366255911883 1 0.5349634059717553 1 0.49212899804915977 0.9903086087327978 0.4907669618310397 0.9808543997342769 0.5014600162226346 0.976955706550255 0.5009120906283037 0.9722286020509946 0.5062586178241011 0.9714001907357561 0.5121530706142294
0 0.2730473840114896 0.47411476831893246 0.2699771021427061 0.467672389934473 0.28025972245646547 0.4510848827527498 0.277189440587682 0.4446425043682904 0.2838167311095899 0.3974868820472633 0.2653950398968892 0.358832611740507 0.25759765352884534 0.3577367605518451 0.24755839660725648 0.3443040781885955 0.23586231705519065 0.34266030140560255 0.23279203518640723 0.3362179230211432 0.2249946488183634 0.33512207183248127 0.21495539189677454 0.32168938946923153 0.2071580055287307 0.3205935382805697 0.19711874860714196 0.30716085591731995 0.19322005542311999 0.30661293032298903 0.1884929509238596 0.3119594575187864 0.18600771697814414 0.32964281588917155 0.18128061247888372 0.3349893430849691 0.16968285406554492 0.41751168214676654 0.17275313593432837 0.42395406053122586 0.1719247246190899 0.42984851332135426 0.1827923928559172 0.43738674289447566 0.18893295659348405 0.45027149966339436 0.19283164977750597 0.4508194252577253 0.20511277725263977 0.47658893879556274 0.20901147043666168 0.47713686438989367 0.2120817523054451 0.483579242774353 0.2471699909616425 0.4885105731233317 0.2518970954609029 0.4831640459275343 0.2635931750129687 0.48480782271052714 0.2730473840114896 0.47411476831893246