4 0.2109375 0.584375 0.215625 0.5921875 0.215625 0.5984375 0.2109375 0.609375 0.2 0.6171875 0.1484375 0.6171875 0.1453125 0.615625 0.128125 0.6203125 0.1109375 0.61875 0.0984375 0.6203125 0.09375 0.625 0.0859375 0.625 0.071875 0.63125 0.05625 0.63125 0.0546875 0.6328125 0.0421875 0.628125 0.0390625 0.6203125 0.0390625 0.6125 0.040625 0.609375 0.05 0.6046875 0.059375 0.59375 0.1734375 0.5921875 0.178125 0.5875 0.1859375 0.5875 0.1890625 0.584375 0.209375 0.584375
4 0.4109375 0.5859375 0.4125 0.5875 0.41875 0.5859375 0.4203125 0.5875 0.4296875 0.5859375 0.43125 0.5875 0.434375 0.5859375 0.4359375 0.5875 0.4390625 0.5859375 0.440625 0.5875 0.44375 0.5859375 0.4453125 0.5875 0.4484375 0.5859375 0.45 0.5875 0.4578125 0.5859375 0.4609375 0.5875 0.4625 0.5859375 0.4640625 0.5875 0.4671875 0.5859375 0.4734375 0.5875 0.475 0.5859375 0.484375 0.5875 0.534375 0.5859375 0.5390625 0.5921875 0.5390625 0.5984375 0.528125 0.6 0.5265625 0.6109375 0.5234375 0.6140625 0.3984375 0.6171875 0.371875 0.6125 0.36875 0.60625 0.36875 0.5921875 0.3734375 0.5875 0.409375 0.5875
4 0.771875 0.5796875 0.7734375 0.58125 0.7765625 0.5796875 0.778125 0.58125 0.83125 0.58125 0.834375 0.584375 0.846875 0.5859375 0.85625 0.59375 0.85625 0.5984375 0.846875 0.60625 0.771875 0.60625 0.7703125 0.6078125 0.73125 0.6078125 0.70625 0.6109375 0.6984375 0.603125 0.7 0.596875 0.6984375 0.5875 0.703125 0.58125 0.7171875 0.5828125 0.71875 0.58125 0.721875 0.5828125 0.7234375 0.58125 0.7265625 0.5828125 0.728125 0.58125 0.7328125 0.5828125 0.734375 0.58125 0.7390625 0.5828125 0.7703125 0.58125
9 0.8390625 0.5109375 0.8421875 0.5125 0.846875 0.5265625 0.846875 0.53125 0.84375 0.534375 0.8359375 0.5375 0.8234375 0.5375 0.8125 0.540625 0.7953125 0.540625 0.7890625 0.54375 0.7765625 0.5421875 0.7703125 0.5453125 0.76875 0.54375 0.7640625 0.5453125 0.7578125 0.54375 0.75625 0.5453125 0.7484375 0.54375 0.746875 0.5453125 0.7125 0.5453125 0.709375 0.5390625 0.709375 0.5234375 0.7140625 0.5171875 0.7234375 0.515625 0.7265625 0.5125 0.790625 0.5109375 0.80625 0.5078125 0.8109375 0.5046875 0.83125 0.5046875 0.8375 0.5109375
9 0.3921875 0.51875 0.415625 0.5203125 0.4265625 0.5234375 0.4765625 0.5234375 0.4828125 0.5203125 0.525 0.51875 0.53125 0.521875 0.5328125 0.525 0.53125 0.53125 0.5203125 0.5328125 0.515625 0.5390625 0.5109375 0.5390625 0.5078125 0.5453125 0.5015625 0.5484375 0.4296875 0.5484375 0.4265625 0.5453125 0.3921875 0.546875 0.3890625 0.54375 0.3890625 0.525 0.3921875 0.5203125
9 0.178125 0.525 0.1890625 0.5265625 0.1921875 0.5296875 0.19375 0.5515625 0.1890625 0.55625 0.175 0.553125 0.1671875 0.5484375 0.1 0.55 0.09375 0.553125 0.0671875 0.553125 0.0625 0.55 0.0625 0.53125 0.0671875 0.528125 0.140625 0.528125 0.14375 0.525 0.1765625 0.525
1 0.1890625 0.4734375 0.19375 0.478125 0.19375 0.484375 0.2 0.490625 0.196875 0.496875 0.190625 0.5 0.1453125 0.5 0.14375 0.5015625 0.0625 0.5015625 0.05625 0.4953125 0.0640625 0.4859375 0.0671875 0.484375 0.159375 0.4828125 0.171875 0.478125 0.1734375 0.475 0.1875 0.4734375
1 0.44921875 0.48515625 0.1390625 0.0203125
1 0.740625 0.471875 0.7421875 0.4734375 0.7671875 0.4734375 0.7796875 0.4703125 0.828125 0.4703125 0.834375 0.475 0.8359375 0.4796875 0.834375 0.484375 0.828125 0.4875 0.771875 0.4875 0.746875 0.490625 0.7140625 0.490625 0.7078125 0.4859375 0.7078125 0.478125 0.715625 0.471875 0.7390625 0.471875
3 0.7 0.4234375 0.725 0.4265625 0.8328125 0.425 0.8421875 0.4265625 0.846875 0.4296875 0.846875 0.440625 0.8359375 0.4484375 0.7109375 0.45 0.7078125 0.446875 0.6890625 0.446875 0.6859375 0.44375 0.6875 0.4359375 0.69375 0.43125 0.6953125 0.425 0.6984375 0.425
3 0.5109375 0.4203125 0.5125 0.421875 0.515625 0.4203125 0.525 0.425 0.5265625 0.4359375 0.5296875 0.4375 0.53125 0.4421875 0.525 0.4484375 0.4125 0.4515625 0.4078125 0.4546875 0.3984375 0.4546875 0.3953125 0.4578125 0.3765625 0.4578125 0.371875 0.453125 0.371875 0.446875 0.36875 0.440625 0.3703125 0.4328125 0.3765625 0.428125 0.3859375 0.4265625 0.4890625 0.425 0.5 0.421875 0.509375 0.421875
3 0.2 0.434375 0.20625 0.4390625 0.2078125 0.4546875 0.196875 0.459375 0.06875 0.4609375 0.0671875 0.4625 0.0546875 0.4625 0.046875 0.4578125 0.046875 0.446875 0.04375 0.44375 0.04375 0.4359375 0.0515625 0.4328125 0.1953125 0.43125 0.1984375 0.434375
0 0.6983556834558092 0.6120668354701497 0.7600936743391117 0.6505991880206017 0.7864922933531417 0.6501383984116965 0.8452843997730215 0.6144534343357453 0.8496293544764641 0.579718848828161 0.8377343664511472 0.5601214800215344 0.8356812618549782 0.5370514877348146 0.8378003158589123 0.46934742781024924 0.8505388357570223 0.4427184139917665 0.8466342220185806 0.40812782523696517 0.8415404842006667 0.3999646548467505 0.7899035709015219 0.3728089020115973 0.760205124510738 0.37332729032161555 0.6997631044024815 0.40904105374812333 0.6970968627379721 0.4453967535935278 0.7092510449182984 0.47984334559554637 0.7105182163427876 0.5524395478841293 0.6961585821068574 0.5807472747415454 0.6983556834558092 0.6120668354701497
0 0.37161517445607317 0.6144692795035974 0.38342376442972054 0.6291169072450933 0.431760850352112 0.6563302587813598 0.4482887865864373 0.6576921789641708 0.46640903780802645 0.6557254724196717 0.5219013168511524 0.6200981070448337 0.5279825832946416 0.5902844632518234 0.5126149717892313 0.5608452110160488 0.5144748316381563 0.4782919278960914 0.5285752717190775 0.43513497784328325 0.5148287745514876 0.40401701256857514 0.4648705742912759 0.37848237407124224 0.4335798129132282 0.38232938910857084 0.376322422779499 0.4113858990804579 0.37209266547828274 0.45272013934154975 0.3843044463597221 0.49046655872032197 0.3869911366681356 0.5498346521513332 0.3696196685610174 0.5946991145936313 0.37161517445607317 0.6144692795035974
0 0.049853205872024436 0.6184352391737523 0.06169059519622825 0.6347327806036251 0.11833484826161726 0.6651019627638626 0.14140484054833702 0.6630488581676934 0.1985182339292833 0.625742779753922 0.20454190167165942 0.5926293085841581 0.18908789211457938 0.5582403152832527 0.19109174871628734 0.48393660060517985 0.2037726699132841 0.4540077594099433 0.20342707770660523 0.4342087951494208 0.19816054378535228 0.4161461426289447 0.1880882655517515 0.40641945660202283 0.14478731874616055 0.3840694480792175 0.12660946882345825 0.3827363272469629 0.05299693855874306 0.42033039916630005 0.05027309819312085 0.4533862716349509 0.062484879074560205 0.49113269101372314 0.06372325114849287 0.5620789796139292 0.05098473125038291 0.5887079934324119 0.049853205872024436 0.6184352391737523