9 0.43125 0.14375 0.4390625 0.14375 0.440625 0.146875 0.44375 0.146875 0.44375 0.171875 0.440625 0.171875 0.4390625 0.1765625 0.43125 0.1765625 0.43125 0.1453125
9 0.440625 0.2234375 0.44375 0.2234375 0.44375 0.25625 0.4359375 0.25625 0.4359375 0.228125 0.4390625 0.228125 0.440625 0.225
9 0.440625 0.2984375 0.44375 0.2984375 0.44375 0.3015625 0.4484375 0.303125 0.4484375 0.328125 0.440625 0.328125 0.440625 0.3
9 0.4359375 0.365625 0.44375 0.365625 0.44375 0.3984375 0.4359375 0.3984375 0.4359375 0.3671875
1 0.4546875 0.14375 0.4609375 0.146875 0.4609375 0.1765625 0.4546875 0.1765625 0.4546875 0.1453125
1 0.4578125 0.2234375 0.465625 0.2234375 0.465625 0.25625 0.4578125 0.25625 0.4578125 0.225
1 0.4578125 0.29375 0.465625 0.29375 0.465625 0.31875 0.4703125 0.3203125 0.4703125 0.328125 0.4625 0.328125 0.4625 0.325 0.4578125 0.3234375 0.4578125 0.2953125
1 0.4625 0.3734375 0.465625 0.3734375 0.465625 0.3859375 0.4703125 0.3875 0.4703125 0.390625 0.465625 0.3921875 0.465625 0.403125 0.4578125 0.403125 0.4578125 0.378125 0.4609375 0.378125 0.4625 0.375
1 0.4578125 0.4359375 0.4609375 0.4359375 0.4609375 0.4390625 0.465625 0.440625 0.465625 0.465625 0.4625 0.465625 0.4609375 0.4703125 0.4578125 0.4703125 0.4578125 0.4375
1 0.4578125 0.534375 0.465625 0.534375 0.465625 0.5640625 0.4578125 0.5640625 0.4578125 0.5359375
0 0.39555555555555555 0.1688888888888889 0.40444444444444444 0.17777777777777778 0.4177777777777778 0.17777777777777778 0.4222222222222222 0.18222222222222223 0.42666666666666664 0.17777777777777778 0.4533333333333333 0.17777777777777778 0.45777777777777784 0.18222222222222223 0.46222222222222226 0.17777777777777778 0.47555555555555556 0.17777777777777778 0.48 0.17333333333333334 0.48888888888888893 0.17333333333333334 0.49777777777777776 0.16 0.49777777777777776 0.1511111111111111 0.48888888888888893 0.14222222222222222 0.48888888888888893 0.13777777777777778 0.48 0.13333333333333336 0.4488888888888889 0.13333333333333336 0.4444444444444445 0.13777777777777778 0.4355555555555556 0.13333333333333336 0.40444444444444444 0.13333333333333336 0.39555555555555555 0.14222222222222222 0.39111111111111113 0.1511111111111111 0.39555555555555555 0.1688888888888889
0 0.38666666666666666 0.24 0.40444444444444444 0.2577777777777778 0.48 0.2577777777777778 0.49333333333333335 0.24 0.49333333333333335 0.22666666666666666 0.4844444444444445 0.21333333333333332 0.46222222222222226 0.21333333333333332 0.45777777777777784 0.2177777777777778 0.42666666666666664 0.2177777777777778 0.4222222222222222 0.21333333333333332 0.40888888888888897 0.21333333333333332 0.4 0.2177777777777778 0.38666666666666666 0.23111111111111113 0.38666666666666666 0.24
0 0.39555555555555555 0.3066666666666667 0.40444444444444444 0.3244444444444444 0.4133333333333334 0.3288888888888889 0.47111111111111115 0.3288888888888889 0.47555555555555556 0.3244444444444444 0.4844444444444445 0.3244444444444444 0.49333333333333335 0.3111111111111111 0.49333333333333335 0.2977777777777778 0.48888888888888893 0.28888888888888886 0.48 0.28444444444444444 0.46222222222222226 0.28444444444444444 0.45777777777777784 0.28888888888888886 0.42666666666666664 0.28888888888888886 0.4177777777777778 0.28444444444444444 0.4 0.29333333333333333 0.4 0.3022222222222222 0.39555555555555555 0.3066666666666667
0 0.39555555555555555 0.38666666666666666 0.40444444444444444 0.4 0.4133333333333334 0.4 0.4177777777777778 0.40444444444444444 0.4355555555555556 0.40444444444444444 0.44000000000000006 0.40888888888888897 0.4444444444444445 0.40444444444444444 0.4533333333333333 0.40444444444444444 0.45777777777777784 0.40888888888888897 0.4666666666666667 0.40444444444444444 0.47111111111111115 0.40888888888888897 0.48 0.4 0.4844444444444445 0.4 0.49777777777777776 0.38222222222222224 0.49333333333333335 0.3777777777777778 0.49333333333333335 0.36444444444444446 0.48 0.35555555555555557 0.40444444444444444 0.35555555555555557 0.39555555555555555 0.36444444444444446 0.38666666666666666 0.38222222222222224 0.39555555555555555 0.38666666666666666
0 0.40444444444444444 0.47111111111111115 0.4133333333333334 0.47111111111111115 0.4177777777777778 0.47555555555555556 0.4533333333333333 0.47555555555555556 0.45777777777777784 0.48 0.46222222222222226 0.47555555555555556 0.47555555555555556 0.47555555555555556 0.4844444444444445 0.47111111111111115 0.49777777777777776 0.4533333333333333 0.49333333333333335 0.4355555555555556 0.4844444444444445 0.42666666666666664 0.40444444444444444 0.42666666666666664 0.4 0.4355555555555556 0.39111111111111113 0.44000000000000006 0.38666666666666666 0.4488888888888889 0.40444444444444444 0.47111111111111115
0 0.38222222222222224 0.5377777777777778 0.40444444444444444 0.56 0.4177777777777778 0.56 0.4222222222222222 0.5644444444444445 0.44000000000000006 0.5644444444444445 0.4444444444444445 0.56 0.4533333333333333 0.56 0.46222222222222226 0.5644444444444445 0.4666666666666667 0.56 0.4844444444444445 0.56 0.49777777777777776 0.5466666666666666 0.49777777777777776 0.5288888888888889 0.48888888888888893 0.5111111111111112 0.48 0.5111111111111112 0.47555555555555556 0.5066666666666666 0.4666666666666667 0.5066666666666666 0.46222222222222226 0.5111111111111112 0.4311111111111111 0.5111111111111112 0.42666666666666664 0.5066666666666666 0.4222222222222222 0.5111111111111112 0.4 0.5111111111111112 0.4 0.5155555555555555 0.38222222222222224 0.5377777777777778
0 0.38666666666666666 0.6088888888888889 0.38666666666666666 0.6222222222222222 0.4 0.6311111111111112 0.40444444444444444 0.6444444444444445 0.4844444444444445 0.6444444444444445 0.5066666666666666 0.6266666666666667 0.5066666666666666 0.6133333333333334 0.5022222222222222 0.6044444444444445 0.49333333333333335 0.5955555555555556 0.49333333333333335 0.5911111111111111 0.4844444444444445 0.5866666666666667 0.40888888888888897 0.5866666666666667 0.4 0.5911111111111111 0.4 0.5955555555555556 0.38666666666666666 0.6088888888888889
0 0.39111111111111113 0.6977777777777778 0.39111111111111113 0.7111111111111111 0.40888888888888897 0.7288888888888889 0.4844444444444445 0.7288888888888889 0.49777777777777776 0.7155555555555556 0.5022222222222222 0.7022222222222222 0.5066666666666666 0.7022222222222222 0.5066666666666666 0.6977777777777778 0.49777777777777776 0.6933333333333334 0.49333333333333335 0.6844444444444445 0.48 0.6755555555555556 0.46222222222222226 0.6844444444444445 0.42666666666666664 0.6799999999999999 0.4 0.6844444444444445 0.4 0.6888888888888889 0.39111111111111113 0.6977777777777778
0 0.4 0.7955555555555556 0.4133333333333334 0.8088888888888889 0.44000000000000006 0.8088888888888889 0.4444444444444445 0.8133333333333332 0.4533333333333333 0.8088888888888889 0.45777777777777784 0.8133333333333332 0.4666666666666667 0.8088888888888889 0.4844444444444445 0.8088888888888889 0.5022222222222222 0.8 0.5111111111111112 0.7822222222222223 0.49777777777777776 0.76 0.4844444444444445 0.76 0.48 0.7555555555555556 0.4666666666666667 0.76 0.46222222222222226 0.7555555555555556 0.45777777777777784 0.76 0.4488888888888889 0.76 0.4444444444444445 0.7555555555555556 0.4355555555555556 0.7555555555555556 0.4311111111111111 0.76 0.40444444444444444 0.76 0.4 0.768888888888889 0.4 0.7955555555555556
0 0.39111111111111113 0.8711111111111112 0.4133333333333334 0.888888888888889 0.4355555555555556 0.888888888888889 0.44000000000000006 0.8844444444444445 0.4488888888888889 0.888888888888889 0.47555555555555556 0.888888888888889 0.48 0.8844444444444445 0.49777777777777776 0.8800000000000001 0.5111111111111112 0.8622222222222222 0.48888888888888893 0.8400000000000001 0.4666666666666667 0.8400000000000001 0.46222222222222226 0.8444444444444444 0.4488888888888889 0.8400000000000001 0.4444444444444445 0.8444444444444444 0.4222222222222222 0.8444444444444444 0.4177777777777778 0.8400000000000001 0.4133333333333334 0.8444444444444444 0.40444444444444444 0.8444444444444444 0.39111111111111113 0.8577777777777778 0.39111111111111113 0.8711111111111112