3 0.325 0.5203125 0.328125 0.5203125 0.3296875 0.525 0.3375 0.525 0.3375 0.5328125 0.3421875 0.534375 0.3421875 0.5375 0.3375 0.5390625 0.3375 0.6265625 0.3421875 0.628125 0.3375 0.63125 0.3375 0.634375 0.3421875 0.6359375 0.3421875 0.653125 0.3390625 0.653125 0.3375 0.65625 0.3203125 0.65625 0.31875 0.653125 0.315625 0.653125 0.315625 0.65 0.3125 0.6484375 0.3125 0.6359375 0.3078125 0.634375 0.3078125 0.628125 0.303125 0.6265625 0.303125 0.61875 0.2984375 0.6171875 0.2984375 0.5828125 0.303125 0.58125 0.303125 0.5703125 0.3078125 0.56875 0.3078125 0.55625 0.3125 0.5546875 0.3125 0.5296875 0.315625 0.528125 0.315625 0.525 0.3234375 0.525 0.325 0.521875
3 0.3125 0.303125 0.328125 0.303125 0.328125 0.30625 0.3328125 0.3078125 0.3328125 0.3421875 0.3375 0.34375 0.3375 0.44375 0.334375 0.44375 0.3328125 0.4484375 0.315625 0.4484375 0.315625 0.4453125 0.3125 0.44375 0.3125 0.365625 0.3078125 0.3640625 0.3078125 0.3078125 0.3109375 0.3078125 0.3125 0.3046875
3 0.3390625 0.0546875 0.3453125 0.0546875 0.346875 0.0578125 0.3546875 0.0578125 0.3546875 0.065625 0.359375 0.0671875 0.359375 0.0796875 0.3546875 0.08125 0.3546875 0.0875 0.359375 0.0890625 0.359375 0.0921875 0.3546875 0.09375 0.3546875 0.096875 0.359375 0.0984375 0.359375 0.1109375 0.3546875 0.1125 0.3546875 0.11875 0.359375 0.1203125 0.359375 0.128125 0.3546875 0.1296875 0.3546875 0.1375 0.359375 0.1390625 0.359375 0.1421875 0.3546875 0.14375 0.3546875 0.1546875 0.359375 0.15625 0.359375 0.159375 0.35625 0.159375 0.3546875 0.1640625 0.359375 0.165625 0.359375 0.16875 0.35625 0.16875 0.3546875 0.171875 0.359375 0.1734375 0.359375 0.1765625 0.3546875 0.178125 0.3546875 0.190625 0.3515625 0.190625 0.35 0.1953125 0.346875 0.1953125 0.3453125 0.1984375 0.334375 0.1984375 0.3328125 0.1953125 0.3203125 0.1953125 0.3203125 0.1921875 0.315625 0.190625 0.315625 0.125 0.3203125 0.1234375 0.3203125 0.115625 0.315625 0.1140625 0.315625 0.103125 0.3203125 0.1015625 0.3203125 0.071875 0.325 0.0703125 0.325 0.0625 0.328125 0.0625 0.3296875 0.0578125 0.3390625 0.05625
1 0.378125 0.5296875 0.390625 0.5296875 0.390625 0.5328125 0.3953125 0.534375 0.3953125 0.5375 0.3984375 0.5390625 0.3984375 0.634375 0.3953125 0.6359375 0.3953125 0.6390625 0.378125 0.6390625 0.378125 0.6359375 0.3734375 0.634375 0.3734375 0.6 0.3703125 0.5984375 0.3703125 0.5921875 0.3734375 0.590625 0.3734375 0.534375 0.3765625 0.534375 0.378125 0.53125
1 0.3703125 0.3203125 0.3859375 0.3203125 0.3859375 0.3234375 0.390625 0.325 0.390625 0.44375 0.3875 0.44375 0.3859375 0.4484375 0.3734375 0.4484375 0.3703125 0.440625 0.365625 0.4390625 0.365625 0.325 0.36875 0.325 0.3703125 0.321875
1 0.3921875 0.0578125 0.4078125 0.0578125 0.4078125 0.0609375 0.4125 0.0625 0.4125 0.18125 0.409375 0.18125 0.4078125 0.1859375 0.396875 0.1859375 0.396875 0.1828125 0.3921875 0.18125 0.390625 0.1765625 0.3875 0.1765625 0.3875 0.0625 0.390625 0.0625 0.3921875 0.059375
9 0.45 0.5296875 0.4609375 0.5296875 0.4609375 0.5328125 0.465625 0.534375 0.465625 0.5421875 0.4703125 0.54375 0.4703125 0.5546875 0.465625 0.55625 0.465625 0.559375 0.4703125 0.5609375 0.4703125 0.5953125 0.465625 0.596875 0.4671875 0.6 0.4703125 0.6 0.4703125 0.6078125 0.465625 0.609375 0.465625 0.634375 0.4625 0.634375 0.4609375 0.6390625 0.45 0.6390625 0.45 0.6359375 0.4453125 0.634375 0.4453125 0.609375 0.440625 0.6078125 0.440625 0.6 0.4453125 0.5984375 0.44375 0.5953125 0.440625 0.5953125 0.440625 0.5609375 0.4453125 0.559375 0.4453125 0.55625 0.440625 0.5546875 0.440625 0.54375 0.4453125 0.5421875 0.4453125 0.534375 0.4484375 0.534375 0.45 0.53125
9 0.440625 0.3203125 0.45625 0.3203125 0.45625 0.3234375 0.4609375 0.325 0.4609375 0.4296875 0.4578125 0.4296875 0.45625 0.434375 0.440625 0.434375 0.440625 0.43125 0.4359375 0.4296875 0.4359375 0.325 0.4390625 0.325 0.440625 0.321875
9 0.45 0.0625 0.465625 0.0625 0.465625 0.065625 0.4703125 0.0671875 0.4703125 0.18125 0.465625 0.1828125 0.465625 0.190625 0.4578125 0.190625 0.4546875 0.1953125 0.453125 0.190625 0.4453125 0.190625 0.4453125 0.1828125 0.440625 0.18125 0.440625 0.1703125 0.4453125 0.16875 0.4453125 0.0671875 0.4484375 0.0671875 0.45 0.0640625
4 0.5390625 0.0546875 0.55 0.0546875 0.5515625 0.0578125 0.5546875 0.0578125 0.5546875 0.065625 0.559375 0.0671875 0.559375 0.096875 0.55625 0.096875 0.5546875 0.1015625 0.559375 0.103125 0.559375 0.1328125 0.5640625 0.134375 0.5640625 0.1859375 0.5609375 0.1859375 0.559375 0.190625 0.54375 0.190625 0.54375 0.1875 0.5390625 0.1859375 0.5390625 0.146875 0.534375 0.1453125 0.534375 0.1203125 0.5296875 0.11875 0.5296875 0.103125 0.534375 0.1015625 0.534375 0.0984375 0.5296875 0.096875 0.5296875 0.0671875 0.534375 0.065625 0.534375 0.0578125 0.5390625 0.05625
4 0.5296875 0.3078125 0.5421875 0.3078125 0.5421875 0.3109375 0.546875 0.315625 0.55 0.315625 0.55 0.453125 0.546875 0.453125 0.5421875 0.4578125 0.5421875 0.4609375 0.5296875 0.4609375 0.5296875 0.4578125 0.525 0.45625 0.525 0.3125 0.528125 0.3125 0.5296875 0.309375
4 0.534375 0.515625 0.5453125 0.515625 0.5453125 0.51875 0.55 0.5203125 0.55 0.65625 0.546875 0.65625 0.5453125 0.6609375 0.5296875 0.6609375 0.5296875 0.6578125 0.525 0.65625 0.525 0.525 0.528125 0.525 0.5296875 0.5203125 0.5328125 0.5203125 0.534375 0.5171875
0 0.3111111111111111 0.44000000000000006 0.39555555555555555 0.4222222222222222 0.5733333333333334 0.4311111111111111 0.6222222222222222 0.36444444444444446 0.5733333333333334 0.3111111111111111 0.5333333333333334 0.3022222222222222 0.49777777777777776 0.32 0.3066666666666667 0.3066666666666667 0.26222222222222225 0.35555555555555557 0.2666666666666667 0.39111111111111113 0.3111111111111111 0.44000000000000006
0 0.3155555555555556 0.17777777777777778 0.5155555555555555 0.1688888888888889 0.56 0.18222222222222223 0.6 0.1688888888888889 0.6222222222222222 0.1288888888888889 0.6177777777777778 0.08888888888888889 0.5777777777777777 0.05333333333333333 0.40888888888888897 0.06666666666666668 0.3244444444444444 0.04888888888888889 0.28888888888888886 0.07555555555555556 0.28 0.1288888888888889 0.3155555555555556 0.17777777777777778
0 0.3066666666666667 0.6488888888888888 0.42666666666666664 0.6355555555555557 0.5288888888888889 0.6488888888888888 0.5866666666666667 0.6311111111111112 0.6177777777777778 0.5911111111111111 0.5822222222222223 0.5288888888888889 0.5555555555555556 0.5155555555555555 0.4311111111111111 0.5333333333333334 0.3244444444444444 0.5155555555555555 0.28888888888888886 0.5244444444444445 0.2533333333333333 0.5644444444444445 0.24888888888888888 0.5955555555555556 0.3066666666666667 0.6488888888888888