9 0.490625 0.1609375 0.503125 0.1609375 0.503125 0.2078125 0.50625 0.209375 0.50625 0.2203125 0.503125 0.221875 0.503125 0.2328125 0.50625 0.234375 0.50625 0.2625 0.503125 0.2640625 0.503125 0.26875 0.4875 0.26875 0.4875 0.1671875 0.490625 0.165625 0.490625 0.1625
9 0.490625 0.4421875 0.50625 0.4421875 0.50625 0.5453125 0.503125 0.546875 0.503125 0.5515625 0.490625 0.5515625 0.490625 0.546875 0.4875 0.5453125 0.4875 0.4484375 0.490625 0.446875 0.490625 0.44375
9 0.490625 0.71875 0.503125 0.71875 0.503125 0.7234375 0.50625 0.725 0.50625 0.828125 0.5 0.828125 0.4984375 0.8328125 0.49375 0.8328125 0.4921875 0.828125 0.4875 0.828125 0.4875 0.75 0.490625 0.7484375 0.490625 0.74375 0.4875 0.7421875 0.4875 0.725 0.490625 0.7234375 0.490625 0.7203125
3 0.553125 0.1546875 0.5671875 0.1546875 0.5671875 0.275 0.553125 0.275 0.553125 0.15625
3 0.553125 0.7125 0.5671875 0.7125 0.5671875 0.7171875 0.5703125 0.71875 0.5703125 0.765625 0.5671875 0.7671875 0.5671875 0.771875 0.5703125 0.7734375 0.5703125 0.784375 0.5671875 0.7859375 0.5671875 0.8328125 0.553125 0.8328125 0.553125 0.7140625
3 0.55625 0.4296875 0.5671875 0.4296875 0.5671875 0.434375 0.5703125 0.4359375 0.5703125 0.5390625 0.5671875 0.540625 0.5671875 0.5578125 0.55625 0.5578125 0.55625 0.553125 0.553125 0.5515625 0.553125 0.4359375 0.55625 0.434375 0.55625 0.43125
1 0.5203125 0.4421875 0.5375 0.4421875 0.5375 0.496875 0.540625 0.4984375 0.540625 0.5078125 0.5375 0.509375 0.5375 0.5515625 0.5203125 0.5515625 0.5203125 0.44375
1 0.5203125 0.71875 0.5375 0.71875 0.5375 0.7359375 0.540625 0.7375 0.540625 0.7484375 0.5375 0.75 0.5375 0.753125 0.540625 0.7546875 0.540625 0.759375 0.5375 0.7609375 0.5375 0.771875 0.540625 0.7734375 0.540625 0.784375 0.5375 0.7859375 0.5375 0.828125 0.5203125 0.828125 0.5203125 0.7203125
1 0.5203125 0.1609375 0.5375 0.1609375 0.5375 0.26875 0.5171875 0.26875 0.5171875 0.1671875 0.5203125 0.165625 0.5203125 0.1625
4 0.4484375 0.71875 0.4578125 0.71875 0.4578125 0.8328125 0.4546875 0.834375 0.4546875 0.8390625 0.4484375 0.8390625 0.4484375 0.834375 0.4453125 0.8328125 0.4453125 0.725 0.4484375 0.7234375 0.4484375 0.7203125
4 0.4453125 0.4296875 0.4546875 0.4296875 0.4546875 0.5328125 0.4578125 0.534375 0.4578125 0.5578125 0.4453125 0.5578125 0.4453125 0.540625 0.4421875 0.5390625 0.4421875 0.4359375 0.4453125 0.434375 0.4453125 0.43125
4 0.4453125 0.1484375 0.4546875 0.1484375 0.4546875 0.1953125 0.4578125 0.196875 0.4578125 0.26875 0.4546875 0.2703125 0.4546875 0.275 0.4453125 0.275 0.4453125 0.203125 0.4421875 0.2015625 0.4421875 0.1609375 0.4453125 0.159375 0.4453125 0.15
0 0.4 0.2147239263803681 0.4129032258064516 0.2392638036809816 0.4161290322580645 0.2576687116564417 0.432258064516129 0.27607361963190186 0.4451612903225806 0.26993865030674846 0.564516129032258 0.27607361963190186 0.5741935483870968 0.26993865030674846 0.5935483870967742 0.22085889570552147 0.5935483870967742 0.20245398773006135 0.5806451612903226 0.15950920245398773 0.567741935483871 0.14723926380368096 0.4903225806451613 0.15337423312883436 0.4870967741935484 0.15950920245398773 0.4387096774193548 0.14723926380368096 0.4354838709677419 0.15337423312883436 0.4225806451612903 0.15337423312883436 0.4129032258064516 0.17177914110429449 0.4 0.20245398773006135 0.4 0.2147239263803681
0 0.4129032258064516 0.5153374233128833 0.4161290322580645 0.5398773006134969 0.4258064516129032 0.5521472392638037 0.46451612903225803 0.5521472392638037 0.4741935483870968 0.5460122699386503 0.4774193548387097 0.5521472392638037 0.564516129032258 0.558282208588957 0.5741935483870968 0.5521472392638037 0.5870967741935484 0.5276073619631901 0.5935483870967742 0.5030674846625767 0.5935483870967742 0.4785276073619632 0.5838709677419355 0.44171779141104295 0.564516129032258 0.42331288343558277 0.5290322580645161 0.4294478527607362 0.5258064516129032 0.43558282208588955 0.4290322580645161 0.4294478527607362 0.4193548387096774 0.43558282208588955 0.4064516129032258 0.4662576687116564 0.4032258064516129 0.5030674846625767 0.4129032258064516 0.5153374233128833
0 0.4032258064516129 0.7607361963190183 0.4032258064516129 0.7791411042944786 0.4225806451612903 0.8282208588957054 0.4354838709677419 0.8282208588957054 0.4387096774193548 0.8343558282208589 0.4483870967741935 0.8282208588957054 0.567741935483871 0.8343558282208589 0.5806451612903226 0.8220858895705522 0.5935483870967742 0.7791411042944786 0.5935483870967742 0.754601226993865 0.5870967741935484 0.7300613496932515 0.5774193548387097 0.7116564417177914 0.567741935483871 0.7055214723926381 0.4870967741935484 0.7116564417177914 0.4838709677419355 0.7177914110429449 0.4290322580645161 0.7116564417177914 0.4129032258064516 0.7300613496932515 0.4129032258064516 0.7423312883435582 0.4032258064516129 0.7607361963190183