3 0.5741442923467908 0.8964247451495477 0.5812558939279814 0.9178232374976701 0.5790344085395788 0.9496360005575368 0.5641134397543087 0.9853936394004895 0.5789175871751346 0.9894976881468383 0.5962636707087056 0.9517051364130236 0.596596568902786 0.9157947482401696 0.5874988296629132 0.8914136376888508 0.580743206974537 0.8852094946189937 0.5667614150704225 0.884548017066377 0.5741442923467908 0.8964247451495477
3 0.6078720573440557 0.6713887174785346 0.6029798760456202 0.6630959167882005 0.5929981587901334 0.6616608589510522 0.5921689798430754 0.6711384176842736 0.5947827718867343 0.6797890512003338 0.5982890703771867 0.6975014959908096 0.5971398405027712 0.7170583224438778 0.5926673653938703 0.7424946713389959 0.5848558933919736 0.7547273783149813 0.5750140781996648 0.7645353703396504 0.5844382920002564 0.7659216529446187 0.5974026274589398 0.7653705731230847 0.6079478720056987 0.7539434156663591 0.6164421972581138 0.7339056603218387 0.6181271550925378 0.708225435265821 0.6146486559333486 0.683774173784421 0.6078720573440557 0.6713887174785346
3 0.6341532574604025 0.5057830403499077 0.635128362307015 0.49463754095245005 0.6335594262430649 0.480465217820066 0.634729632018397 0.46708970460302696 0.631054577794562 0.45777984726424686 0.6263292982965979 0.4540004191457056 0.6157900775862155 0.4525165860763776 0.6067984172418813 0.45902833260385434 0.6151286000335989 0.466498377980492 0.6183654767617851 0.48081662701243044 0.6174391471473524 0.49140462295499276 0.61641526706856 0.5031076258073458 0.6150331543670565 0.5125368091053725 0.610567102891517 0.525057597773987 0.6067557055382478 0.5365167244654406 0.6023380294979032 0.5484845793796098 0.608930520492288 0.550184889075559 0.6161734957054779 0.5508185672969124 0.6274229692006568 0.5377631050072308 0.6320353463727358 0.52356980597393 0.6326694243910743 0.5163222610602902 0.6341532574604025 0.5057830403499077
3 0.6495029302111102 0.2982301335760261 0.6531680018678399 0.28844351724925854 0.6539967810179128 0.27897052821648716 0.6548743354001656 0.2689400357288202 0.6540793794177323 0.2587632175446136 0.6510544096157174 0.24839129843168756 0.6457552204623911 0.23838218164192235 0.6416366194484873 0.23408945560021577 0.6332298620933265 0.23391573036939795 0.6256942354870574 0.23662707287741677 0.6293209142756975 0.24648986397064232 0.6327082866038882 0.2591405721353298 0.6348831015579284 0.2728087367454483 0.6339991235423141 0.29575478945961875 0.6325854414030677 0.3119132502506847 0.6247739694011709 0.32414595722666995 0.6169182918675442 0.33693656745453576 0.6230462601709436 0.3374726952115294 0.6320105209809995 0.337695195674527 0.6392370899937228 0.3321479604568363 0.6459987365184754 0.3254411130006401 0.6522840238522256 0.311389569963429 0.6495029302111102 0.2982301335760261
3 0.6710463636675849 0.06482970014867062 0.6715889150579398 0.045786171618767926 0.6703827813171508 0.03388806783769534 0.6638714345866591 0.024891837792911174 0.6581332683437138 0.019900252097204342 0.6496243908237435 0.020841133979192517 0.6450230069854758 0.022119272582974504 0.6455039358769281 0.029464367960974337 0.6514581789495095 0.03840725307312835 0.6525667622259389 0.0514203637639918 0.65580323915714 0.0657431824963803 0.6558455907559584 0.07810123926798837 0.652087538335319 0.08900326230153191 0.6493911478918404 0.10055993945734513 0.6441998915669641 0.10852771972288684 0.6407786960711339 0.1155268187751775 0.6368041670238731 0.12248211209272312 0.6451621491468538 0.12321334077843629 0.6557989203215959 0.1235821669379737 0.6600702706654009 0.11328682238849068 0.6662534378343415 0.10034988646408545 0.6695351310639788 0.08210316784952747 0.6710463636675849 0.06482970014867062
1 0.5991006373232391 0.0720131576607752 0.6013730027416392 0.08456631536110297 0.5987531868616037 0.08882667237109647 0.5876500390629644 0.10020962429609215 0.5870373367425279 0.11363391274531112 0.5935277075721028 0.11644882955406617 0.6000714233343077 0.11870664270491096 0.6028589406087846 0.11895051886581039 0.6085547552529114 0.11158404778990887 0.6144010654970428 0.10255003584675633 0.6152786198792956 0.09251954335908943 0.6161561742615483 0.08248905087142244 0.6177375577952362 0.07083482325124937 0.6215931606802354 0.058817793307915166 0.6191790392657458 0.0479375457692587 0.6166627976864464 0.038171905343407975 0.6064436279034215 0.02660880455423307 0.5947406250510686 0.02558492447544065 0.5886126567476693 0.025048796718446998 0.5901556474132674 0.03304397651826676 0.5964067117823932 0.03864681039848401 0.5964280874802949 0.04482355393406303 0.5984798063686088 0.053425012420957874 0.6002220678663914 0.05919514789863154 0.5991006373232391 0.0720131576607752
1 0.5993842909404152 0.27419255444778406 0.5992230131793355 0.2567727610503875 0.5966370204669393 0.24138331084340306 0.5895891461824689 0.23851961880246814 0.5760185320367104 0.23957942684671757 0.5670542712266543 0.23935692638371994 0.5772883930742195 0.27001233093497745 0.5766756907537828 0.28343661938419645 0.5750665078888317 0.30182966369529407 0.571763838758278 0.31389506907382286 0.5647751220700776 0.3295657775430902 0.5703501566190315 0.33005352986488906 0.5765269001546106 0.3300321541669873 0.5838232203004304 0.33010872873043035 0.5943474889462725 0.3125002580376758 0.599377867307054 0.28710811467428754 0.5993842909404152 0.27419255444778406
1 0.55625 0.4390625 0.5640625 0.440625 0.5640625 0.44375 0.56875 0.4453125 0.56875 0.4484375 0.571875 0.45 0.575 0.45625 0.575 0.4640625 0.5796875 0.465625 0.5796875 0.46875 0.5828125 0.4703125 0.5828125 0.478125 0.5875 0.4796875 0.5859375 0.5046875 0.584375 0.509375 0.5796875 0.5109375 0.5796875 0.521875 0.575 0.5234375 0.5734375 0.528125 0.56875 0.5296875 0.56875 0.5359375 0.5640625 0.540625 0.5609375 0.540625 0.559375 0.5453125 0.546875 0.54375 0.546875 0.540625 0.54375 0.5390625 0.54375 0.5203125 0.5453125 0.5171875 0.55 0.515625 0.55 0.5125 0.5546875 0.5109375 0.5546875 0.5046875 0.5609375 0.5015625 0.5625 0.4828125 0.5578125 0.48125 0.5578125 0.478125 0.553125 0.475 0.5515625 0.4703125 0.5484375 0.4703125 0.55 0.4625 0.5453125 0.4609375 0.546875 0.44375 0.5546875 0.44375 0.55625 0.440625
1 0.5375 0.65 0.5453125 0.65 0.55 0.659375 0.5546875 0.6609375 0.55625 0.6734375 0.5609375 0.675 0.5609375 0.6828125 0.5640625 0.684375 0.5625 0.71875 0.55625 0.721875 0.5546875 0.7421875 0.5515625 0.7421875 0.55 0.746875 0.546875 0.7484375 0.5453125 0.7609375 0.5421875 0.759375 0.540625 0.7640625 0.525 0.7640625 0.5234375 0.759375 0.51875 0.7578125 0.5203125 0.740625 0.5234375 0.740625 0.5265625 0.73125 0.528125 0.7328125 0.53125 0.7296875 0.53125 0.7171875 0.5375 0.7140625 0.5390625 0.6875 0.534375 0.6859375 0.534375 0.6828125 0.53125 0.68125 0.53125 0.6734375 0.5265625 0.6703125 0.528125 0.6578125 0.53125 0.6578125 0.5375 0.6515625
1 0.5078125 0.8828125 0.5109375 0.8828125 0.5140625 0.878125 0.525 0.8796875 0.525 0.8828125 0.5296875 0.884375 0.53125 0.8890625 0.534375 0.8890625 0.5375 0.8953125 0.5359375 0.9015625 0.540625 0.9046875 0.5390625 0.9328125 0.5375 0.9390625 0.5328125 0.940625 0.53125 0.965625 0.5265625 0.96875 0.5265625 0.984375 0.5171875 0.984375 0.515625 0.9890625 0.5078125 0.9875 0.5046875 0.9796875 0.5 0.978125 0.5015625 0.9609375 0.50625 0.959375 0.5078125 0.9421875 0.5125 0.940625 0.5140625 0.93125 0.5140625 0.9140625 0.515625 0.9125 0.5109375 0.909375 0.5109375 0.9015625 0.50625 0.9 0.5078125 0.884375
9 0.4640625 0.8640625 0.475 0.865625 0.475 0.86875 0.4796875 0.8703125 0.478125 0.878125 0.4828125 0.8796875 0.478125 0.946875 0.471875 0.95 0.4703125 0.975 0.4671875 0.975 0.4640625 0.9796875 0.45 0.978125 0.45 0.975 0.4453125 0.9734375 0.446875 0.946875 0.4484375 0.9421875 0.453125 0.940625 0.4578125 0.8921875 0.4578125 0.8828125 0.453125 0.88125 0.453125 0.875 0.4578125 0.8734375 0.459375 0.86875 0.4625 0.86875 0.4640625 0.865625
9 0.4828125 0.6453125 0.4859375 0.65 0.49375 0.65 0.49375 0.659375 0.4984375 0.6609375 0.490625 0.7453125 0.4859375 0.746875 0.484375 0.7546875 0.48125 0.7546875 0.4796875 0.759375 0.475 0.7609375 0.475 0.7640625 0.46875 0.7625 0.46875 0.759375 0.4640625 0.7578125 0.4625 0.753125 0.459375 0.753125 0.4609375 0.7359375 0.4640625 0.7359375 0.4671875 0.73125 0.4734375 0.6484375 0.48125 0.65 0.4828125 0.646875
9 0.496875 0.434375 0.5078125 0.4359375 0.5078125 0.4390625 0.5125 0.440625 0.5125 0.44375 0.5171875 0.446875 0.5140625 0.4671875 0.51875 0.46875 0.5171875 0.4859375 0.521875 0.4890625 0.5203125 0.5171875 0.51875 0.51875 0.5171875 0.5171875 0.5140625 0.5203125 0.5140625 0.5265625 0.509375 0.528125 0.509375 0.5359375 0.5 0.5359375 0.4984375 0.5390625 0.49375 0.540625 0.49375 0.54375 0.4828125 0.54375 0.4828125 0.540625 0.475 0.5328125 0.475 0.525 0.478125 0.525 0.48125 0.5203125 0.4828125 0.521875 0.4859375 0.5171875 0.490625 0.515625 0.490625 0.5125 0.4953125 0.5109375 0.496875 0.490625 0.4921875 0.4890625 0.49375 0.471875 0.4890625 0.4703125 0.4890625 0.465625 0.4921875 0.4390625 0.4953125 0.4390625 0.496875 0.4359375
9 0.5390625 0.2359375 0.5390625 0.2484375 0.54375 0.2515625 0.540625 0.2703125 0.540625 0.2875 0.534375 0.290625 0.534375 0.303125 0.528125 0.30625 0.5265625 0.3265625 0.51875 0.325 0.5171875 0.3296875 0.5109375 0.3296875 0.5109375 0.3265625 0.503125 0.31875 0.5046875 0.296875 0.509375 0.2953125 0.509375 0.2859375 0.515625 0.2828125 0.5171875 0.2671875 0.5171875 0.253125 0.5140625 0.2515625 0.5140625 0.24375 0.509375 0.240625 0.5109375 0.2203125 0.5125 0.21875 0.5140625 0.2203125 0.5296875 0.2203125 0.53125 0.225 0.5359375 0.2265625 0.5375 0.2359375
4 0.38125 0.8578125 0.4015625 0.859375 0.4015625 0.8625 0.40625 0.8640625 0.40625 0.8671875 0.4140625 0.875 0.4125 0.909375 0.4109375 0.915625 0.409375 0.9140625 0.40625 0.915625 0.40625 0.9265625 0.4 0.928125 0.4 0.94375 0.39375 0.946875 0.3921875 0.96875 0.3890625 0.9671875 0.384375 0.9765625 0.3734375 0.9765625 0.371875 0.971875 0.3671875 0.9703125 0.36875 0.94375 0.3703125 0.9390625 0.375 0.9375 0.3765625 0.91875 0.38125 0.9171875 0.38125 0.9078125 0.3828125 0.9046875 0.3875 0.903125 0.3890625 0.8890625 0.3890625 0.8859375 0.384375 0.884375 0.384375 0.88125 0.3796875 0.8796875 0.3796875 0.8765625 0.375 0.8734375 0.3765625 0.865625 0.378125 0.8671875 0.38125 0.865625 0.38125 0.859375
4 0.409375 0.6390625 0.4078125 0.640625 0.4109375 0.64375 0.415625 0.64375 0.415625 0.6515625 0.4203125 0.653125 0.4234375 0.659375 0.428125 0.659375 0.428125 0.6625 0.4328125 0.6640625 0.4328125 0.6671875 0.4375 0.66875 0.4375 0.671875 0.4421875 0.6765625 0.4390625 0.7046875 0.434375 0.70625 0.4328125 0.7171875 0.4296875 0.7171875 0.428125 0.721875 0.4234375 0.7234375 0.4234375 0.7265625 0.4203125 0.7265625 0.41875 0.7296875 0.415625 0.7296875 0.4125 0.734375 0.4078125 0.7359375 0.4078125 0.746875 0.403125 0.7578125 0.3859375 0.75625 0.38125 0.746875 0.384375 0.7203125 0.3875 0.7203125 0.3890625 0.715625 0.3921875 0.715625 0.3953125 0.7109375 0.403125 0.7109375 0.4046875 0.7078125 0.4078125 0.7078125 0.409375 0.7 0.4125 0.6984375 0.4140625 0.69375 0.4140625 0.6859375 0.40625 0.678125 0.403125 0.6703125 0.3984375 0.66875 0.396875 0.6640625 0.39375 0.6640625 0.3953125 0.65625 0.390625 0.6546875 0.390625 0.6515625 0.3953125 0.65 0.3953125 0.6421875 0.403125 0.6421875 0.4078125 0.6390625
4 0.4328125 0.4203125 0.4359375 0.421875 0.434375 0.4265625 0.4390625 0.4296875 0.4375 0.4515625 0.4421875 0.453125 0.440625 0.465625 0.4453125 0.4671875 0.4453125 0.4796875 0.44375 0.48125 0.440625 0.5328125 0.4390625 0.5390625 0.434375 0.540625 0.434375 0.5484375 0.43125 0.5484375 0.428125 0.553125 0.4171875 0.5515625 0.41875 0.5484375 0.4140625 0.546875 0.4203125 0.475 0.415625 0.4734375 0.415625 0.4609375 0.4125 0.4578125 0.4125 0.44375 0.4140625 0.4421875 0.4140625 0.425 0.4203125 0.4203125 0.43125 0.4203125
4 0.4484375 0.20625 0.4546875 0.20625 0.459375 0.2109375 0.4578125 0.2125 0.4625 0.215625 0.4546875 0.31875 0.4484375 0.321875 0.4484375 0.328125 0.4421875 0.328125 0.440625 0.3328125 0.4375 0.3328125 0.4359375 0.3265625 0.428125 0.3265625 0.428125 0.31875 0.425 0.3171875 0.425 0.3140625 0.4296875 0.3125 0.43125 0.3 0.4375 0.2109375 0.4390625 0.2078125 0.4421875 0.209375 0.4484375 0.2078125
4 0.45625 0 0.471875 0 0.471875 0.003125 0.4765625 0.0046875 0.4765625 0.0125 0.48125 0.015625 0.4796875 0.0265625 0.484375 0.0296875 0.48125 0.06875 0.4796875 0.071875 0.475 0.0734375 0.4734375 0.0953125 0.46875 0.096875 0.4671875 0.109375 0.4484375 0.1078125 0.446875 0.10625 0.4484375 0.090625 0.44375 0.0859375 0.45 0.0828125 0.45 0.06875 0.45625 0.065625 0.4578125 0.0359375 0.453125 0.0328125 0.4546875 0.0171875 0.4515625 0.015625 0.4515625 0.003125 0.45625 0.0015625
9 0.525 0.0015625 0.5375 0.0015625 0.5421875 0.00625 0.55 0.00625 0.55 0.0140625 0.5546875 0.0171875 0.5484375 0.0875 0.5421875 0.090625 0.5421875 0.1015625 0.5390625 0.1015625 0.5359375 0.10625 0.5125 0.103125 0.5125 0.1 0.5078125 0.0984375 0.5109375 0.0546875 0.5171875 0.0515625 0.5203125 0.0046875 0.525 0.003125
0 0.37079721103213326 0.9767921049794474 0.6191602232704125 0.980102340373973 0.6448073044157903 0.9501134221496429 0.5860288589223733 0.8851101585090012 0.3613139429040668 0.8746595071399564 0.30704926810367333 0.9159587448036867 0.3262995974877549 0.9590850337787508 0.37079721103213326 0.9767921049794474
0 0.5960237835493983 0.7708676472599478 0.6387502755393817 0.7561870183258281 0.6598276562347972 0.7257983031164172 0.6139587181211048 0.6711338313309427 0.38050419818795483 0.6553138855417739 0.32623952338756135 0.6966131232055043 0.3721084615012539 0.7512775949909788 0.5960237835493983 0.7708676472599478
0 0.6571409368531077 0.54598079762757 0.6923272158834908 0.51222177292344 0.6285792729550307 0.45138841274767916 0.4134035548217292 0.43716765489883436 0.3176117789865955 0.47943842014679783 0.38632921935009873 0.5361018768576773 0.6571409368531077 0.54598079762757
0 0.4367077838135597 0.3286942350549861 0.6286352027119694 0.34548570842838805 0.6759313951519147 0.3312048764793495 0.7023780702674545 0.2920765573550953 0.6477695282389188 0.23204279114949666 0.41848491177064995 0.22119234279537098 0.35468103908525106 0.26626168693890145 0.3918103732841004 0.3155568643042518 0.4367077838135597 0.3286942350549861
0 0.4463588412124424 0.11311871993660363 0.666104259795706 0.12773927477052957 0.7050606453058891 0.10351944795140486 0.7211685285662615 0.07730063620687497 0.6615904891026825 0.021436773466157445 0.42773617218445176 0.010186528126950733 0.3780411978340203 0.05188556277576213 0.40186122766806404 0.09541164873590731 0.4463588412124424 0.11311871993660363