3 0.37832000000000005 0.10460888888888889 0.38916000000000006 0.12737333333333334 0.39620444444444447 0.13279111111111114 0.40975555555555554 0.13224888888888892 0.4016266666666667 0.1214088888888889 0.3929555555555556 0.10135555555555556 0.3924133333333334 0.07046222222222223 0.4037955555555556 0.034688888888888894 0.38916000000000006 0.031977777777777786 0.37560888888888894 0.06992000000000001 0.37832000000000005 0.10460888888888889
3 0.38103111111111115 0.2617866666666667 0.3745244444444445 0.28184444444444445 0.3750666666666667 0.30677333333333334 0.38048888888888893 0.33008000000000004 0.38807555555555556 0.3414622222222222 0.39349777777777784 0.3490533333333334 0.40325333333333335 0.3495955555555556 0.40325333333333335 0.3403777777777778 0.4 0.3322488888888889 0.39512 0.3154488888888889 0.3945777777777778 0.29647555555555555 0.3967466666666667 0.2715466666666667 0.40325333333333335 0.25908000000000003 0.4119244444444445 0.24878222222222224 0.40271111111111113 0.24824000000000002 0.3902444444444445 0.24986666666666668 0.38103111111111115 0.2617866666666667
3 0.3902444444444445 0.4585377777777778 0.38048888888888893 0.4720888888888889 0.3772355555555556 0.4861777777777778 0.3772355555555556 0.4932266666666667 0.3766933333333334 0.5035244444444446 0.3766933333333334 0.5143644444444445 0.3794044444444445 0.5279111111111112 0.3794044444444445 0.5409200000000001 0.3837377777777778 0.5495955555555556 0.3886177777777778 0.5528444444444445 0.3989155555555556 0.5533866666666667 0.40704444444444443 0.5463422222222223 0.39837333333333336 0.5398355555555556 0.39404000000000006 0.5262888888888889 0.39404000000000006 0.5159911111111112 0.39404000000000006 0.504608888888889 0.3945777777777778 0.4953911111111111 0.39783111111111114 0.48292888888888896 0.40054222222222224 0.47154666666666667 0.4037955555555556 0.45962222222222227 0.3972888888888889 0.4585377777777778 0.3902444444444445 0.4585377777777778
3 0.3929555555555556 0.6655822222222223 0.3864488888888889 0.6715466666666667 0.38048888888888893 0.6785911111111111 0.37560888888888894 0.6926844444444445 0.3794044444444445 0.7051511111111111 0.3766933333333334 0.7149066666666667 0.3766933333333334 0.72412 0.3766933333333334 0.7338755555555556 0.37832000000000005 0.7436311111111111 0.3821155555555556 0.7533866666666668 0.38807555555555556 0.7626000000000001 0.3924133333333334 0.7663955555555556 0.40054222222222224 0.7658533333333334 0.40758666666666665 0.7626000000000001 0.40325333333333335 0.7533866666666668 0.3989155555555556 0.7414622222222222 0.39566222222222225 0.7284533333333333 0.3945777777777778 0.706231111111111 0.3945777777777778 0.6905155555555557 0.40108444444444447 0.6780488888888889 0.40758666666666665 0.66504 0.4016266666666667 0.66504 0.3929555555555556 0.6655822222222223
3 0.38807555555555556 0.8742533333333334 0.38482222222222223 0.8845511111111112 0.3799466666666667 0.89756 0.37832000000000005 0.9154488888888889 0.37832000000000005 0.9322488888888889 0.3794044444444445 0.9506755555555555 0.3815733333333334 0.9620577777777777 0.3886177777777778 0.9701911111111112 0.3945777777777778 0.9745244444444445 0.40271111111111113 0.9728977777777776 0.40704444444444443 0.9712755555555557 0.40596 0.9642266666666666 0.3994577777777778 0.9560977777777779 0.3972888888888889 0.9436311111111111 0.3929555555555556 0.93008 0.39187111111111117 0.9181555555555556 0.3945777777777778 0.9073155555555555 0.39620444444444447 0.8959333333333334 0.40054222222222224 0.8878044444444445 0.40325333333333335 0.8807600000000001 0.4065022222222222 0.8737111111111112 0.39837333333333336 0.8737111111111112 0.38807555555555556 0.8742533333333334
1 0.4525733333333333 0.9512177777777777 0.4520311111111111 0.9452577777777778 0.44932444444444447 0.9371288888888889 0.4471555555555556 0.9317066666666667 0.4471555555555556 0.9192400000000001 0.44390222222222225 0.9073155555555555 0.44607111111111114 0.9029822222222222 0.4558266666666667 0.8910577777777778 0.45528444444444444 0.878048888888889 0.44878222222222225 0.8758800000000001 0.4422755555555556 0.8742533333333334 0.4395644444444445 0.8742533333333334 0.43468888888888896 0.8818444444444445 0.42980888888888885 0.8910577777777778 0.42980888888888885 0.9008133333333334 0.42980888888888885 0.9105688888888889 0.42926666666666663 0.921951111111111 0.42656 0.9338755555555556 0.42980888888888885 0.9441733333333333 0.4330622222222222 0.9533866666666666 0.44390222222222225 0.9636844444444446 0.45528444444444444 0.9636844444444446 0.46124444444444446 0.9636844444444446 0.45908000000000004 0.9560977777777779 0.4525733333333333 0.9512177777777777
1 0.4471555555555556 0.6682933333333334 0.4401066666666667 0.6688355555555556 0.4314355555555555 0.68672 0.4287244444444444 0.7116533333333334 0.42980888888888885 0.72412 0.4314355555555555 0.74092 0.4352311111111112 0.7555555555555556 0.4422755555555556 0.7577244444444445 0.45528444444444444 0.7555555555555556 0.46395555555555557 0.7550133333333333 0.4514888888888889 0.7262888888888889 0.45094666666666666 0.71328 0.45094666666666666 0.6953911111111111 0.45311555555555555 0.6834666666666667 0.4585377777777778 0.6677511111111112 0.45311555555555555 0.6677511111111112 0.4471555555555556 0.6682933333333334
1 0.4453125 0.4578125 0.45625 0.4578125 0.45625 0.4609375 0.4609375 0.4625 0.4609375 0.484375 0.4578125 0.484375 0.453125 0.4890625 0.453125 0.496875 0.4484375 0.4984375 0.4484375 0.51875 0.453125 0.5203125 0.45625 0.528125 0.4609375 0.5296875 0.4609375 0.5375 0.465625 0.5390625 0.465625 0.5546875 0.4578125 0.5546875 0.45625 0.559375 0.45 0.559375 0.45 0.55625 0.4453125 0.5546875 0.4453125 0.5515625 0.440625 0.55 0.4390625 0.5453125 0.4359375 0.5453125 0.4359375 0.5390625 0.43125 0.5375 0.43125 0.534375 0.428125 0.5328125 0.428125 0.525 0.4234375 0.5234375 0.4234375 0.49375 0.428125 0.4921875 0.428125 0.48125 0.43125 0.4796875 0.43125 0.4765625 0.4359375 0.475 0.4359375 0.4671875 0.4390625 0.4671875 0.440625 0.4625 0.44375 0.4625 0.4453125 0.459375
1 0.4453125 0.2453125 0.4609375 0.2453125 0.4609375 0.2484375 0.465625 0.25 0.465625 0.265625 0.4609375 0.2671875 0.4609375 0.275 0.45625 0.2765625 0.45625 0.2921875 0.453125 0.29375 0.453125 0.31875 0.45625 0.3203125 0.4578125 0.325 0.4609375 0.325 0.4609375 0.3328125 0.465625 0.334375 0.465625 0.3453125 0.4625 0.3453125 0.4609375 0.35 0.45625 0.3515625 0.45625 0.3546875 0.45 0.3546875 0.45 0.3515625 0.4453125 0.35 0.44375 0.3453125 0.4359375 0.3421875 0.4359375 0.334375 0.43125 0.3328125 0.43125 0.325 0.428125 0.3234375 0.428125 0.2890625 0.43125 0.2875 0.43125 0.2671875 0.434375 0.2671875 0.4359375 0.2625 0.440625 0.2609375 0.440625 0.25 0.44375 0.25 0.4453125 0.246875
1 0.45 0.028125 0.45625 0.028125 0.4578125 0.03125 0.4609375 0.03125 0.4625 0.0359375 0.465625 0.0359375 0.465625 0.053125 0.4609375 0.0546875 0.4609375 0.0703125 0.45625 0.071875 0.45625 0.1015625 0.4609375 0.103125 0.4609375 0.1109375 0.465625 0.1125 0.465625 0.128125 0.4625 0.128125 0.4609375 0.1328125 0.45 0.1328125 0.45 0.1296875 0.4453125 0.128125 0.4453125 0.125 0.440625 0.1234375 0.4390625 0.11875 0.4359375 0.11875 0.4359375 0.1125 0.43125 0.1109375 0.43125 0.0765625 0.4359375 0.075 0.4359375 0.05 0.440625 0.0484375 0.440625 0.03125 0.45 0.0296875
9 0.4984375 0.03125 0.5140625 0.03125 0.5140625 0.034375 0.51875 0.0359375 0.51875 0.065625 0.5140625 0.0671875 0.5140625 0.1234375 0.51875 0.125 0.51875 0.1328125 0.5140625 0.134375 0.5109375 0.1421875 0.4984375 0.1421875 0.4984375 0.1390625 0.49375 0.1375 0.49375 0.1296875 0.4890625 0.128125 0.4890625 0.0625 0.49375 0.0609375 0.49375 0.0359375 0.496875 0.0359375 0.4984375 0.0328125
9 0.5078125 0.240625 0.5140625 0.240625 0.5140625 0.24375 0.51875 0.2453125 0.5203125 0.25 0.5234375 0.25 0.5234375 0.265625 0.51875 0.2671875 0.51875 0.35 0.5125 0.35 0.5109375 0.3546875 0.5078125 0.3546875 0.50625 0.35 0.4984375 0.35 0.4984375 0.34375 0.49375 0.3421875 0.49375 0.2578125 0.4984375 0.25625 0.4984375 0.25 0.5015625 0.25 0.503125 0.2453125 0.50625 0.2453125 0.5078125 0.2421875
9 0.5078125 0.4546875 0.51875 0.4546875 0.5203125 0.4578125 0.5234375 0.4578125 0.525 0.4625 0.528125 0.4625 0.528125 0.4703125 0.525 0.4703125 0.5234375 0.475 0.5203125 0.475 0.51875 0.4796875 0.515625 0.4796875 0.5140625 0.484375 0.5109375 0.4859375 0.5109375 0.50625 0.5140625 0.5078125 0.5140625 0.5234375 0.51875 0.525 0.51875 0.5546875 0.515625 0.5546875 0.5140625 0.559375 0.503125 0.559375 0.503125 0.55625 0.4984375 0.5546875 0.496875 0.55 0.49375 0.55 0.49375 0.5296875 0.4890625 0.528125 0.4890625 0.5125 0.4859375 0.5109375 0.4859375 0.48125 0.4890625 0.4796875 0.4890625 0.471875 0.49375 0.4703125 0.49375 0.4625 0.5015625 0.4625 0.503125 0.4578125 0.5078125 0.45625
9 0.503125 0.6625 0.5109375 0.6625 0.5140625 0.6703125 0.51875 0.671875 0.51875 0.6921875 0.5140625 0.69375 0.5140625 0.70625 0.5109375 0.7078125 0.5109375 0.7375 0.5140625 0.7390625 0.5140625 0.7453125 0.51875 0.746875 0.51875 0.76875 0.4984375 0.76875 0.4984375 0.765625 0.49375 0.7640625 0.49375 0.75625 0.4890625 0.7546875 0.4890625 0.74375 0.4859375 0.7421875 0.4859375 0.703125 0.4890625 0.7015625 0.4890625 0.6890625 0.49375 0.6875 0.49375 0.6671875 0.5015625 0.6671875 0.503125 0.6640625
4 0.578125 0.028125 0.590625 0.028125 0.5921875 0.03125 0.5953125 0.03125 0.5953125 0.0609375 0.590625 0.0625 0.590625 0.084375 0.5859375 0.0859375 0.5859375 0.096875 0.58125 0.0984375 0.58125 0.1140625 0.5859375 0.115625 0.5859375 0.11875 0.590625 0.1203125 0.5921875 0.125 0.5953125 0.125 0.5953125 0.1328125 0.590625 0.134375 0.590625 0.1421875 0.5703125 0.1421875 0.5703125 0.1390625 0.565625 0.1375 0.565625 0.134375 0.5609375 0.1328125 0.559375 0.128125 0.55625 0.128125 0.55625 0.0890625 0.5609375 0.0875 0.5609375 0.0765625 0.565625 0.075 0.565625 0.0578125 0.5703125 0.05625 0.5703125 0.0359375 0.5734375 0.034375 0.5734375 0.03125 0.578125 0.0296875
4 0.578125 0.240625 0.5953125 0.240625 0.5953125 0.24375 0.5984375 0.2453125 0.5984375 0.275 0.5953125 0.2765625 0.5953125 0.2796875 0.590625 0.28125 0.590625 0.284375 0.5828125 0.284375 0.58125 0.2875 0.5765625 0.2890625 0.5765625 0.296875 0.571875 0.2984375 0.571875 0.3109375 0.58125 0.315625 0.58125 0.31875 0.5859375 0.3203125 0.5859375 0.3234375 0.590625 0.325 0.5921875 0.3296875 0.5953125 0.3296875 0.5953125 0.3375 0.5984375 0.3390625 0.5984375 0.3421875 0.5953125 0.34375 0.5953125 0.35 0.5875 0.35 0.5859375 0.3546875 0.5828125 0.3546875 0.58125 0.35 0.5734375 0.35 0.5734375 0.34375 0.5703125 0.3421875 0.56875 0.3375 0.5609375 0.3375 0.5609375 0.334375 0.55625 0.3328125 0.55625 0.3296875 0.5515625 0.328125 0.55 0.3234375 0.546875 0.3234375 0.546875 0.29375 0.5515625 0.2921875 0.5515625 0.28125 0.5546875 0.28125 0.55625 0.2765625 0.559375 0.2765625 0.5609375 0.271875 0.5640625 0.271875 0.565625 0.2671875 0.5703125 0.265625 0.5703125 0.2625 0.5734375 0.2609375 0.5734375 0.2453125 0.5765625 0.2453125 0.578125 0.2421875
4 0.5703125 0.440625 0.58125 0.440625 0.58125 0.44375 0.5859375 0.4453125 0.5859375 0.5140625 0.590625 0.515625 0.590625 0.528125 0.5953125 0.5296875 0.5953125 0.5640625 0.5921875 0.5640625 0.590625 0.56875 0.5734375 0.56875 0.5734375 0.5609375 0.5703125 0.559375 0.5703125 0.5390625 0.565625 0.5375 0.565625 0.525 0.5609375 0.5234375 0.5609375 0.4546875 0.565625 0.453125 0.565625 0.4453125 0.56875 0.4453125 0.5703125 0.4421875
4 0.578125 0.6546875 0.58125 0.6546875 0.5828125 0.6578125 0.590625 0.6578125 0.590625 0.665625 0.5953125 0.6671875 0.5953125 0.6703125 0.590625 0.671875 0.590625 0.771875 0.5828125 0.771875 0.58125 0.7765625 0.5734375 0.7765625 0.5734375 0.7734375 0.56875 0.76875 0.565625 0.76875 0.565625 0.6671875 0.5703125 0.665625 0.5703125 0.6578125 0.578125 0.65625
4 0.5703125 0.871875 0.590625 0.871875 0.590625 0.8875 0.5953125 0.8890625 0.5953125 0.8921875 0.590625 0.89375 0.590625 0.9109375 0.5859375 0.9125 0.5859375 0.9421875 0.590625 0.94375 0.590625 0.959375 0.5953125 0.9609375 0.5953125 0.971875 0.5921875 0.971875 0.590625 0.9765625 0.5859375 0.978125 0.5859375 0.98125 0.578125 0.98125 0.578125 0.978125 0.5734375 0.9765625 0.5734375 0.9734375 0.5703125 0.971875 0.5703125 0.965625 0.565625 0.9640625 0.565625 0.9515625 0.5609375 0.95 0.5609375 0.9078125 0.565625 0.90625 0.565625 0.8859375 0.5703125 0.884375 0.5703125 0.8734375
9 0.503125 0.88125 0.528125 0.88125 0.528125 0.884375 0.5328125 0.8859375 0.5328125 0.928125 0.528125 0.9296875 0.528125 0.9765625 0.525 0.9765625 0.5234375 0.98125 0.5125 0.98125 0.5109375 0.9765625 0.4984375 0.9765625 0.4984375 0.9703125 0.49375 0.96875 0.49375 0.8984375 0.4984375 0.896875 0.4984375 0.8859375 0.5015625 0.8859375 0.503125 0.8828125
0 0.39111111111111113 0.13333333333333336 0.6088888888888889 0.12444444444444444 0.6577777777777778 0.08 0.6355555555555557 0.04 0.5911111111111111 0.026666666666666665 0.3511111111111111 0.044444444444444446 0.3288888888888889 0.07555555555555556 0.39111111111111113 0.13333333333333336
0 0.38222222222222224 0.34222222222222226 0.6088888888888889 0.3377777777777778 0.6577777777777778 0.29333333333333333 0.6088888888888889 0.24444444444444446 0.39111111111111113 0.24444444444444446 0.3511111111111111 0.26222222222222225 0.33333333333333337 0.29333333333333333 0.38222222222222224 0.34222222222222226
0 0.38666666666666666 0.5555555555555556 0.5955555555555556 0.5511111111111111 0.6844444444444445 0.5022222222222222 0.6133333333333334 0.4533333333333333 0.3511111111111111 0.4666666666666667 0.32 0.5022222222222222 0.38666666666666666 0.5555555555555556
0 0.38666666666666666 0.768888888888889 0.6088888888888889 0.76 0.6666666666666667 0.7111111111111111 0.6266666666666667 0.6666666666666667 0.5822222222222223 0.6577777777777778 0.39555555555555555 0.6577777777777778 0.3511111111111111 0.6755555555555556 0.3288888888888889 0.7155555555555556 0.38666666666666666 0.768888888888889
0 0.39111111111111113 0.9733333333333334 0.6177777777777778 0.9644444444444444 0.6622222222222223 0.9200000000000002 0.6355555555555557 0.8800000000000001 0.5911111111111111 0.8666666666666668 0.3777777777777778 0.8711111111111112 0.34222222222222226 0.8977777777777778 0.3288888888888889 0.9244444444444445 0.39111111111111113 0.9733333333333334