4 0.8109375 0.4453125 0.8484375 0.45 0.8515625 0.453125 0.871875 0.4515625 0.878125 0.4546875 0.88125 0.453125 0.884375 0.4546875 0.9 0.453125 0.9015625 0.4546875 0.925 0.4484375 0.9390625 0.45 0.9515625 0.45625 0.9546875 0.4640625 0.95 0.4734375 0.9390625 0.478125 0.9375 0.48125 0.93125 0.484375 0.834375 0.471875 0.821875 0.471875 0.81875 0.475 0.8078125 0.4765625 0.7890625 0.475 0.784375 0.4671875 0.7890625 0.4546875 0.7921875 0.453125 0.7953125 0.446875 0.809375 0.4453125
4 0.51875 0.40625 0.5578125 0.4125 0.6078125 0.4171875 0.6375 0.425 0.6421875 0.428125 0.6421875 0.4453125 0.634375 0.45 0.596875 0.44375 0.59375 0.4453125 0.5875 0.4421875 0.5828125 0.44375 0.5671875 0.4390625 0.5640625 0.440625 0.5390625 0.4359375 0.534375 0.4375 0.5296875 0.434375 0.484375 0.4296875 0.48125 0.4265625 0.4828125 0.41875 0.4921875 0.4171875 0.4984375 0.4046875 0.5171875 0.40625
4 0.2125 0.371875 0.290625 0.3828125 0.315625 0.3828125 0.3171875 0.384375 0.3265625 0.3828125 0.33125 0.3875 0.3328125 0.39375 0.3296875 0.4015625 0.3296875 0.409375 0.3265625 0.4109375 0.3140625 0.4109375 0.296875 0.40625 0.29375 0.4078125 0.2875 0.4046875 0.2796875 0.40625 0.275 0.403125 0.265625 0.4046875 0.259375 0.4015625 0.25625 0.403125 0.25 0.4 0.2125 0.396875 0.19375 0.3921875 0.184375 0.38125 0.1859375 0.375 0.1921875 0.3703125 0.2109375 0.371875
9 0.2390625 0.4359375 0.240625 0.4375 0.2484375 0.4359375 0.2515625 0.4390625 0.253125 0.4375 0.26875 0.440625 0.2734375 0.4390625 0.278125 0.4421875 0.2859375 0.440625 0.3109375 0.44375 0.3140625 0.446875 0.3140625 0.4625 0.3109375 0.46875 0.2953125 0.4734375 0.2453125 0.4671875 0.228125 0.4671875 0.2265625 0.46875 0.2203125 0.4671875 0.215625 0.4703125 0.196875 0.46875 0.190625 0.4609375 0.1859375 0.459375 0.1859375 0.4515625 0.1828125 0.4453125 0.184375 0.440625 0.1953125 0.4359375 0.1984375 0.4375 0.2078125 0.4359375 0.2375 0.4375
9 0.528125 0.471875 0.5765625 0.478125 0.58125 0.4828125 0.6125 0.4859375 0.615625 0.4890625 0.6140625 0.50625 0.6078125 0.5125 0.603125 0.5125 0.584375 0.5046875 0.578125 0.5046875 0.575 0.5015625 0.5390625 0.496875 0.5140625 0.4984375 0.484375 0.49375 0.4796875 0.490625 0.4796875 0.4859375 0.4828125 0.48125 0.490625 0.4828125 0.4953125 0.4765625 0.5 0.4765625 0.5078125 0.4703125 0.5265625 0.471875
9 0.8140625 0.50625 0.8234375 0.5140625 0.8859375 0.521875 0.89375 0.51875 0.91875 0.521875 0.9234375 0.5265625 0.921875 0.5390625 0.9203125 0.54375 0.915625 0.5453125 0.85625 0.5375 0.8328125 0.5375 0.8015625 0.53125 0.796875 0.5234375 0.7984375 0.5078125 0.8046875 0.503125 0.8125 0.50625
1 0.8046875 0.55625 0.915625 0.5703125 0.9203125 0.5765625 0.9109375 0.5875 0.828125 0.5765625 0.8203125 0.578125 0.815625 0.5765625 0.8078125 0.58125 0.803125 0.5796875 0.79375 0.58125 0.7890625 0.5765625 0.7890625 0.5703125 0.784375 0.5640625 0.7859375 0.559375 0.7921875 0.55625 0.803125 0.55625
1 0.4984375 0.5234375 0.6109375 0.5359375 0.6140625 0.5375 0.615625 0.5453125 0.6125 0.5484375 0.60625 0.5484375 0.6015625 0.5515625 0.5859375 0.546875 0.4890625 0.5359375 0.4859375 0.5328125 0.4859375 0.5265625 0.4890625 0.5234375 0.496875 0.5234375
1 0.20625 0.484375 0.2453125 0.490625 0.2828125 0.4921875 0.303125 0.4953125 0.309375 0.5015625 0.3078125 0.5078125 0.2984375 0.5140625 0.24375 0.5046875 0.23125 0.50625 0.19375 0.5015625 0.1875 0.4953125 0.1890625 0.4859375 0.2046875 0.484375
3 0.2171875 0.5234375 0.28125 0.5328125 0.29375 0.5328125 0.3015625 0.534375 0.3078125 0.5390625 0.31875 0.5390625 0.321875 0.540625 0.3234375 0.5484375 0.3171875 0.5515625 0.3125 0.559375 0.3078125 0.5609375 0.3046875 0.5578125 0.2921875 0.5578125 0.278125 0.553125 0.203125 0.5453125 0.178125 0.540625 0.1703125 0.5359375 0.171875 0.5265625 0.178125 0.521875 0.190625 0.5203125 0.215625 0.5234375
3 0.496875 0.5625 0.5359375 0.56875 0.546875 0.5671875 0.575 0.571875 0.584375 0.5703125 0.5953125 0.571875 0.5984375 0.56875 0.6109375 0.5703125 0.6171875 0.5734375 0.6203125 0.5875 0.61875 0.5953125 0.6109375 0.6 0.609375 0.5984375 0.6015625 0.6 0.5921875 0.596875 0.584375 0.5984375 0.5078125 0.5875 0.503125 0.5890625 0.4859375 0.5875 0.484375 0.5890625 0.471875 0.5828125 0.4703125 0.578125 0.471875 0.571875 0.46875 0.565625 0.4734375 0.5609375 0.4953125 0.5625
3 0.8015625 0.5953125 0.8921875 0.6078125 0.9171875 0.6078125 0.9234375 0.6140625 0.925 0.634375 0.921875 0.6375 0.7828125 0.6203125 0.7734375 0.6109375 0.7734375 0.596875 0.784375 0.59375 0.8 0.5953125
0 0.33307711432118253 0.38505040064051366 0.28026564030711165 0.34078434853835393 0.2554519865160786 0.33773761495322524 0.1956224276557728 0.3634503849874166 0.18697102973947274 0.3954470430409358 0.19554195308420314 0.4153902293277045 0.19442691455915512 0.43729259724392894 0.18351795302338375 0.50049674338531 0.16806439254273856 0.5237870303837787 0.16716726143613628 0.5567357926826506 0.17086771727660224 0.5650613220395602 0.21570701706252954 0.5973288755137196 0.2436223775774417 0.6007564507969894 0.3050027897996871 0.5752341016118685 0.31229375520311814 0.5414961693473392 0.30543661950002254 0.5075953028031145 0.31381513685912643 0.4393577548777737 0.33100997155078177 0.41470703536643594 0.33307711432118253 0.38505040064051366
0 0.6397652382870754 0.42585543548036026 0.6306230523951334 0.41056480927941036 0.5888854593330852 0.378678097503392 0.5735673465627601 0.37522303565074705 0.5563175387323543 0.3746792596729106 0.4995896865959277 0.4007728714052431 0.48995869786489965 0.4279265485238731 0.5004888028390859 0.45755569668042007 0.48786605366167973 0.5347175230792572 0.4689574313283894 0.5733259228480512 0.4777462620915657 0.6043155035174672 0.521225129364624 0.6348417827806165 0.5510721849396168 0.6353580721890777 0.6085892070417008 0.6156582947535741 0.6180022883542831 0.5774582232522966 0.6115259943493286 0.5404556499841928 0.6168302915539285 0.4844345081052979 0.6390310414601685 0.44465609667270556 0.6397652382870754 0.42585543548036026
0 0.9419912230162201 0.4645383544110556 0.9330394579733488 0.4476968748481663 0.8839284397997439 0.41175635210291606 0.8620260718835194 0.410641313577868 0.8035569455360825 0.4380953578230694 0.7935451151069135 0.4683507416655785 0.8035039575338881 0.5026324499079443 0.7918333126018345 0.5720400094970837 0.7759989104230482 0.5984320032194315 0.7737138602342017 0.6170422435627063 0.7762717909802445 0.6346728930912532 0.7844343860574586 0.6451205383573139 0.8220906815808997 0.6717834275003018 0.8389596477131643 0.6754289102020173 0.9129373076799967 0.6498790744475214 0.9198474313852868 0.6192428489068712 0.9133711373803323 0.5822402756387673 0.9215592338903656 0.5155535810753661 0.9370127943710107 0.4922632940768973 0.9419912230162201 0.4645383544110556