3 0.3539325958186691 0.1480483995325012 0.3440766244890221 0.13848599761289324 0.3322171098099112 0.11978669062428163 0.3267762361880767 0.0889473363416605 0.3324984381302178 0.051332326799235786 0.3174178852957389 0.05093885295065226 0.30986842258210767 0.09106887118294216 0.31808221036319795 0.12536383728506148 0.33254270222197096 0.14643318872783256 0.34045342128831024 0.15073969080034022 0.3539325958186691 0.1480483995325012
3 0.35600143899457803 0.35072454533818 0.3654005951313525 0.36091569943025414 0.3720319908152029 0.36765498608965697 0.38188361654646974 0.3666510416157349 0.3804221522199227 0.357423719010355 0.37587662743670547 0.3498022237556747 0.3683279604284823 0.33375854409425376 0.36477698426267446 0.31485153273720085 0.36299568244195274 0.28955295651495866 0.36753251602840964 0.2760417589825791 0.3745799092581524 0.26435852688144207 0.365271067209555 0.26527650286556725 0.3530493970241287 0.26888142451915126 0.3457164209213547 0.2822745271115142 0.3423831461920542 0.30338469620126535 0.3468783664261229 0.3282534299745231 0.35600143899457803 0.35072454533818
3 0.37861138709088954 0.514555958108341 0.3797013000546085 0.5249503675222773 0.38141996519079374 0.535801592129086 0.38628168652955786 0.5489324436536782 0.38834422562493065 0.5619548029911645 0.3940575418764568 0.5699522986552522 0.3994577012995103 0.5724308352965174 0.40985211071344657 0.5713409223327984 0.4168725311993011 0.5630003608174747 0.40716081944560745 0.5578617478024396 0.40067519610541436 0.5449880970874857 0.399042499459026 0.5346796561633465 0.3972378658330439 0.5232856478738683 0.39631473614258694 0.513973061438444 0.39759557229277986 0.500982123891425 0.3985048570801447 0.4891582731529624 0.3998709570603821 0.47670567024203364 0.39318561588875556 0.47665172475425743 0.3861338770606327 0.4777686104618645 0.3785167274043323 0.49288048163861176 0.37749379672353006 0.5074997702336389 0.37861138709088954 0.514555958108341
3 0.4086067564125907 0.7144781759616443 0.4143828127968523 0.726355972187883 0.4132156225400969 0.7365514718783375 0.4146763822068914 0.7457743454371378 0.416223110363483 0.755540002678608 0.41939818956808256 0.7650477544506872 0.4247444035033598 0.7742116322635789 0.43217133463293855 0.7824895570943662 0.43711538352287194 0.7856012949546769 0.44516672122653683 0.7837696885848067 0.45170264911587843 0.7793961007811833 0.44590406903430796 0.7708602704810054 0.43967119745717376 0.759611226427233 0.43435195626578454 0.7471046780285278 0.4297430901382784 0.7250313821118347 0.42725141325367366 0.7092995534075807 0.4317882468401305 0.695788355875201 0.4362346628902113 0.6817350793199044 0.4302684914274272 0.6826800280479177 0.4216743700410929 0.684597602907585 0.4161066192368258 0.691599845294511 0.4112573334816488 0.6995965328506472 0.4086067564125907 0.7144781759616443
3 0.44663963093740816 0.9370434461581981 0.4493032448016067 0.953860842227791 0.45331033150053457 0.9721346523657981 0.4572860998571944 0.9831847866960889 0.4656273660322706 0.990209656228523 0.47228058075367746 0.9936025279152855 0.4801644305243277 0.990684649520324 0.4842450501294654 0.9883737042602725 0.4820418923967672 0.9814894533651639 0.4742441145641128 0.9743830643895126 0.4700964092278593 0.9622473626938831 0.4636100812279137 0.9493692629323499 0.4606339117467959 0.9376044079397964 0.4616247159773785 0.9263240455437554 0.4614484333994045 0.9146721317848868 0.46450188017355887 0.9058470776730498 0.46609891287929883 0.8983654963959424 0.46823357556137646 0.8907942022422116 0.4600962693679148 0.8920830249294124 0.4498737969335723 0.8942585052584698 0.44824979148394417 0.9050827571213909 0.44543172648187157 0.9188781282072966 0.44663963093740816 0.9370434461581981
1 0.5181241097313481 0.9424042882994321 0.5161475391257723 0.9299247126446151 0.5110002349139768 0.9185037316112489 0.5124843263860318 0.9138220372372853 0.5203593815117227 0.9003385171085462 0.5177540587336805 0.8874021262608569 0.5109012296290394 0.8862619087479894 0.504129919967616 0.8856651795775438 0.5014160015542689 0.886095022026528 0.49773895631398 0.8944670053323194 0.4943146628367499 0.9044635952992918 0.49586139099334137 0.9142292525407617 0.4974081191499328 0.9239949097822316 0.4986699690932457 0.9354748865615068 0.49785110184225695 0.9478408163228863 0.5027360515380823 0.9576341509679966 0.5074535133008934 0.9663412135880162 0.5199374345540905 0.9749309893759701 0.5313314428435686 0.973126355749988 0.5372976143063528 0.9721814070219746 0.5339280744248506 0.9649300538106175 0.5266409538246457 0.9610766225441555 0.5251532214139629 0.9551964195711682 0.5211549293599945 0.9474882511669385 0.5181241097313481 0.9424042882994321
1 0.46478479990468163 0.7250453180605825 0.4678469378755962 0.7373529567358055 0.47213890278780307 0.7539124473360077 0.4782588331312523 0.7679613782929241 0.48565444591856277 0.7690156273159946 0.49833293129686157 0.7647819534899443 0.5069270526831958 0.7628643786302771 0.48989326104840136 0.7360867611941126 0.48728793827035916 0.7231503703464232 0.48445168276681444 0.7052429578649122 0.48473221538171307 0.6929622919335772 0.4876683753238023 0.6763707783313542 0.48224053849710824 0.6772304632293231 0.47636033552412116 0.6787181956400058 0.4693901161392158 0.6803785696900346 0.4635455771068768 0.6996563243019641 0.46478479990468163 0.7250453180605825
1 0.453125 0.4671875 0.4578125 0.4703125 0.4609375 0.4890625 0.4609375 0.4921875 0.4546875 0.4984375 0.4546875 0.50625 0.45 0.5078125 0.453125 0.51875 0.453125 0.528125 0.45625 0.53125 0.4578125 0.5296875 0.4609375 0.534375 0.4640625 0.534375 0.46875 0.5390625 0.46875 0.54375 0.475 0.546875 0.4765625 0.5625 0.471875 0.5625 0.46875 0.56875 0.4625 0.56875 0.45625 0.565625 0.4546875 0.5609375 0.4515625 0.5609375 0.45 0.5578125 0.4453125 0.5578125 0.4453125 0.55 0.434375 0.546875 0.434375 0.540625 0.428125 0.5375 0.4234375 0.5109375 0.428125 0.50625 0.4265625 0.49375 0.4296875 0.49375 0.43125 0.4921875 0.4296875 0.4890625 0.434375 0.4875 0.4328125 0.4796875 0.4375 0.4765625 0.4375 0.4734375 0.440625 0.4734375 0.44375 0.46875 0.4515625 0.46875
1 0.4078125 0.2546875 0.4234375 0.253125 0.425 0.2578125 0.428125 0.25625 0.43125 0.2734375 0.4265625 0.275 0.428125 0.28125 0.425 0.284375 0.4265625 0.3015625 0.4234375 0.303125 0.4234375 0.3109375 0.4265625 0.328125 0.4359375 0.3328125 0.4359375 0.3390625 0.4421875 0.3421875 0.44375 0.35 0.4390625 0.3546875 0.4375 0.3625 0.4296875 0.3640625 0.4265625 0.359375 0.4234375 0.359375 0.421875 0.35625 0.4125 0.3515625 0.4125 0.346875 0.4078125 0.3453125 0.4046875 0.3359375 0.4015625 0.3375 0.3953125 0.303125 0.4 0.3015625 0.396875 0.28125 0.4046875 0.2734375 0.403125 0.2609375 0.4078125 0.25625
1 0.3859375 0.0359375 0.3859375 0.0390625 0.3875 0.040625 0.3890625 0.0390625 0.390625 0.04375 0.3953125 0.04375 0.396875 0.059375 0.3921875 0.0609375 0.3953125 0.075 0.3953125 0.078125 0.3921875 0.0796875 0.3953125 0.103125 0.396875 0.109375 0.4015625 0.1140625 0.4015625 0.11875 0.403125 0.1203125 0.40625 0.11875 0.409375 0.1328125 0.4046875 0.1375 0.4046875 0.140625 0.396875 0.1421875 0.39375 0.1421875 0.3921875 0.1375 0.384375 0.134375 0.38125 0.1296875 0.378125 0.1296875 0.375 0.1234375 0.371875 0.1234375 0.3671875 0.0953125 0.3671875 0.0890625 0.371875 0.0859375 0.3671875 0.065625 0.3671875 0.0609375 0.371875 0.0578125 0.36875 0.04375 0.3765625 0.0421875 0.3796875 0.0359375 0.384375 0.0359375
9 0.4234375 0.0390625 0.4265625 0.0375 0.428125 0.0328125 0.4390625 0.03125 0.44375 0.03125 0.44375 0.034375 0.4484375 0.0359375 0.453125 0.059375 0.453125 0.0640625 0.4484375 0.06875 0.45625 0.1171875 0.4578125 0.121875 0.4625 0.1234375 0.4640625 0.128125 0.4640625 0.13125 0.459375 0.1328125 0.4546875 0.1421875 0.446875 0.14375 0.44375 0.14375 0.44375 0.140625 0.4390625 0.1390625 0.4390625 0.1328125 0.4328125 0.1296875 0.4234375 0.0703125 0.4234375 0.065625 0.428125 0.0640625 0.4234375 0.040625
9 0.475 0.2390625 0.478125 0.24375 0.4875 0.2484375 0.4890625 0.2640625 0.4859375 0.265625 0.4859375 0.275 0.4984375 0.3484375 0.490625 0.35 0.4890625 0.3546875 0.4859375 0.3546875 0.484375 0.35 0.4765625 0.3515625 0.4703125 0.3375 0.459375 0.2609375 0.4625 0.259375 0.4609375 0.2515625 0.465625 0.2484375 0.4640625 0.246875 0.46875 0.24375 0.46875 0.240625 0.4734375 0.240625
9 0.503125 0.4546875 0.5140625 0.453125 0.5171875 0.4578125 0.525 0.459375 0.5265625 0.4640625 0.5265625 0.4671875 0.521875 0.46875 0.521875 0.4734375 0.51875 0.475 0.51875 0.478125 0.5140625 0.4796875 0.5109375 0.4859375 0.5109375 0.49375 0.5125 0.503125 0.51875 0.50625 0.5203125 0.521875 0.5265625 0.525 0.53125 0.553125 0.5265625 0.55625 0.5265625 0.559375 0.5140625 0.5609375 0.5125 0.55625 0.509375 0.5578125 0.509375 0.5546875 0.5046875 0.553125 0.503125 0.5359375 0.5 0.53125 0.496875 0.53125 0.4953125 0.5171875 0.4890625 0.5140625 0.484375 0.4859375 0.4890625 0.4828125 0.4875 0.475 0.4921875 0.4734375 0.490625 0.465625 0.496875 0.4640625 0.503125 0.45625
9 0.53125 0.6640625 0.5390625 0.6640625 0.546875 0.671875 0.5484375 0.6703125 0.55 0.671875 0.553125 0.690625 0.5484375 0.69375 0.55 0.70625 0.5453125 0.7078125 0.546875 0.7203125 0.55 0.7375 0.5515625 0.7390625 0.5546875 0.7375 0.55625 0.7453125 0.5609375 0.746875 0.5640625 0.7609375 0.5640625 0.7671875 0.5421875 0.7703125 0.5375 0.759375 0.5359375 0.7578125 0.5328125 0.759375 0.53125 0.746875 0.5265625 0.7453125 0.525 0.7421875 0.5203125 0.7078125 0.525 0.7046875 0.5234375 0.6921875 0.5265625 0.690625 0.5234375 0.6703125 0.5296875 0.66875 0.53125 0.665625
4 0.5171875 0.0140625 0.5203125 0.01875 0.5234375 0.01875 0.528125 0.04375 0.528125 0.0484375 0.5234375 0.05 0.5265625 0.0703125 0.521875 0.0734375 0.525 0.084375 0.5203125 0.0875 0.521875 0.103125 0.528125 0.1046875 0.5296875 0.1078125 0.5390625 0.1125 0.5390625 0.11875 0.534375 0.121875 0.5359375 0.128125 0.525 0.13125 0.515625 0.13125 0.5078125 0.1234375 0.5 0.1203125 0.4984375 0.115625 0.49375 0.08125 0.4984375 0.0796875 0.496875 0.075 0.496875 0.06875 0.5 0.0671875 0.4984375 0.05 0.503125 0.046875 0.5 0.0265625 0.503125 0.025 0.5078125 0.015625 0.515625 0.015625
4 0.5390625 0.2296875 0.55625 0.2265625 0.5578125 0.23125 0.5625 0.23125 0.565625 0.2609375 0.5625 0.2625 0.5625 0.265625 0.5578125 0.2671875 0.55625 0.271875 0.5515625 0.271875 0.55 0.2765625 0.5453125 0.2796875 0.546875 0.2875 0.54375 0.290625 0.5453125 0.2984375 0.5515625 0.3046875 0.5546875 0.3046875 0.55625 0.309375 0.565625 0.3125 0.5671875 0.3171875 0.5703125 0.315625 0.571875 0.3234375 0.5765625 0.325 0.5765625 0.328125 0.5734375 0.3296875 0.5734375 0.3359375 0.565625 0.3375 0.5640625 0.3390625 0.565625 0.3421875 0.5625 0.34375 0.5609375 0.3390625 0.553125 0.3390625 0.553125 0.334375 0.5484375 0.3328125 0.5453125 0.328125 0.5375 0.3296875 0.5359375 0.325 0.5328125 0.325 0.53125 0.321875 0.5265625 0.321875 0.5265625 0.31875 0.521875 0.3171875 0.5171875 0.2890625 0.521875 0.2859375 0.5203125 0.2734375 0.528125 0.265625 0.528125 0.2625 0.5359375 0.2578125 0.5359375 0.253125 0.5390625 0.2515625 0.5375 0.2421875 0.5375 0.234375 0.540625 0.2328125 0.5390625 0.23125
4 0.5640625 0.43125 0.575 0.4296875 0.575 0.4328125 0.5796875 0.434375 0.5890625 0.496875 0.590625 0.503125 0.5921875 0.5046875 0.5953125 0.503125 0.596875 0.515625 0.603125 0.5171875 0.603125 0.5265625 0.6078125 0.546875 0.6078125 0.5515625 0.6046875 0.5515625 0.603125 0.55625 0.5890625 0.559375 0.5875 0.5515625 0.58125 0.5484375 0.5796875 0.5296875 0.5734375 0.528125 0.5734375 0.5203125 0.5703125 0.515625 0.5671875 0.515625 0.55625 0.45 0.55625 0.446875 0.5609375 0.4453125 0.559375 0.4375 0.5640625 0.4328125
4 0.6171875 0.6453125 0.61875 0.653125 0.625 0.65625 0.6203125 0.659375 0.6203125 0.6640625 0.6359375 0.759375 0.628125 0.7609375 0.6265625 0.7625 0.628125 0.765625 0.621875 0.7671875 0.61875 0.7625 0.6109375 0.759375 0.609375 0.7546875 0.5953125 0.659375 0.5984375 0.6578125 0.5984375 0.6484375 0.603125 0.6484375 0.60625 0.6421875 0.609375 0.646875 0.615625 0.646875
4 0.63125 0.8640625 0.6515625 0.8609375 0.653125 0.871875 0.65625 0.8765625 0.659375 0.8765625 0.659375 0.8796875 0.65625 0.88125 0.6578125 0.8984375 0.653125 0.9015625 0.6578125 0.9296875 0.6640625 0.9328125 0.665625 0.946875 0.6671875 0.9484375 0.6703125 0.946875 0.671875 0.959375 0.66875 0.965625 0.6640625 0.9671875 0.6640625 0.9703125 0.65625 0.971875 0.65625 0.96875 0.646875 0.9625 0.646875 0.95625 0.640625 0.953125 0.640625 0.9453125 0.634375 0.94375 0.634375 0.934375 0.628125 0.903125 0.628125 0.9 0.6328125 0.8984375 0.6296875 0.884375 0.6296875 0.8765625 0.6328125 0.875 0.6328125 0.865625
9 0.5921875 0.878125 0.59375 0.8828125 0.596875 0.88125 0.6 0.896875 0.6 0.90625 0.603125 0.9171875 0.603125 0.925 0.6 0.9265625 0.6 0.9359375 0.60625 0.9671875 0.60625 0.975 0.603125 0.9765625 0.603125 0.9796875 0.5921875 0.9828125 0.5890625 0.978125 0.5765625 0.9796875 0.575 0.971875 0.5734375 0.9703125 0.571875 0.971875 0.5703125 0.96875 0.5703125 0.959375 0.5609375 0.909375 0.5625 0.9 0.5609375 0.8875 0.565625 0.8859375 0.565625 0.88125 0.590625 0.878125
0 0.565340489456331 0.019903750011052424 0.5187360444064568 0.013603207797615102 0.28130616813629233 0.0694510207460521 0.2639935535070398 0.10411764556302101 0.33544078239827824 0.15209001455929835 0.5520347452770228 0.1086635935315435 0.5939276601245191 0.056421870462201526 0.565340489456331 0.019903750011052424
0 0.5710605585927265 0.2287878511714927 0.35305727620911503 0.2633161790407328 0.3158344960055325 0.2874543031296636 0.30297092795553726 0.32141626819419916 0.35966169760413663 0.362604523289262 0.5858584133938294 0.3222178293358976 0.6277513282413258 0.26997610626655566 0.5710605585927265 0.2287878511714927
0 0.608628613536357 0.437188380644156 0.3482488446174722 0.492110445775503 0.32274279658213834 0.5326354366765963 0.3979344123002007 0.5754540993411827 0.6063349417728638 0.5378860443975522 0.6875646160812432 0.47485333697705157 0.608628613536357 0.437188380644156
0 0.6557994213909357 0.6486286371912096 0.6098996360934951 0.6467771415570296 0.4230396797646853 0.6763728511592354 0.3813678529818454 0.7012156350005997 0.3654645578574598 0.7447803529760832 0.4317580804170074 0.7890083351455368 0.6528010898750093 0.7448772543653485 0.7028874381285869 0.686777165211882 0.6557994213909357 0.6486286371912096
0 0.6985211826662573 0.8607735534906968 0.6519167376163831 0.8544730112772594 0.4390671615644625 0.8927457259733235 0.4077027474450043 0.9250772834683356 0.398583566221833 0.9538855422011802 0.46862147560820455 0.9929598180389426 0.6941135316454637 0.948124077506321 0.7315573999137028 0.8965870141894126 0.6985211826662573 0.8607735534906968