9 0.6078125 0.146875 0.615625 0.1484375 0.6109375 0.1828125 0.603125 0.18125 0.603125 0.178125 0.6 0.1765625 0.6015625 0.1546875 0.6078125 0.1484375
9 0.5921875 0.2265625 0.5984375 0.2328125 0.5953125 0.2625 0.5875 0.2609375 0.5921875 0.228125
9 0.58125 0.303125 0.584375 0.303125 0.58125 0.33125 0.5796875 0.3328125 0.571875 0.33125 0.575 0.309375 0.5796875 0.3078125 0.58125 0.3046875
9 0.571875 0.3703125 0.5796875 0.3703125 0.575 0.4046875 0.5671875 0.403125 0.571875 0.371875
1 0.5890625 0.1453125 0.5921875 0.1453125 0.5890625 0.175 0.5875 0.1796875 0.58125 0.178125 0.584375 0.153125 0.5859375 0.1484375 0.5875 0.15 0.5890625 0.146875
1 0.5703125 0.225 0.5765625 0.225 0.571875 0.259375 0.565625 0.2578125 0.5703125 0.2265625
1 0.5640625 0.2953125 0.5671875 0.296875 0.5640625 0.31875 0.559375 0.3296875 0.5515625 0.3296875 0.5515625 0.321875 0.5546875 0.321875 0.5578125 0.3171875 0.559375 0.296875 0.5625 0.2953125
1 0.5484375 0.3765625 0.5515625 0.3765625 0.5515625 0.3796875 0.5546875 0.38125 0.5515625 0.40625 0.546875 0.40625 0.5453125 0.4046875 0.546875 0.3921875 0.5421875 0.3890625 0.546875 0.3875 0.5484375 0.378125
1 0.5453125 0.4390625 0.546875 0.440625 0.5421875 0.471875 0.5390625 0.4671875 0.5359375 0.4671875 0.5390625 0.4421875 0.5453125 0.440625
1 0.5265625 0.5375 0.5328125 0.5375 0.528125 0.5671875 0.521875 0.565625 0.5265625 0.5390625
0 0.6533747151298261 0.15310480970276713 0.6457071928975604 0.1429296640297794 0.6144825240633667 0.13854132300851613 0.6049342842505594 0.14174817826446856 0.6011005231344265 0.1366606054279747 0.5698758543002329 0.13227226440671142 0.5603276144874256 0.13547911966266382 0.5597007086272452 0.1399397866389772 0.5495255629542576 0.147607308871243 0.5482717512338966 0.15652864282386975 0.5553123676059819 0.17116445547317083 0.5642337015586086 0.1724182671935318 0.5680674626747415 0.17750584003002565 0.5814494636036817 0.17938655761056702 0.5852832247198145 0.18447413044706087 0.5903707975563084 0.18064036933092797 0.6171347994141888 0.18440180449201088 0.6209685605303217 0.18948937732850474 0.6260561333668155 0.18565561621237184 0.6394381342957557 0.18753633379291318 0.6496132799687433 0.1798688115606474 0.6565815703857786 0.16265304951557438 0.6533747151298261 0.15310480970276713
0 0.6382566485304448 0.22830924243991407 0.6299622204379985 0.22259476374323972 0.6165802195090584 0.22071404616269835 0.6114926466725645 0.22454780727883125 0.5802679778383708 0.22015946625756788 0.5764342167222379 0.21507189342107402 0.554130881840671 0.2119373641201717 0.5433288303075028 0.22406555332875092 0.5414481127269614 0.2374475542576911 0.5523224902151795 0.25717093974348604 0.6281538288125071 0.26782833936655404 0.6485041201584825 0.2524932949020225 0.6497579318788433 0.24357196094939573 0.6382566485304448 0.22830924243991407
0 0.6275992489073767 0.30414058103724156 0.6110103927224841 0.29271162364389297 0.6014621529096769 0.29591847889984535 0.5702374840754831 0.291530137878582 0.5664037229593503 0.28644256504208815 0.5485610550540968 0.2839349416013663 0.5390128152412895 0.2871417968573187 0.5332983365446152 0.29543622494976496 0.5314176189640738 0.3088182258787051 0.5384582353361591 0.3234540385280062 0.547379569288786 0.3247078502483672 0.5512133304049188 0.32979542308486093 0.6092020010969927 0.33794519926720723 0.6187502409098 0.3347383440112547 0.6301791983031485 0.31814948782636215 0.6263454371870159 0.3130619149898683 0.6275992489073767 0.30414058103724156
0 0.6220294221208025 0.3761381585184361 0.6143618998885366 0.36596301284544835 0.5385305612912091 0.3553056132223803 0.5238947486419081 0.36234622959446566 0.5220140310613667 0.37572823052340587 0.5169264582248728 0.37956199163953874 0.527800835713091 0.3992853771253337 0.5322615026894044 0.3999122829855142 0.5399290249216702 0.4100874286585018 0.545016597758164 0.4062536675423688 0.5533110258506103 0.41196814623904326 0.5583985986871042 0.40813438512291034 0.5673199326397309 0.4093881968432713 0.5711536937558639 0.4144757696797652 0.5762412665923577 0.4106420085636323 0.5940839344976113 0.41314963200435423 0.5991715073341052 0.4093158708882213 0.6080928412867319 0.4105696826085822 0.6188948928199001 0.398441493400003 0.6284431326327072 0.39523463814405063 0.6220294221208025 0.3761381585184361
0 0.6158326894740477 0.4525964029759441 0.6075382613816016 0.44688192427926976 0.6043314061256491 0.4373336844664625 0.5240394005520083 0.42604937898321393 0.5138642548790205 0.43371690121547984 0.5068959644619853 0.45093266326055287 0.5177703419502034 0.4706560487463478 0.5260647700426497 0.47637052744302216 0.5394467709715898 0.47825124502356353 0.5432805320877228 0.4833388178600574 0.5483681049242166 0.47950505674392446 0.5840534407347237 0.48452030362536835 0.5891410135712175 0.4806865425092354 0.5980623475238442 0.4819403542295963 0.6190395447300001 0.46214464278875134 0.6158326894740477 0.4525964029759441
0 0.5968808617585335 0.5227132628765971 0.5745775268769665 0.5195787335756948 0.5707437657608336 0.514491160739201 0.5656561929243397 0.5183249218553339 0.534431524090146 0.5139365808340706 0.5305977629740132 0.5088490079975767 0.5216764290213864 0.5075951962772158 0.5165888561848926 0.5114289573933487 0.5076675222322657 0.5101751456729877 0.4962385648389172 0.5267640018578803 0.4937309413981953 0.5446066697631338 0.5052322247465939 0.5598693882726153 0.5230748926518475 0.5623770117133372 0.5269086537679804 0.5674645845498311 0.5364568935807876 0.5642577292938786 0.5453782275334144 0.5655115410142396 0.5492119886495472 0.5705991138507335 0.5670546565548008 0.5731067372914553 0.5721422293912947 0.5692729761753225 0.5855242303202348 0.5711536937558639 0.610962094502704 0.5519848881751994 0.5962539558983531 0.5271739298529106 0.5968808617585335 0.5227132628765971
0 0.585596556275285 0.6030052684502379 0.5773021281828387 0.5972907897535636 0.5014707895855112 0.5866333901304956 0.4919225497727039 0.589840245386448 0.49129564391252345 0.5943009123627614 0.48112049823953573 0.6019684345950272 0.4754060195428614 0.6102628626874734 0.4735253019623199 0.6236448636164136 0.493321013403165 0.6446220608225696 0.5736130189768058 0.6559063663058181 0.5799544035336607 0.6431512712370584 0.5945902161829616 0.6361106548649731 0.596470933763503 0.622728653936033 0.5849696504151045 0.6074659354265514 0.585596556275285 0.6030052684502379
0 0.572431533211495 0.696679274952819 0.5462944372137951 0.6884571728154227 0.5099821955431075 0.6879025929102923 0.49339333935821494 0.6764736355169437 0.47875752670891386 0.683514251889029 0.4730430480122396 0.6918086799814753 0.4634948081994324 0.6950155352374277 0.4628679023392519 0.6994762022137411 0.46732856931556527 0.7001031080739215 0.4699085187113372 0.7141120148630422 0.4814098020597359 0.7293747333725238 0.5572411406570634 0.7400321329955919 0.5775914320030388 0.7246970885310602 0.5794721495835802 0.71131508760212 0.5718046273513145 0.7011399419291323 0.572431533211495 0.696679274952819
0 0.5573134666121135 0.771883707689966 0.5305494647542331 0.7681222725288832 0.5267157036381003 0.7630346996923894 0.5177943696854734 0.7617808879720284 0.5127067968489796 0.7656146490881612 0.5037854628963528 0.7643608373678002 0.49995170178021997 0.7592732645313064 0.4948641289437261 0.7631070256474393 0.48210903387496645 0.7567656410905845 0.4770214610384726 0.7605994022067175 0.4636394601095325 0.758718684626176 0.44712292987968993 0.7791413019272015 0.45353664039159486 0.7982377815528159 0.4701254965764874 0.8096667389461645 0.4879681644817409 0.8121743623868865 0.49626259257418714 0.8178888410835607 0.501350165410681 0.8140550799674278 0.5096445935031273 0.8197695586641022 0.5147321663396212 0.8159357975479693 0.5414961681975015 0.8196972327090523 0.556758886706983 0.8081959493606534 0.560520321868066 0.7814319475027732 0.5573134666121135 0.771883707689966
0 0.5454022552686844 0.8566363802399201 0.5364809213160576 0.8553825685195593 0.5326471601999248 0.8502949956830653 0.5275595873634309 0.8541287567991983 0.505256252481864 0.8509942274982958 0.501422491365731 0.845906654661802 0.4874135845766105 0.8484866040575738 0.4835798234604775 0.8433990312210801 0.4612764885789106 0.8402645019201778 0.43583862439644144 0.8594333075008423 0.4467130018846596 0.8791566929866373 0.46392876392973265 0.8861249834036726 0.4677625250458656 0.8912125562401666 0.4945265269037458 0.8949739914012493 0.504074766716553 0.8917671361452969 0.5079085278326859 0.8968547089817906 0.5302118627142529 0.8999892382826932 0.5550228210365417 0.885281099678342 0.5569035386170831 0.8718990987494017 0.5454022552686844 0.8566363802399201