9 0.5640625 0.1125 0.5765625 0.1140625 0.575 0.11875 0.5796875 0.121875 0.5796875 0.125 0.5578125 0.228125 0.553125 0.2296875 0.540625 0.2265625 0.5390625 0.21875 0.54375 0.190625 0.55 0.18125 0.5484375 0.16875 0.55 0.1625 0.5515625 0.1640625 0.5546875 0.159375 0.5640625 0.1140625
9 0.4984375 0.4078125 0.5140625 0.4109375 0.5125 0.415625 0.5171875 0.41875 0.4984375 0.5078125 0.4953125 0.51875 0.4921875 0.51875 0.4890625 0.5234375 0.478125 0.521875 0.478125 0.5171875 0.475 0.5140625 0.4984375 0.409375
9 0.4546875 0.70625 0.4515625 0.725 0.4484375 0.725 0.4453125 0.7296875 0.446875 0.7328125 0.45 0.7328125 0.45 0.7359375 0.4328125 0.815625 0.4265625 0.8140625 0.4234375 0.8203125 0.41875 0.81875 0.4203125 0.8140625 0.4125 0.8109375 0.4125 0.8078125 0.434375 0.7046875 0.4421875 0.696875 0.45 0.6984375 0.453125 0.70625
3 0.4984375 0.090625 0.5140625 0.0953125 0.5109375 0.1109375 0.5078125 0.11875 0.4875 0.2203125 0.4859375 0.221875 0.471875 0.21875 0.4984375 0.0921875
3 0.3734375 0.6765625 0.3890625 0.6796875 0.3890625 0.684375 0.3625 0.80625 0.346875 0.803125 0.3578125 0.7546875 0.3546875 0.7484375 0.35625 0.7421875 0.3609375 0.7390625 0.359375 0.7265625 0.3625 0.71875 0.36875 0.6828125 0.371875 0.6828125 0.3734375 0.678125
3 0.4375 0.3796875 0.4484375 0.3828125 0.45 0.396875 0.4265625 0.5078125 0.425 0.5109375 0.4234375 0.509375 0.421875 0.5109375 0.4203125 0.5171875 0.4078125 0.5140625 0.4125 0.4984375 0.409375 0.4921875 0.43125 0.3890625 0.4359375 0.384375 0.4359375 0.38125
1 0.465625 0.4 0.4796875 0.403125 0.4828125 0.4046875 0.4828125 0.4078125 0.459375 0.5171875 0.440625 0.5140625 0.440625 0.509375 0.45 0.471875 0.446875 0.46875 0.4484375 0.4578125 0.453125 0.4546875 0.4546875 0.45 0.4640625 0.4015625
1 0.403125 0.6890625 0.4203125 0.6921875 0.421875 0.6953125 0.41875 0.703125 0.3984375 0.8046875 0.396875 0.8078125 0.3796875 0.8046875 0.3796875 0.796875 0.3875 0.765625 0.3859375 0.753125 0.3875 0.746875 0.3921875 0.74375 0.39375 0.7359375 0.390625 0.7296875 0.396875 0.721875 0.39375 0.715625 0.3953125 0.709375 0.4 0.70625 0.403125 0.690625
1 0.534375 0.1046875 0.5453125 0.1078125 0.546875 0.121875 0.525 0.2234375 0.503125 0.21875 0.503125 0.215625 0.50625 0.2078125 0.5265625 0.10625 0.5328125 0.1046875
4 0.4890625 0.7078125 0.496875 0.709375 0.4953125 0.7140625 0.4984375 0.7171875 0.48125 0.7921875 0.478125 0.8140625 0.475 0.828125 0.4703125 0.83125 0.46875 0.8359375 0.465625 0.8359375 0.465625 0.8296875 0.4625 0.828125 0.4890625 0.709375
4 0.55625 0.40625 0.5625 0.40625 0.5640625 0.4078125 0.5625 0.4125 0.5671875 0.4140625 0.5671875 0.4171875 0.553125 0.4765625 0.5453125 0.5203125 0.54375 0.5234375 0.5421875 0.521875 0.5390625 0.5234375 0.534375 0.5421875 0.525 0.5390625 0.528125 0.51875 0.534375 0.5109375 0.55625 0.4078125
4 0.61875 0.109375 0.6265625 0.1109375 0.625 0.1234375 0.628125 0.125 0.6203125 0.1671875 0.6140625 0.16875 0.5984375 0.2453125 0.590625 0.24375 0.5921875 0.2390625 0.5890625 0.2375 0.6015625 0.1734375 0.6046875 0.1609375 0.609375 0.1578125 0.61875 0.1109375
0 0.6574506783530983 0.14336352678274383 0.651365161058963 0.12189223525206705 0.6377797777154379 0.11900457287959813 0.6357512719507261 0.11184747570270592 0.5820704042701681 0.11388910497349772 0.5800418985054563 0.10673200779660545 0.4998974385154753 0.08297085197801715 0.4835763750296113 0.09295355277309829 0.4604161111878999 0.1351121614870548 0.45631259097439153 0.15441770623837986 0.46574794542032344 0.2102306524672835 0.47456914285679774 0.21883158083041013 0.6016017788555742 0.23910727619197228 0.6138193221279298 0.2484301201482162 0.6349045715208446 0.23273415336247716 0.6424044375702342 0.21415052420426925 0.6614611811984372 0.19129746024163796 0.6641968613407762 0.17842709707408794 0.6574506783530983 0.14336352678274383
0 0.5985870466087264 0.4536960739901801 0.5918408636210486 0.418632503698836 0.5830196661845743 0.41003157533570933 0.47976145103696677 0.39480928912596774 0.4777329452722549 0.3876521919490755 0.4417409811487304 0.37327593884101107 0.41725938591993444 0.3882499900336328 0.3988633079852738 0.42469533275693144 0.39339194770059593 0.45043605909203155 0.39471327908768056 0.4776206166133662 0.4028273021465279 0.5062490053209352 0.4116484995830021 0.5148499336840618 0.5047176772229659 0.5279064731144517 0.5094818631300166 0.522193207123794 0.5183030605664911 0.5307941354869207 0.5590592105970663 0.5394571226043273 0.571983928247049 0.5287525062161288 0.580851634367608 0.5037336954741459 0.5937763520175909 0.4930290790859475 0.5985870466087264 0.4536960739901801
0 0.5329772318766767 0.7289650509062723 0.5200990229107788 0.7060499281893611 0.46099330362962776 0.7002125446901433 0.45896479786491595 0.693055447513251 0.3754239920390535 0.6685723761015456 0.36386711446024034 0.6728418109059688 0.3495745567390881 0.6899816088779425 0.3373105047826477 0.7142785040268081 0.3318391444979698 0.7400192303619082 0.3358496473433087 0.7879531638208024 0.3466993505444947 0.8037111893608213 0.47373198654327114 0.8239868847223834 0.48255318397974556 0.83258781308551 0.4873173698867964 0.8268745470948522 0.5009027532303214 0.8297622094673212 0.5322235488149648 0.7826122503558242 0.5363270690284732 0.7633067056044991 0.5302415517343377 0.7418354140738223 0.5329772318766767 0.7289650509062723