3 0.6765625 0.5140625 0.6796875 0.5140625 0.68125 0.51875 0.6875 0.51875 0.6890625 0.5203125 0.6875 0.521875 0.6921875 0.5234375 0.6921875 0.5515625 0.6953125 0.553125 0.6953125 0.565625 0.7 0.5671875 0.7 0.5796875 0.703125 0.58125 0.7015625 0.6171875 0.696875 0.61875 0.696875 0.6265625 0.69375 0.6265625 0.6921875 0.634375 0.6875 0.6359375 0.6859375 0.6484375 0.6828125 0.6484375 0.68125 0.653125 0.6765625 0.6546875 0.6765625 0.6578125 0.6609375 0.6578125 0.659375 0.653125 0.6546875 0.6515625 0.6546875 0.6390625 0.65625 0.634375 0.6609375 0.6328125 0.65625 0.628125 0.65625 0.625 0.6609375 0.6234375 0.6640625 0.55 0.665625 0.5484375 0.665625 0.5328125 0.6609375 0.528125 0.665625 0.5265625 0.6671875 0.51875 0.6734375 0.51875 0.6765625 0.515625
3 0.6875 0.2859375 0.7 0.2859375 0.7046875 0.2875 0.70625 0.2921875 0.709375 0.2921875 0.7078125 0.340625 0.70625 0.3515625 0.7015625 0.353125 0.7015625 0.3703125 0.7 0.371875 0.6984375 0.4296875 0.696875 0.4359375 0.69375 0.4359375 0.6921875 0.4390625 0.675 0.4390625 0.675 0.4359375 0.6703125 0.4328125 0.6734375 0.3703125 0.675 0.36875 0.675 0.340625 0.6765625 0.328125 0.68125 0.3265625 0.6828125 0.290625 0.6859375 0.290625 0.6875 0.2875
3 0.6828125 0.0234375 0.690625 0.0234375 0.6921875 0.028125 0.7 0.028125 0.7 0.03125 0.7046875 0.034375 0.7046875 0.040625 0.7078125 0.04375 0.7078125 0.071875 0.70625 0.0734375 0.7109375 0.0765625 0.7109375 0.0890625 0.70625 0.090625 0.70625 0.0984375 0.7109375 0.1 0.70625 0.16875 0.703125 0.16875 0.7015625 0.171875 0.6890625 0.171875 0.6875 0.1765625 0.675 0.1765625 0.6703125 0.1671875 0.665625 0.165625 0.6671875 0.153125 0.6625 0.1515625 0.6625 0.1484375 0.665625 0.1484375 0.6671875 0.14375 0.6625 0.1421875 0.6625 0.1390625 0.665625 0.1390625 0.6671875 0.134375 0.6625 0.13125 0.66875 0.128125 0.66875 0.115625 0.6640625 0.1140625 0.6640625 0.1109375 0.66875 0.109375 0.665625 0.0921875 0.6703125 0.090625 0.6703125 0.0828125 0.665625 0.08125 0.665625 0.071875 0.6671875 0.06875 0.671875 0.0671875 0.671875 0.0640625 0.6671875 0.0625 0.6671875 0.059375 0.671875 0.0578125 0.671875 0.05 0.6671875 0.0484375 0.6671875 0.0421875 0.66875 0.0359375 0.6734375 0.034375 0.6734375 0.0265625 0.68125 0.028125 0.6828125 0.025
1 0.609375 0.5203125 0.621875 0.5203125 0.621875 0.5234375 0.6265625 0.525 0.6234375 0.584375 0.628125 0.5859375 0.628125 0.59375 0.6234375 0.5953125 0.621875 0.63125 0.61875 0.63125 0.6171875 0.6359375 0.6015625 0.6359375 0.5953125 0.6296875 0.6 0.528125 0.603125 0.528125 0.609375 0.521875
1 0.6265625 0.3015625 0.6390625 0.3015625 0.64375 0.303125 0.6453125 0.3078125 0.6484375 0.3078125 0.6421875 0.4265625 0.6375 0.428125 0.6359375 0.4328125 0.634375 0.43125 0.63125 0.4359375 0.61875 0.4359375 0.61875 0.4328125 0.6140625 0.428125 0.615625 0.4265625 0.6203125 0.309375 0.6265625 0.303125
1 0.6171875 0.025 0.634375 0.025 0.634375 0.028125 0.6390625 0.0296875 0.6328125 0.15 0.6296875 0.15 0.628125 0.1546875 0.625 0.1546875 0.621875 0.159375 0.6140625 0.159375 0.60625 0.153125 0.60625 0.1296875 0.6078125 0.128125 0.6109375 0.040625 0.6125 0.028125 0.6171875 0.0265625
9 0.546875 0.5171875 0.5515625 0.521875 0.5515625 0.5296875 0.55625 0.53125 0.55625 0.54375 0.55 0.546875 0.5546875 0.55 0.553125 0.5859375 0.5484375 0.5875 0.5484375 0.590625 0.553125 0.5921875 0.553125 0.6 0.5484375 0.6015625 0.546875 0.628125 0.54375 0.628125 0.5421875 0.63125 0.5296875 0.63125 0.5296875 0.628125 0.525 0.6265625 0.5265625 0.6 0.521875 0.5984375 0.521875 0.590625 0.525 0.590625 0.5265625 0.5859375 0.521875 0.584375 0.521875 0.575 0.5234375 0.5734375 0.5234375 0.5484375 0.5265625 0.5484375 0.5296875 0.54375 0.525 0.5421875 0.525 0.5296875 0.5296875 0.528125 0.5296875 0.5203125 0.5328125 0.5203125 0.5359375 0.515625 0.5453125 0.5171875
9 0.5515625 0.2984375 0.56875 0.2984375 0.56875 0.3015625 0.5734375 0.3046875 0.5671875 0.4140625 0.5640625 0.4140625 0.5625 0.41875 0.546875 0.41875 0.5453125 0.4140625 0.540625 0.4125 0.540625 0.396875 0.5421875 0.3953125 0.5453125 0.3078125 0.546875 0.3015625 0.5515625 0.3
9 0.5515625 0.0296875 0.5546875 0.0296875 0.55625 0.025 0.5578125 0.0265625 0.5734375 0.0265625 0.5734375 0.0296875 0.578125 0.03125 0.5734375 0.128125 0.571875 0.1296875 0.571875 0.1375 0.5765625 0.1390625 0.5765625 0.1515625 0.571875 0.153125 0.5703125 0.1609375 0.5625 0.1609375 0.5609375 0.165625 0.55625 0.1609375 0.5484375 0.159375 0.55 0.153125 0.5453125 0.15 0.5515625 0.03125
4 0.46875 0.0125 0.48125 0.0125 0.48125 0.015625 0.4859375 0.0171875 0.4859375 0.025 0.490625 0.0265625 0.4890625 0.0578125 0.484375 0.059375 0.484375 0.0625 0.4890625 0.065625 0.4875 0.08125 0.4828125 0.0828125 0.48125 0.109375 0.4765625 0.1109375 0.475 0.1515625 0.471875 0.1515625 0.46875 0.15625 0.453125 0.1546875 0.453125 0.1515625 0.4484375 0.15 0.45 0.0953125 0.45625 0.09375 0.45625 0.065625 0.4578125 0.0625 0.4625 0.0609375 0.4625 0.0578125 0.4578125 0.05625 0.459375 0.025 0.4640625 0.0234375 0.4640625 0.015625 0.46875 0.0140625
4 0.4640625 0.2796875 0.4765625 0.2796875 0.4765625 0.2828125 0.48125 0.284375 0.4734375 0.4375 0.4703125 0.4375 0.46875 0.4421875 0.4578125 0.4421875 0.45625 0.4375 0.4515625 0.4359375 0.45 0.43125 0.446875 0.43125 0.446875 0.425 0.4484375 0.4234375 0.4546875 0.2875 0.4578125 0.2875 0.4640625 0.28125
4 0.4609375 0.4984375 0.4609375 0.5015625 0.465625 0.503125 0.4671875 0.5078125 0.4703125 0.5078125 0.4703125 0.5140625 0.46875 0.515625 0.4640625 0.6328125 0.4625 0.646875 0.459375 0.646875 0.4578125 0.6515625 0.440625 0.65 0.440625 0.646875 0.4359375 0.6453125 0.4359375 0.6328125 0.4375 0.63125 0.44375 0.5015625 0.446875 0.5015625 0.4484375 0.496875 0.459375 0.4984375
0 0.7561283166670019 0.3449679552790251 0.7121535511115188 0.29119092516346545 0.5107606639004183 0.2946743012654147 0.4744069608487136 0.27405184430764906 0.4319194013848021 0.28118378572504465 0.3776532501828599 0.3344915375866451 0.42531626671863626 0.40717910085763104 0.6124651139273692 0.4076285362791666 0.7001502416627202 0.4309411592120368 0.7495053391684126 0.38205533996030383 0.7561283166670019 0.3449679552790251
0 0.7435366719697029 0.0495115233771755 0.7076720900043808 0.019556080113292306 0.6180304779234992 0.033575402404892075 0.44143741973684036 0.01028262230444552 0.39748249701378097 0.045413522640193535 0.3906149589720002 0.08716740047453105 0.4117463798485721 0.1303886415680165 0.4530111365965269 0.14658916591591478 0.5004097497566885 0.13503529188865165 0.7099128205579499 0.1553735026383789 0.7499349317575243 0.1059985623002632 0.7435366719697029 0.0495115233771755
0 0.7539669574431269 0.5647822545591692 0.7188360571073789 0.5208273318361099 0.6819932329692915 0.5095378611844616 0.569019155123116 0.5223343807601049 0.4393355890102362 0.4968207129385128 0.41060294846230966 0.509352829138541 0.36984715563316106 0.572727248935833 0.4003115628158504 0.6164376111157012 0.45999773163284885 0.6382828707894234 0.5680607557827744 0.6299082838236476 0.6933223892857867 0.6505108979489898 0.7569215267938465 0.5976922671737719 0.7539669574431269 0.5647822545591692