9 0.5546875 0.7203125 0.5625 0.71875 0.56875 0.7203125 0.5890625 0.815625 0.5875 0.8296875 0.5796875 0.83125 0.5765625 0.8296875 0.56875 0.7875 0.5625 0.7796875 0.5640625 0.765625 0.5625 0.759375 0.5578125 0.7578125 0.5546875 0.7359375 0.5515625 0.728125 0.5546875 0.7265625 0.5546875 0.721875
9 0.5046875 0.434375 0.5046875 0.4390625 0.509375 0.440625 0.5296875 0.5359375 0.5265625 0.5390625 0.528125 0.54375 0.5203125 0.546875 0.5140625 0.546875 0.5125 0.54375 0.4921875 0.4484375 0.49375 0.4375 0.503125 0.434375
9 0.4359375 0.1515625 0.440625 0.1515625 0.44375 0.15625 0.4484375 0.15625 0.45 0.1609375 0.4515625 0.175 0.4640625 0.2265625 0.4625 0.2390625 0.4671875 0.2421875 0.4703125 0.25625 0.4703125 0.259375 0.4671875 0.2609375 0.46875 0.2640625 0.4671875 0.2671875 0.4578125 0.26875 0.4578125 0.265625 0.453125 0.2625 0.43125 0.1625 0.43125 0.159375 0.4375 0.15625 0.4359375 0.153125
3 0.4875 0.728125 0.503125 0.7265625 0.5203125 0.8140625 0.528125 0.84375 0.528125 0.8484375 0.5125 0.8515625 0.4875 0.7296875
3 0.3828125 0.1640625 0.4078125 0.278125 0.4078125 0.2859375 0.3953125 0.2890625 0.3875 0.2796875 0.378125 0.234375 0.38125 0.2328125 0.38125 0.228125 0.3765625 0.2265625 0.375 0.2203125 0.375 0.215625 0.378125 0.2140625 0.3671875 0.16875 0.36875 0.165625 0.38125 0.1640625
3 0.4390625 0.4421875 0.4453125 0.4546875 0.4671875 0.5578125 0.465625 0.5703125 0.4546875 0.5734375 0.453125 0.56875 0.4484375 0.565625 0.428125 0.4703125 0.4296875 0.45625 0.4265625 0.4453125 0.4375 0.4421875
1 0.475 0.440625 0.4984375 0.546875 0.4984375 0.5515625 0.4828125 0.5546875 0.4796875 0.5546875 0.4703125 0.5046875 0.46875 0.5 0.4640625 0.496875 0.4625 0.4890625 0.465625 0.4828125 0.45625 0.4453125 0.4734375 0.440625
1 0.415625 0.1625 0.4390625 0.2671875 0.4390625 0.2734375 0.4234375 0.2765625 0.4203125 0.275 0.41875 0.2625 0.4171875 0.2578125 0.415625 0.25625 0.4140625 0.2578125 0.4109375 0.246875 0.4140625 0.2453125 0.4140625 0.240625 0.409375 0.2390625 0.4109375 0.225 0.4046875 0.2171875 0.40625 0.203125 0.3984375 0.1734375 0.3984375 0.165625 0.4140625 0.1625
1 0.5390625 0.725 0.5609375 0.8265625 0.5578125 0.8296875 0.559375 0.8328125 0.5578125 0.8359375 0.54375 0.8390625 0.540625 0.8390625 0.5390625 0.834375 0.5171875 0.73125 0.5171875 0.728125 0.5375 0.725
4 0.48125 0.1359375 0.4859375 0.1359375 0.4859375 0.1390625 0.490625 0.1421875 0.5125 0.2453125 0.5109375 0.2578125 0.5015625 0.259375 0.490625 0.2015625 0.478125 0.15 0.478125 0.1421875 0.48125 0.140625 0.48125 0.1375
4 0.5484375 0.41875 0.5515625 0.434375 0.55625 0.4359375 0.5578125 0.4421875 0.5609375 0.4640625 0.578125 0.5390625 0.575 0.5421875 0.5765625 0.546875 0.5734375 0.5484375 0.56875 0.5484375 0.5671875 0.5453125 0.546875 0.4453125 0.540625 0.44375 0.5390625 0.4296875 0.5359375 0.421875 0.546875 0.41875
4 0.6015625 0.7046875 0.609375 0.703125 0.6109375 0.7078125 0.621875 0.765625 0.625 0.7765625 0.6265625 0.778125 0.628125 0.7765625 0.6296875 0.78125 0.6375 0.8171875 0.634375 0.8203125 0.6359375 0.83125 0.628125 0.8328125 0.6203125 0.790625 0.61875 0.7859375 0.6140625 0.784375 0.6125 0.78125 0.6 0.7234375 0.5984375 0.7109375 0.603125 0.709375 0.6015625 0.70625
0 0.6121502707873565 0.7091000874380462 0.4909950984234369 0.7283819042101773 0.48259429718022995 0.7366380597317892 0.4736880753577816 0.790295216372499 0.47763576568976446 0.8088676391712422 0.49980264049177026 0.8494494951389353 0.515390031407138 0.859077313108723 0.5918077187940864 0.8363637221328961 0.593730721356937 0.8294844652259716 0.6449460050142647 0.83153934081498 0.6468690075771153 0.8246600839080553 0.6598246049378279 0.821906286678681 0.6655936126263796 0.8012685159579073 0.6719697261004545 0.7675606807306277 0.6693379325457992 0.7551790655314656 0.6511187480757761 0.7331696323625156 0.6439321584036152 0.7152856588711163 0.6237899713707415 0.7001554826090908 0.6121502707873565 0.7091000874380462
0 0.5237848217460115 0.43670978922299125 0.5192300256285056 0.4312074309307537 0.4304638466663677 0.44360475462944926 0.4220630454231607 0.45186091015106095 0.41437103517175844 0.4793779377787595 0.4131568236007125 0.5055180667917708 0.41842041071002284 0.530281297190095 0.43603248939452294 0.5653607948655506 0.45941357576757474 0.5798025218202323 0.49372557173220677 0.566038771839872 0.4956485742950575 0.5591595149329474 0.59413145127773 0.5446968433122211 0.6025322525209369 0.5364406877906094 0.6089083659950116 0.5027328525633298 0.6042518846712241 0.46489955765849994 0.5919033930960345 0.4545832903813685 0.5834009066465459 0.4305085092903879 0.5710524150713563 0.4201922420132565 0.5321856229892183 0.4284536337013794 0.5237848217460115 0.43670978922299125
0 0.4975655659535745 0.13816888966190252 0.4891647647103676 0.14642504518351435 0.3680095923464478 0.16570686195564552 0.3576857885403904 0.180842274384182 0.35394146862097087 0.2269317248106236 0.3592050557302812 0.25169495520894786 0.370946441519948 0.27508128699258483 0.3846108298724652 0.29158836186929726 0.3956434246703272 0.2957138215468476 0.4753000113974538 0.27231178126367717 0.4772230139603044 0.2654325243567526 0.5336001995206608 0.2599196937314928 0.5458470058895688 0.2379050243960318 0.5432152123349137 0.22552340919686972 0.5489842200234654 0.20488563847609592 0.5450365296914825 0.18631321567735276 0.5150759594317929 0.14091745072476575 0.5021203620710802 0.14367124795414005 0.4975655659535745 0.13816888966190252