9 0.6 0.828125 0.6046875 0.8625 0.5984375 0.8640625 0.5953125 0.859375 0.590625 0.8578125 0.5875 0.8359375 0.5921875 0.8328125 0.5921875 0.8296875 0.5984375 0.828125
9 0.5828125 0.746875 0.5875 0.7765625 0.584375 0.7765625 0.5828125 0.778125 0.584375 0.78125 0.58125 0.7828125 0.5765625 0.7578125 0.5765625 0.7484375 0.58125 0.746875
9 0.5640625 0.7015625 0.5609375 0.6796875 0.5609375 0.6765625 0.5640625 0.675 0.56875 0.675 0.5734375 0.703125 0.5703125 0.7046875 0.565625 0.7015625
9 0.559375 0.6359375 0.55625 0.6140625 0.5578125 0.6015625 0.5640625 0.603125 0.5671875 0.625 0.5671875 0.6359375 0.5609375 0.6359375
1 0.5734375 0.8625 0.56875 0.8328125 0.575 0.83125 0.578125 0.8375 0.58125 0.859375 0.58125 0.865625 0.575 0.8625
1 0.5578125 0.7859375 0.553125 0.759375 0.553125 0.7515625 0.5578125 0.75 0.5609375 0.75 0.565625 0.7828125 0.559375 0.7859375
1 0.5515625 0.6828125 0.5546875 0.7046875 0.553125 0.7125 0.546875 0.7125 0.54375 0.6875 0.5421875 0.6859375 0.5390625 0.6875 0.5375 0.68125 0.540625 0.678125 0.5453125 0.678125 0.5453125 0.68125 0.55 0.6828125
1 0.53125 0.6015625 0.5390625 0.6 0.5421875 0.615625 0.5421875 0.6265625 0.5359375 0.6328125 0.534375 0.6203125 0.5296875 0.61875 0.5296875 0.615625 0.5328125 0.6140625 0.53125 0.603125
1 0.5265625 0.5328125 0.5296875 0.5328125 0.53125 0.5375 0.534375 0.559375 0.5328125 0.5671875 0.5265625 0.5640625 0.525 0.559375 0.5234375 0.5375 0.5265625 0.534375
1 0.509375 0.4375 0.5125 0.4359375 0.5171875 0.4375 0.5203125 0.4671875 0.5140625 0.46875 0.5078125 0.4375
0 0.6062949282783727 0.8278467283229146 0.5790398438175955 0.8316771806429163 0.573858921020799 0.8277730752861204 0.5699548156640032 0.8329539980829169 0.5563272734336147 0.8348692242429179 0.5524231680768187 0.8400501470397144 0.5433381399232263 0.841326964479715 0.5361683379296347 0.8562313241501041 0.5374451553696353 0.8653163523036964 0.5478070009632284 0.8731245630172882 0.5484454096832286 0.8776670770940844 0.5581688465568214 0.8809327737308802 0.5899664450943948 0.8764639126908781 0.5938705504511906 0.8712829898940815 0.6035939873247834 0.8745486865308771 0.6353915858623568 0.870079825490875 0.6431997965759485 0.8597179798972819 0.6464654932127439 0.8499945430236892 0.6393693442559466 0.8324628954365048 0.6290074986623537 0.824654684722913 0.6153799564319651 0.8265699108829139 0.6101990336351687 0.8226658055261179 0.6062949282783727 0.8278467283229146
0 0.5311347212064266 0.7874552042781608 0.5421349755200198 0.7998059290685487 0.5648475459040008 0.7966138854685472 0.5687516512607966 0.7914329626717509 0.60054924979837 0.7869641016317488 0.6057301725951665 0.7908682069885445 0.619357714825555 0.7889529808285436 0.6278043342591472 0.7831336493117469 0.6395166503295349 0.7675908809213574 0.6382398328895342 0.758505852767765 0.6175161417023484 0.7428894313405815 0.540293402396813 0.7537423795805867 0.5292194950464256 0.7738276620477723 0.5311347212064266 0.7874552042781608
0 0.5352597856736047 0.6849662597086434 0.5261747575200123 0.686243077148644 0.5190049555264208 0.7011474368190331 0.5209201816864217 0.7147749790494217 0.5267395132032184 0.7232215984830138 0.5364629500768111 0.7264872951198095 0.5546330063839959 0.7239336602398081 0.5585371117407918 0.7187527374430117 0.5903347102783651 0.7142838764030096 0.6000581471519578 0.7175495730398053 0.616951386019142 0.7059109100062115 0.6156745685791415 0.6968258818526192 0.6195786739359374 0.6916449590558228 0.6079400109023438 0.6747517201886386 0.5982165740287512 0.671486023551843 0.5391638910304006 0.6797853369118468 0.5352597856736047 0.6849662597086434
0 0.564651055404765 0.5974553278463092 0.5594701326079685 0.5935512224895132 0.5555660272511727 0.5987321452863098 0.5464809990975803 0.6000089627263103 0.5413000763007837 0.5961048573695145 0.5328534568671917 0.6019241888863113 0.5276725340703952 0.5980200835295153 0.5198643233568034 0.6083819291231084 0.5153218092800073 0.6090203378431086 0.5042479019296198 0.6291056203102944 0.5094288247264163 0.6330097256670901 0.5113440508864172 0.6466372678974788 0.5262484105568064 0.6538070698910704 0.6034711498623417 0.6429541216510652 0.6112793605759335 0.6325922760574723 0.6178107538495247 0.6131454023102869 0.6080873169759319 0.6098797056734913 0.5970870626623388 0.5975289808831032 0.5880020345087463 0.5988057983231039 0.5828211117119497 0.594901692966308 0.564651055404765 0.5974553278463092
0 0.5310855367807789 0.5234246321407754 0.5271814314239831 0.5286055549375719 0.5135538891935945 0.5305207810975727 0.5051072697600023 0.5363401126143695 0.494033362409615 0.5564253950815552 0.5011295113664124 0.5739570426687397 0.5114913569600054 0.5817652533823315 0.5932566103423369 0.5702738964223262 0.5965223069791324 0.5605504595487334 0.6049689264127245 0.5547311280319366 0.6082346230495201 0.5450076911583439 0.5868725231423338 0.5248487556543642 0.5777874949887415 0.5261255730943647 0.572606572191945 0.522221467737569 0.5362664595775755 0.5273287374975713 0.5310855367807789 0.5234246321407754
0 0.537125827407958 0.4345632298016464 0.5332217220511621 0.439744152598443 0.5241366938975698 0.4410209700384435 0.5144132570239771 0.43775527340164794 0.5105091516671811 0.44293619619844443 0.49233909535999637 0.4454898310784456 0.4806267792896087 0.4610325994688352 0.48318041416960983 0.47920265577601995 0.4948190772032034 0.4960958946432041 0.5039041053567959 0.4948190772032035 0.5090850281535924 0.4987231825599994 0.5181700563071848 0.49744636511999885 0.5220741616639806 0.49226544232320224 0.5538717602015539 0.48779658128320014 0.5590526829983504 0.4917006866399961 0.5629567883551464 0.48651976384319956 0.5856693587391273 0.48332772024319803 0.5850309500191271 0.47878520616640186 0.6000089627263103 0.45351900090241976 0.5741043487423279 0.4339984741184402 0.5604768065119392 0.4359137002784411 0.5552958837151428 0.43200959492164526 0.537125827407958 0.4345632298016464
0 0.48020932967999064 0.3591820636193179 0.46005039417601096 0.3805441635265043 0.4619656203360118 0.3941717057568928 0.46778495185280855 0.40261832519048485 0.47814679744640165 0.4104265359040767 0.47878520616640186 0.4149690499808728 0.48850864303999464 0.41823474661766846 0.5657313823455299 0.40738179837766336 0.5741780017791219 0.4015624668608665 0.5735395930591217 0.3970199527840703 0.5852519091295093 0.38147718439368095 0.5833366829695084 0.3678496421632923 0.5684323232991193 0.3606798401697008 0.5619745830623222 0.34769070665931257 0.48020932967999064 0.3591820636193179
0 0.4563672479295972 0.28841706455057975 0.453739960012802 0.3026830155009686 0.44919744593600586 0.3033214242209689 0.44983585465600606 0.3078639382977651 0.45955929152959873 0.3111296349345607 0.46537862304639555 0.31957625436815273 0.4802829827167847 0.3267460563617443 0.4971762215839689 0.31510739332815063 0.5341547429183388 0.31454263764494456 0.5607714186591156 0.3061696712481464 0.5601330099391154 0.3016271571713503 0.567941220652707 0.29126531157775726 0.5660259944927062 0.2776377693473687 0.5453023033055203 0.26202134792018517 0.468079563999985 0.2728742961601903 0.4563672479295972 0.28841706455057975
0 0.4883858055775529 0.18664018173785668 0.4832048827807564 0.18273607638106076 0.47475826334716437 0.1885554078978576 0.45658820703997954 0.19110904277785878 0.43969496817279535 0.20274770581145227 0.4331635748992042 0.2221945795586378 0.44998316072959427 0.24299192378261783 0.4636107029599829 0.2410766976226169 0.46879162575677935 0.2449808029794128 0.48178075926716774 0.23852306274261573 0.4869616820639641 0.24242716809941153 0.49086578742076004 0.23724624530261512 0.49995081557435245 0.23596942786261454 0.5051317383711489 0.23987353321941035 0.5142167665247414 0.23859671577940977 0.5181208718815371 0.23341579298261328 0.5453759563423144 0.22958534066261152 0.54864165297911 0.21986190378901882 0.5448112006591082 0.19260681932824159 0.5292684322687187 0.180894503257854 0.5020133478079415 0.18472495557785576 0.49683242501114505 0.18082085022105984 0.4883858055775529 0.18664018173785668
0 0.48143696269434366 0.10423651963552497 0.4541818782335666 0.10806697195552672 0.45027777287677057 0.11324789475232308 0.4327461252895861 0.12034404370912051 0.42167221793919873 0.14042932617630619 0.4475768319231812 0.1599498529602857 0.47028940230716226 0.15675780936028416 0.4741935076639582 0.15157688656348758 0.488459458614347 0.15420417448028298 0.49236356397114295 0.1490232516834864 0.5150761343551239 0.14583120808348488 0.5202570571519203 0.14973531344028088 0.5241611625087164 0.1445543906434843 0.5332461906623087 0.14327757320348372 0.5449585067326963 0.12773480481309427 0.5430432805726954 0.11410726258270576 0.5177770753087133 0.09912924987552252 0.4950645049247323 0.10232129347552403 0.49116039956793645 0.1075022162723203 0.48143696269434366 0.10423651963552497