9 0.178125 0.4171875 0.08125 0.0125
9 0.1765625 0.4546875 0.06484375 0.0140625
3 0.1765625 0.490625 0.0640625 0.0171875
4 0.17578125 0.5671875 0.08203125 0.01328125
0 0.18222222222222223 0.6088888888888889 0.21333333333333332 0.5866666666666667 0.2177777777777778 0.4 0.18666666666666668 0.36888888888888893 0.14222222222222222 0.39111111111111113 0.13777777777777778 0.5866666666666667 0.18222222222222223 0.6088888888888889
0 0.7466666666666667 0.4177777777777778 0.7822222222222223 0.4177777777777778 0.8488888888888889 0.3466666666666667 0.8444444444444444 0.3066666666666667 0.8088888888888889 0.3155555555555556 0.7422222222222222 0.39111111111111113 0.7466666666666667 0.4177777777777778
0 0.6533333333333333 0.4311111111111111 0.6933333333333334 0.4311111111111111 0.76 0.35555555555555557 0.7555555555555556 0.32 0.72 0.3244444444444444 0.6488888888888888 0.40888888888888897 0.6533333333333333 0.4311111111111111
0 0.5777777777777777 0.4355555555555556 0.6088888888888889 0.44000000000000006 0.6799999999999999 0.36444444444444446 0.6799999999999999 0.3244444444444444 0.6533333333333333 0.32 0.64 0.33333333333333337 0.5733333333333334 0.40888888888888897 0.5777777777777777 0.4355555555555556
0 0.52 0.45777777777777784 0.5911111111111111 0.3777777777777778 0.5911111111111111 0.3511111111111111 0.56 0.34222222222222226 0.4844444444444445 0.42666666666666664 0.48888888888888893 0.45777777777777784 0.52 0.45777777777777784
0 0.4311111111111111 0.48 0.5022222222222222 0.4 0.49777777777777776 0.36888888888888893 0.47111111111111115 0.36444444444444446 0.39555555555555555 0.4444444444444445 0.39555555555555555 0.48 0.4311111111111111 0.48
0 0.6755555555555556 0.6577777777777778 0.76 0.5688888888888889 0.76 0.5288888888888889 0.7244444444444444 0.5244444444444445 0.6444444444444445 0.6133333333333334 0.6444444444444445 0.6444444444444445 0.6755555555555556 0.6577777777777778
0 0.56 0.6533333333333333 0.6 0.6533333333333333 0.6755555555555556 0.5688888888888889 0.6711111111111111 0.5288888888888889 0.6311111111111112 0.5333333333333334 0.5555555555555556 0.6222222222222222 0.56 0.6533333333333333
0 0.46222222222222226 0.6799999999999999 0.48888888888888893 0.6799999999999999 0.5733333333333334 0.5866666666666667 0.5644444444444445 0.5511111111111111 0.52 0.5688888888888889 0.4488888888888889 0.6488888888888888 0.46222222222222226 0.6799999999999999
0 0.35555555555555557 0.7022222222222222 0.39111111111111113 0.7066666666666668 0.47555555555555556 0.6133333333333334 0.4666666666666667 0.5777777777777777 0.4444444444444445 0.5733333333333334 0.4222222222222222 0.5911111111111111 0.3511111111111111 0.6711111111111111 0.35555555555555557 0.7022222222222222