9 0.2015625 0.359375 0.0828125 0.028125
9 0.19296875 0.39609375 0.0671875 0.0265625
3 0.1859375 0.43203125 0.0671875 0.0296875
4 0.1703125 0.50859375 0.084375 0.028125
0 0.21982515859473423 0.3124639234190818 0.17131021800302532 0.32597764397526585 0.12907047484980175 0.5196748830577913 0.16899041564977435 0.550378603197448 0.20424012403273095 0.534286382703743 0.24476086722760731 0.3494326317603856 0.21982515859473423 0.3124639234190818
0 0.8862762806016076 0.37776550336260123 0.8491833280865878 0.37973299166838037 0.768245667396875 0.44201014116370524 0.7675104115914173 0.46940010556038325 0.8028843641480898 0.4762761053937723 0.8829625248586289 0.4184206999680315 0.8862762806016076 0.37776550336260123
0 0.7952628992724052 0.373840735987881 0.759029446736559 0.371386480224076 0.6719510420189149 0.44164761787939544 0.6720752861926309 0.4646158382064895 0.7118709828188876 0.47235133801905216 0.7928086435086004 0.4100741885237271 0.7952628992724052 0.373840735987881
0 0.7192337501103023 0.3636509804115134 0.6935627856719716 0.3540722364668876 0.6777190535256985 0.3647589687381189 0.5967813928359857 0.4270361182334438 0.5960461370305281 0.4544260826301219 0.626138845538443 0.46486432655392135 0.7114982502977397 0.40344667703777015 0.7192337501103023 0.3636509804115134
0 0.596408660314838 0.3581314572521618 0.5049085115276098 0.42753309492830754 0.5033137557429785 0.45934480339456973 0.5342659642300671 0.46536130324878505 0.6204848689685375 0.39952190966304985 0.6256418688435792 0.37299144524554534 0.596408660314838 0.3581314572521618
0 0.5036762790272884 0.3630501780166097 0.41303563021923384 0.42803007162317136 0.40615963038584485 0.46340402417984394 0.44153358294251754 0.470280024013233 0.5277524876809879 0.40444063042749756 0.5293472434656191 0.37262892196123554 0.5036762790272884 0.3630501780166097
0 0.72477369174333 0.5712244633345329 0.6279922989073441 0.644188345101089 0.6219757990531287 0.6751405535881776 0.6503495076026964 0.6944222856511452 0.7515526445082663 0.6223179038637626 0.7592881443208289 0.582522207237506 0.72477369174333 0.5712244633345329
0 0.6708532629291474 0.5653322076540335 0.6301980663237171 0.5620184519110549 0.5378384175573154 0.6358418336567848 0.5362436617726841 0.6676535421230468 0.5760393583989407 0.6753890419356094 0.667539507186169 0.6059874042594637 0.6708532629291474 0.5653322076540335
0 0.5604339053632617 0.5668129285017869 0.5127784647507265 0.5759049049883869 0.4265595600122561 0.6417442985741222 0.43380829236679286 0.6752750069987314 0.4603387567842973 0.6804320068737733 0.5624013936690407 0.6039058810168066 0.5604339053632617 0.5668129285017869
0 0.4579985359573703 0.5744343933774715 0.4367493155886236 0.5657151494120194 0.4112025953240086 0.5791046257944874 0.3249836905855383 0.6449440193802227 0.323388934800907 0.6767557278464849 0.357903387378406 0.688053471749458 0.4599660242631495 0.6115273458924914 0.4579985359573703 0.5744343933774715