9 0.025 0.3 0.0890625 0.309375 0.090625 0.3125 0.1015625 0.3140625 0.109375 0.3125 0.178125 0.3234375 0.1875 0.3265625 0.1921875 0.334375 0.1921875 0.340625 0.1890625 0.346875 0.178125 0.3515625 0.1265625 0.3421875 0.1234375 0.34375 0.115625 0.340625 0.1140625 0.3421875 0.1078125 0.3390625 0.10625 0.340625 0.0828125 0.3359375 0.078125 0.3328125 0.0296875 0.3265625 0.021875 0.325 0.025 0.3015625
9 0.015625 0.3625 0.0171875 0.3640625 0.025 0.3625 0.0265625 0.365625 0.034375 0.3640625 0.0375 0.3671875 0.0453125 0.365625 0.0765625 0.371875 0.0953125 0.371875 0.115625 0.3765625 0.1640625 0.3828125 0.171875 0.384375 0.178125 0.3921875 0.1765625 0.4078125 0.1671875 0.4140625 0.1234375 0.4078125 0.1015625 0.4 0.096875 0.4015625 0.0921875 0.3984375 0.090625 0.4 0.0828125 0.396875 0.0765625 0.3984375 0.0734375 0.3953125 0.0671875 0.396875 0.0625 0.39375 0.0578125 0.3953125 0.053125 0.3921875 0.046875 0.39375 0.04375 0.390625 0.0375 0.3921875 0.0328125 0.3890625 0.0265625 0.390625 0.0234375 0.3875 0.021875 0.3890625 0.015625 0.3875 0.0125 0.3859375 0.015625 0.3640625
9 0.4265625 0.4265625 0.428125 0.428125 0.4296875 0.4265625 0.43125 0.4296875 0.4359375 0.428125 0.4515625 0.4328125 0.584375 0.453125 0.5921875 0.4609375 0.590625 0.471875 0.5828125 0.478125 0.5765625 0.478125 0.546875 0.471875 0.4984375 0.465625 0.4953125 0.4625 0.4875 0.4609375 0.4859375 0.4625 0.446875 0.4546875 0.4390625 0.45625 0.4375 0.453125 0.43125 0.4546875 0.428125 0.4515625 0.421875 0.453125 0.4125 0.446875 0.4109375 0.4359375 0.4140625 0.4296875 0.425 0.428125
9 0.421875 0.3609375 0.428125 0.3640625 0.4296875 0.3625 0.4375 0.365625 0.4546875 0.3671875 0.4578125 0.3703125 0.4640625 0.3703125 0.4765625 0.375 0.478125 0.3734375 0.4875 0.3765625 0.4890625 0.375 0.503125 0.378125 0.50625 0.38125 0.534375 0.3859375 0.54375 0.384375 0.584375 0.3921875 0.5921875 0.3890625 0.603125 0.390625 0.6109375 0.396875 0.6125 0.4015625 0.609375 0.4109375 0.6015625 0.415625 0.5828125 0.4171875 0.540625 0.409375 0.5328125 0.4109375 0.503125 0.40625 0.4875 0.4 0.4859375 0.4015625 0.4796875 0.3984375 0.475 0.4 0.471875 0.396875 0.4640625 0.3984375 0.4625 0.3953125 0.45625 0.3953125 0.453125 0.3921875 0.44375 0.3921875 0.4390625 0.3890625 0.43125 0.3890625 0.4234375 0.3859375 0.41875 0.3875 0.4078125 0.384375 0.4015625 0.378125 0.403125 0.3765625 0.4015625 0.36875 0.4046875 0.3640625 0.4109375 0.3609375 0.4203125 0.3625
9 0.8296875 0.4265625 0.9 0.4390625 0.909375 0.4390625 0.9296875 0.4453125 0.996875 0.4546875 0.9984375 0.45625 0.9984375 0.48125 0.928125 0.4703125 0.9203125 0.4671875 0.9171875 0.46875 0.9140625 0.465625 0.896875 0.4625 0.81875 0.4515625 0.8109375 0.4484375 0.80625 0.44375 0.8046875 0.4390625 0.80625 0.4328125 0.81875 0.425 0.828125 0.4265625
9 0.84375 0.49375 0.8765625 0.5 0.8828125 0.4984375 0.8859375 0.5015625 0.8953125 0.503125 0.896875 0.5015625 0.934375 0.509375 0.940625 0.5078125 0.9453125 0.5109375 0.9578125 0.5109375 0.9640625 0.5140625 0.96875 0.5125 0.975 0.515625 0.984375 0.515625 0.9890625 0.5171875 0.99375 0.5234375 0.99375 0.5328125 0.9859375 0.540625 0.9703125 0.5375 0.965625 0.5390625 0.9609375 0.5359375 0.9515625 0.5375 0.95 0.534375 0.940625 0.5328125 0.9359375 0.534375 0.93125 0.53125 0.909375 0.5296875 0.88125 0.5234375 0.878125 0.525 0.871875 0.521875 0.8640625 0.5234375 0.834375 0.51875 0.8265625 0.5125 0.828125 0.509375 0.8265625 0.5015625 0.8328125 0.4953125 0.8421875 0.49375
3 0.0046875 0.4296875 0.0125 0.43125 0.0140625 0.4296875 0.021875 0.4328125 0.0265625 0.43125 0.03125 0.434375 0.034375 0.4328125 0.0515625 0.4375 0.0546875 0.4359375 0.0609375 0.4390625 0.0640625 0.4375 0.090625 0.44375 0.096875 0.4421875 0.1015625 0.4453125 0.1484375 0.4515625 0.1546875 0.4546875 0.1609375 0.4640625 0.1578125 0.4734375 0.146875 0.48125 0.0984375 0.4734375 0.0875 0.46875 0.0703125 0.4671875 0.0671875 0.4640625 0.0625 0.4671875 0.0484375 0.4671875 0.0015625 0.459375 0 0.45625 0.0046875 0.43125
3 0.41875 0.49375 0.446875 0.5 0.453125 0.4984375 0.4578125 0.5015625 0.475 0.5046875 0.4890625 0.50625 0.5046875 0.5046875 0.5625 0.5140625 0.5671875 0.5171875 0.590625 0.521875 0.596875 0.5296875 0.5953125 0.540625 0.5875 0.5453125 0.5796875 0.54375 0.5734375 0.5453125 0.5703125 0.5421875 0.5640625 0.5421875 0.5609375 0.5390625 0.5515625 0.5375 0.5421875 0.5375 0.5109375 0.53125 0.4984375 0.5328125 0.4921875 0.5296875 0.484375 0.53125 0.471875 0.5265625 0.4625 0.525 0.4609375 0.5265625 0.45 0.5234375 0.446875 0.525 0.4390625 0.521875 0.434375 0.5234375 0.4328125 0.5203125 0.4109375 0.51875 0.4015625 0.5125 0.4 0.503125 0.4046875 0.4953125 0.4109375 0.49375 0.4171875 0.4953125
3 0.8296875 0.55625 0.878125 0.5640625 0.890625 0.56875 0.909375 0.571875 0.91875 0.5703125 0.9375 0.5734375 0.95 0.578125 0.978125 0.58125 0.9859375 0.5875 0.9875 0.5921875 0.984375 0.603125 0.9796875 0.60625 0.946875 0.603125 0.9390625 0.6015625 0.9359375 0.5984375 0.915625 0.5953125 0.909375 0.596875 0.896875 0.5953125 0.8765625 0.5890625 0.86875 0.5890625 0.8640625 0.5859375 0.8375 0.58125 0.825 0.58125 0.8203125 0.5796875 0.8140625 0.5703125 0.815625 0.5609375 0.8234375 0.55625 0.828125 0.55625
4 0 0.5296875 0.08125 0.5421875 0.0921875 0.546875 0.1015625 0.546875 0.1046875 0.55 0.1078125 0.5484375 0.1125 0.5515625 0.13125 0.553125 0.1515625 0.5578125 0.1546875 0.55625 0.1609375 0.5609375 0.1640625 0.5671875 0.1625 0.5703125 0.165625 0.571875 0.1625 0.5734375 0.159375 0.5796875 0.15 0.584375 0.1015625 0.5765625 0.0984375 0.571875 0.08125 0.5703125 0.078125 0.5671875 0.0015625 0.55625 0 0.5546875 0 0.53125
4 0.396875 0.59375 0.4375 0.6015625 0.446875 0.6015625 0.45 0.6046875 0.459375 0.6046875 0.4671875 0.6078125 0.478125 0.6078125 0.496875 0.6125 0.5015625 0.6109375 0.5078125 0.6140625 0.575 0.6234375 0.5796875 0.6265625 0.584375 0.6359375 0.584375 0.640625 0.5734375 0.6515625 0.496875 0.6390625 0.49375 0.634375 0.4828125 0.6328125 0.4734375 0.634375 0.471875 0.63125 0.4640625 0.6296875 0.4609375 0.6328125 0.459375 0.6296875 0.4546875 0.6328125 0.4515625 0.628125 0.4453125 0.6296875 0.4421875 0.6265625 0.434375 0.625 0.378125 0.6171875 0.3734375 0.6140625 0.36875 0.6046875 0.371875 0.596875 0.3765625 0.5921875 0.3953125 0.59375
4 0.8078125 0.65625 0.8234375 0.6609375 0.828125 0.659375 0.8328125 0.6625 0.8421875 0.6640625 0.846875 0.6625 0.853125 0.665625 0.85625 0.6640625 0.8828125 0.6703125 0.8875 0.66875 0.8921875 0.671875 0.9125 0.675 0.9203125 0.6734375 0.921875 0.6765625 0.9296875 0.675 0.9328125 0.678125 0.940625 0.6796875 0.946875 0.678125 0.9515625 0.68125 0.9609375 0.6828125 0.9640625 0.68125 0.975 0.684375 0.971875 0.709375 0.959375 0.7078125 0.9578125 0.7046875 0.946875 0.703125 0.9421875 0.7046875 0.9375 0.7015625 0.9234375 0.7 0.921875 0.7015625 0.9140625 0.6984375 0.9125 0.7 0.9078125 0.696875 0.8890625 0.6953125 0.86875 0.690625 0.859375 0.6921875 0.85625 0.6890625 0.853125 0.690625 0.8484375 0.6875 0.84375 0.6890625 0.8390625 0.6859375 0.8296875 0.684375 0.8234375 0.6859375 0.81875 0.6828125 0.8078125 0.68125 0.803125 0.6828125 0.7921875 0.6734375 0.7921875 0.6671875 0.796875 0.6625 0.796875 0.659375 0.80625 0.6578125
0 0.612045880153722 0.4039289357171459 0.6070073621031177 0.36066173811620617 0.5464116289768187 0.3034988411307811 0.5080336653883482 0.299119135836603 0.4890994479532586 0.3114091533113579 0.4371036780659055 0.3286553372421639 0.4187767600946316 0.34783660946091344 0.4084733442004306 0.36998744655516 0.42188018985729236 0.4247726589779323 0.41041368832807024 0.5078948930296054 0.4122355867195175 0.5285686572615891 0.4055090351646295 0.5495872470227574 0.3880518905918027 0.5740025787831609 0.37983284702368036 0.6151699849070504 0.38941577355756946 0.6404705092168722 0.4415608274830577 0.6759097462317885 0.4500115066838684 0.6976334062022971 0.4765266299213217 0.7018329891563975 0.47757652565984676 0.695204208347034 0.5491138124461055 0.6725592616854678 0.5710175947566921 0.6522457421336398 0.5794991122594457 0.6094211408074094 0.569489008601819 0.565366521402576 0.5798901952415447 0.5211471988086359 0.5827928276734599 0.4706439209345171 0.5903068010322418 0.4446537455663262 0.612045880153722 0.4039289357171459
0 0.06249030327074427 0.6345573102962416 0.13123814752158366 0.608073025360731 0.15671879417148338 0.586627258475825 0.16493783773960569 0.5454598523519353 0.1546652601473476 0.5030624281494426 0.1655913946563358 0.45552871515082094 0.16823155315361982 0.406682632479043 0.17627047438166416 0.37737806670617047 0.19425256682375353 0.34964834454108545 0.19792720190859117 0.32644761170831377 0.19384080885098726 0.2986201187977041 0.18547248124472973 0.2871021039758716 0.1332450757246882 0.24145722181227908 0.11719807157054234 0.2355180920612848 0.10062611954713399 0.23289335271497222 0.06354510648084846 0.25250180205745953 0.03146581625615969 0.26198180153987555 0.00011892920591209319 0.45989825713372384 0 0.4606491465876904 0 0.5899728769222109 0.029181696034820914 0.6088965413062638 0.03928957043797246 0.630882675211404 0.06249030327074427 0.6345573102962416
0 1 0.4064220773750654 0.9721306736383353 0.382817482682032 0.9626300986989996 0.3677226035208865 0.9223324659735571 0.36473761949441796 0.8478256143118014 0.3954060682330572 0.8314183654774994 0.41319261918409717 0.8222471969163768 0.43892032061765673 0.8341769697109758 0.4815802187547805 0.8344240244946356 0.5121971542008095 0.8227928197763068 0.5749080979551299 0.8275842830432515 0.5875583601100407 0.7974614571645422 0.6490392857857582 0.793261874210442 0.6755544090232115 0.8004001837380965 0.7055640450054247 0.8137400969513766 0.7178694816311509 0.8453091573904056 0.7330621315378212 0.8612583907990269 0.7610697467885089 0.893007573578134 0.7643995563441619 0.9598357486920011 0.7393099926763609 0.9697369489168208 0.7304242380274198 0.9846337213186901 0.6363697187113483 0.9826555618539494 0.627408140721078 0.9927942745590439 0.5848460133294788 0.9943845373178029 0.5426287114670643 1 0.5221584654169498 1 0.4064220773750654