9 0 0.3703125 0.0515625 0.3703125 0.053125 0.371875 0.1453125 0.3703125 0.15 0.371875 0.1546875 0.378125 0.1546875 0.3859375 0.1453125 0.396875 0.1328125 0.3984375 0.13125 0.396875 0.128125 0.3984375 0.1265625 0.396875 0.125 0.3984375 0.1234375 0.396875 0.121875 0.3984375 0.1203125 0.396875 0.115625 0.3984375 0.1140625 0.396875 0.1125 0.3984375 0.1109375 0.396875 0.090625 0.396875 0.0890625 0.3984375 0.0734375 0.396875 0.071875 0.3984375 0.046875 0.3953125 0 0.3953125 0 0.371875
9 0.003125 0.43125 0.0140625 0.4328125 0.015625 0.43125 0.0546875 0.43125 0.05625 0.4296875 0.1421875 0.4296875 0.15 0.4359375 0.15 0.453125 0.1421875 0.459375 0.090625 0.459375 0.0796875 0.45625 0.071875 0.4578125 0.0703125 0.45625 0.06875 0.4578125 0.0671875 0.45625 0.065625 0.4578125 0.0640625 0.45625 0.053125 0.4578125 0.0515625 0.45625 0.0421875 0.4578125 0.040625 0.45625 0.0390625 0.4578125 0.0375 0.45625 0.0359375 0.4578125 0.034375 0.45625 0.0328125 0.4578125 0.03125 0.45625 0.0265625 0.4578125 0.0140625 0.45625 0.0125 0.4578125 0.0109375 0.45625 0.009375 0.4578125 0.0078125 0.45625 0.00625 0.4578125 0.0046875 0.45625 0.003125 0.4578125 0 0.45625 0 0.4328125 0.0015625 0.4328125
9 0.3984375 0.43125 0.4 0.4328125 0.4015625 0.43125 0.403125 0.4328125 0.4078125 0.43125 0.409375 0.4328125 0.4140625 0.43125 0.415625 0.4328125 0.459375 0.4328125 0.4609375 0.43125 0.4625 0.4328125 0.5578125 0.4328125 0.565625 0.4390625 0.565625 0.4515625 0.559375 0.4578125 0.475 0.4578125 0.4734375 0.45625 0.4609375 0.4578125 0.459375 0.45625 0.415625 0.45625 0.4140625 0.4578125 0.4 0.45625 0.3984375 0.4578125 0.3890625 0.4546875 0.384375 0.44375 0.3890625 0.434375 0.396875 0.4328125
9 0.384375 0.3671875 0.3859375 0.3703125 0.3875 0.3671875 0.3890625 0.3703125 0.390625 0.3671875 0.3921875 0.3703125 0.396875 0.3703125 0.3984375 0.3671875 0.4 0.3703125 0.4171875 0.3703125 0.4328125 0.3734375 0.4359375 0.371875 0.4375 0.3734375 0.440625 0.371875 0.45625 0.3734375 0.4578125 0.371875 0.4671875 0.375 0.5484375 0.3734375 0.5546875 0.3703125 0.56875 0.3703125 0.575 0.378125 0.5734375 0.3875 0.565625 0.3953125 0.5546875 0.3984375 0.553125 0.396875 0.5515625 0.3984375 0.503125 0.3984375 0.5015625 0.4 0.4640625 0.4 0.4546875 0.396875 0.453125 0.3984375 0.4515625 0.396875 0.4484375 0.3984375 0.4328125 0.396875 0.43125 0.3984375 0.421875 0.3953125 0.4078125 0.3953125 0.40625 0.3921875 0.4 0.3921875 0.3984375 0.3953125 0.396875 0.3921875 0.3921875 0.3921875 0.390625 0.3953125 0.3890625 0.3921875 0.3875 0.3953125 0.3859375 0.3921875 0.384375 0.3953125 0.3828125 0.3921875 0.3734375 0.3921875 0.365625 0.384375 0.365625 0.378125 0.3734375 0.3703125 0.384375 0.36875
9 0.88125 0.3703125 0.8828125 0.371875 0.884375 0.3703125 0.8859375 0.371875 0.984375 0.371875 0.990625 0.3765625 0.9921875 0.3875 0.9875 0.3953125 0.9828125 0.396875 0.7796875 0.3953125 0.7734375 0.3890625 0.771875 0.3796875 0.78125 0.3703125 0.8796875 0.3703125
9 0.846875 0.43125 0.8484375 0.4328125 0.85625 0.43125 0.8578125 0.4328125 0.8703125 0.43125 0.871875 0.4328125 0.8796875 0.43125 0.88125 0.4328125 0.8859375 0.43125 0.8875 0.4328125 0.9109375 0.4328125 0.9125 0.43125 0.9140625 0.4328125 0.9296875 0.43125 0.93125 0.4328125 0.9328125 0.43125 0.934375 0.4328125 0.9421875 0.43125 0.9546875 0.4328125 0.95625 0.43125 0.9625 0.4328125 0.96875 0.4390625 0.96875 0.45 0.9625 0.45625 0.95625 0.4578125 0.9546875 0.45625 0.9421875 0.4578125 0.940625 0.45625 0.9328125 0.4578125 0.93125 0.45625 0.9296875 0.4578125 0.928125 0.45625 0.809375 0.4578125 0.803125 0.453125 0.8015625 0.4484375 0.8015625 0.4421875 0.8078125 0.434375 0.8109375 0.4328125 0.8453125 0.4328125
3 0.0078125 0.496875 0.009375 0.4984375 0.015625 0.496875 0.0171875 0.4984375 0.0265625 0.496875 0.028125 0.4984375 0.0359375 0.496875 0.0375 0.4984375 0.0453125 0.496875 0.046875 0.4984375 0.075 0.4984375 0.0765625 0.496875 0.0796875 0.4984375 0.134375 0.4984375 0.14375 0.509375 0.1421875 0.51875 0.1375 0.5265625 0.134375 0.528125 0.0796875 0.528125 0.078125 0.5265625 0.05625 0.5265625 0.053125 0.5234375 0.0515625 0.5265625 0.0453125 0.5296875 0 0.5296875 0 0.4984375 0.00625 0.4984375
3 0.3984375 0.496875 0.4 0.4984375 0.4015625 0.496875 0.403125 0.4984375 0.4203125 0.4984375 0.421875 0.496875 0.4234375 0.4984375 0.428125 0.496875 0.4296875 0.4984375 0.434375 0.496875 0.4359375 0.4984375 0.4375 0.496875 0.4390625 0.4984375 0.4484375 0.496875 0.45 0.4984375 0.465625 0.4984375 0.4671875 0.496875 0.4765625 0.4984375 0.4859375 0.4953125 0.546875 0.4953125 0.5734375 0.4984375 0.58125 0.50625 0.58125 0.515625 0.5734375 0.521875 0.5609375 0.5234375 0.5484375 0.5203125 0.490625 0.5203125 0.484375 0.5234375 0.4828125 0.521875 0.478125 0.5234375 0.4765625 0.521875 0.475 0.5234375 0.4734375 0.521875 0.4703125 0.5234375 0.46875 0.521875 0.4671875 0.5234375 0.465625 0.521875 0.45 0.521875 0.4484375 0.5234375 0.446875 0.521875 0.4375 0.5234375 0.4359375 0.521875 0.434375 0.5234375 0.4328125 0.521875 0.428125 0.5234375 0.4265625 0.521875 0.421875 0.5234375 0.4203125 0.521875 0.403125 0.521875 0.4015625 0.5234375 0.4 0.521875 0.3984375 0.5234375 0.3890625 0.5203125 0.384375 0.5109375 0.3890625 0.5 0.396875 0.4984375
3 0.8125 0.49375 0.8140625 0.4953125 0.834375 0.4953125 0.8359375 0.49375 0.8421875 0.4953125 0.84375 0.49375 0.86875 0.496875 0.9 0.496875 0.9015625 0.4953125 0.9640625 0.496875 0.9734375 0.50625 0.9734375 0.5140625 0.9671875 0.5203125 0.9625 0.521875 0.928125 0.521875 0.9265625 0.5203125 0.871875 0.521875 0.8515625 0.51875 0.84375 0.5203125 0.8421875 0.51875 0.8359375 0.5203125 0.834375 0.51875 0.8140625 0.51875 0.8125 0.5203125 0.80625 0.51875 0.8 0.5125 0.8015625 0.5 0.80625 0.4953125 0.8109375 0.4953125
4 0 0.5984375 0.0859375 0.5984375 0.1015625 0.6015625 0.10625 0.6 0.1078125 0.6015625 0.15 0.6015625 0.1515625 0.6 0.1609375 0.603125 0.165625 0.6140625 0.1625 0.621875 0.153125 0.6265625 0.103125 0.6265625 0.08125 0.6234375 0 0.6234375 0 0.6
4 0.4578125 0.6 0.459375 0.6015625 0.4640625 0.6 0.465625 0.6015625 0.478125 0.6 0.4796875 0.6015625 0.5 0.6015625 0.5015625 0.6 0.503125 0.6015625 0.575 0.6015625 0.5796875 0.603125 0.5859375 0.6125 0.584375 0.621875 0.578125 0.6265625 0.3796875 0.625 0.3703125 0.615625 0.371875 0.6046875 0.378125 0.6 0.45625 0.6015625
4 0.80625 0.596875 0.8078125 0.5984375 0.809375 0.596875 0.8109375 0.5984375 0.8125 0.596875 0.8140625 0.5984375 0.8265625 0.596875 0.828125 0.5984375 0.8453125 0.5984375 0.846875 0.596875 0.8484375 0.5984375 0.85625 0.596875 0.8578125 0.5984375 0.8625 0.596875 0.8640625 0.5984375 0.875 0.596875 0.8765625 0.5984375 0.8859375 0.596875 0.8875 0.5984375 0.9140625 0.5984375 0.915625 0.596875 0.9171875 0.5984375 0.91875 0.596875 0.921875 0.5984375 0.9265625 0.596875 0.928125 0.5984375 0.9296875 0.596875 0.93125 0.5984375 0.9453125 0.596875 0.9484375 0.5984375 0.9625 0.596875 0.9640625 0.5984375 0.9921875 0.5984375 0.9984375 0.6 0.9984375 0.621875 0.99375 0.6234375 0.9625 0.6234375 0.9609375 0.621875 0.946875 0.6234375 0.94375 0.621875 0.9296875 0.6234375 0.928125 0.621875 0.9265625 0.6234375 0.925 0.621875 0.9203125 0.6234375 0.9171875 0.621875 0.915625 0.6234375 0.9140625 0.621875 0.8875 0.621875 0.8859375 0.6234375 0.884375 0.621875 0.875 0.6234375 0.8734375 0.621875 0.8625 0.6234375 0.8609375 0.621875 0.85625 0.6234375 0.8546875 0.621875 0.846875 0.6234375 0.8453125 0.621875 0.828125 0.621875 0.8265625 0.6234375 0.8140625 0.621875 0.8125 0.6234375 0.8109375 0.621875 0.809375 0.6234375 0.8078125 0.621875 0.80625 0.6234375 0.7984375 0.6203125 0.79375 0.6109375 0.796875 0.6015625 0.8046875 0.5984375
0 0.5764119601328903 0.3803986710963455 0.5647840531561461 0.33887043189368776 0.49667774086378735 0.292358803986711 0.45847176079734214 0.2940199335548173 0.4418604651162791 0.3089700996677741 0.3936877076411959 0.3338870431893688 0.37873754152823913 0.3554817275747509 0.3720930232558139 0.37873754152823924 0.3936877076411959 0.4302325581395349 0.3953488372093023 0.5132890365448505 0.40033222591362116 0.5332225913621264 0.39700996677740863 0.5548172757475084 0.3837209302325581 0.5813953488372093 0.38205980066445183 0.6229235880398671 0.3953488372093023 0.6461794019933556 0.4518272425249169 0.6727574750830565 0.4634551495016611 0.6926910299003323 0.49003322259136206 0.6926910299003323 0.49003322259136206 0.6860465116279071 0.5564784053156145 0.6528239202657808 0.574750830564784 0.6295681063122924 0.5764119601328903 0.5863787375415284 0.5598006644518272 0.5448504983388704 0.5631229235880398 0.5 0.5581395348837208 0.4501661129568107 0.5614617940199336 0.4235880398671097 0.5764119601328903 0.3803986710963455
0 0.07475083056478393 0.691029900332226 0.13787375415282382 0.6544850498338871 0.15946843853820597 0.6295681063122924 0.16112956810631224 0.5880398671096346 0.14451827242524917 0.5481727574750831 0.14784053156146176 0.5 0.1428571428571427 0.45182724252491696 0.14617940199335547 0.4219269102990033 0.15946843853820597 0.3920265780730897 0.15946843853820597 0.36877076411960136 0.15116279069767433 0.34219269102990035 0.14119601328903642 0.3322259136212625 0.08305647840531556 0.2956810631229236 0.06644518272425248 0.292358803986711 0.04983388704318923 0.292358803986711 0.016611295681063076 0.31727574750830567 0 0.3251858883088119 0 0.6541159099298635 0.038205980066445024 0.6710963455149502 0.0514950166112957 0.691029900332226 0.07475083056478393 0.691029900332226
0 0.9900332225913621 0.36544850498338877 0.9817275747508306 0.34219269102990035 0.9717607973421927 0.3322259136212625 0.9252491694352158 0.3039867109634552 0.9136212624584716 0.29069767441860467 0.8737541528239202 0.2940199335548173 0.8056478405315615 0.3355481727574751 0.7923588039867109 0.3554817275747509 0.7873754152823921 0.3820598006644519 0.8056478405315615 0.4219269102990033 0.8106312292358805 0.45182724252491696 0.808970099667774 0.5149501661129569 0.8156146179401993 0.526578073089701 0.7956810631229236 0.5913621262458472 0.7956810631229236 0.6179401993355482 0.8073089700996677 0.6461794019933556 0.8222591362126245 0.6561461794019934 0.8554817275747508 0.6661129568106313 0.8754152823920265 0.691029900332226 0.9069767441860466 0.6893687707641196 0.9684385382059801 0.6544850498338871 0.9900332225913621 0.627906976744186 0.9916943521594683 0.5880398671096346 0.973421926910299 0.5415282392026579 0.9767441860465116 0.49833887043189373 0.9717607973421927 0.45681063122923593 0.9750830564784053 0.4269102990033223 0.9916943521594683 0.38372093023255816 0.9900332225913621 0.36544850498338877