9 0.17578125 0.565625 0.084375 0.01875
9 0.17734375 0.52734375 0.06875 0.0203125
3 0.1796875 0.4890625 0.0671875 0.021875
4 0.18359375 0.409375 0.0859375 0.0203125
0 0.1363132235481037 0.5905919110101757 0.18088201120494452 0.6169131378098998 0.2154711022606281 0.5868452996820761 0.22441650895967175 0.3925515654938505 0.19370277755643964 0.3671991786072394 0.145904523522556 0.38706147265287766 0.1363132235481037 0.5905919110101757
0 0.8235759433875645 0.7175458921029341 0.8598768667884457 0.7293661693736408 0.8674017386123202 0.6881239472505191 0.8032936035475455 0.6093861143323752 0.7663467868712558 0.606802541230741 0.7597907549604939 0.634189707100254 0.8235759433875645 0.7175458921029341
0 0.7318547949722484 0.7018502551797761 0.7684786650108338 0.7090521803659465 0.7756805901970044 0.6724283103273611 0.7118954017699338 0.5890721253246809 0.6703302330091079 0.5861656055853424 0.6640971477360503 0.6089344193703192 0.7318547949722484 0.7018502551797761
0 0.649370350726005 0.6868005115320265 0.6622565670665008 0.701624407698748 0.6902896262114224 0.6989437354404374 0.693196145950761 0.6573785666796114 0.6247926054391543 0.5736994350392272 0.5921411942096964 0.5760571606598333 0.5855851622989345 0.6034443265293463 0.649370350726005 0.6868005115320265
0 0.49450990715902715 0.5785119854371158 0.5668859064797614 0.6717507678842769 0.5998602643469237 0.6647746901791345 0.6017979441731494 0.6370645776719172 0.5337173502992469 0.5487670939469964 0.5013888857074933 0.5465064674830665 0.49450990715902715 0.5785119854371158
0 0.40343465201911977 0.5535796443448853 0.4761335979775585 0.6422000747075101 0.5041666571224801 0.6395194024491996 0.5110456356709464 0.6075138844951503 0.44296504179704393 0.5192164007702298 0.40601822512075403 0.5166328276685955 0.40343465201911977 0.5535796443448853
0 0.674334340985911 0.39616727684394865 0.7510057457534776 0.4943473580133503 0.7882755090674716 0.4923125790304483 0.7911820288068101 0.45074741026962234 0.7098922719547075 0.3522443824625164 0.676594967449841 0.3638388122521951 0.674334340985911 0.39616727684394865
0 0.6546662452536254 0.4783287744524879 0.695908467376747 0.48585364627636257 0.7034333392006219 0.4446114241532409 0.6310573398798873 0.35137264170607985 0.5894921711190613 0.3484661219667413 0.5826131925705952 0.3804716399207905 0.6546662452536254 0.4783287744524879
0 0.5417910162418541 0.433308291833591 0.5866827505363992 0.4550111665487787 0.5985030278071057 0.41871024314789745 0.5175362175927075 0.31558886325625546 0.48982610508549024 0.3136511834300297 0.4737104223679515 0.34501080810867035 0.5417910162418541 0.433308291833591
0 0.4418020035705784 0.4031117053814156 0.4636019774424425 0.42319984690808193 0.487016684502828 0.42019622801206713 0.4988369617735347 0.3838953046111858 0.41787015155913637 0.2807739247195439 0.3806003882451423 0.2828087037024457 0.37372140969667605 0.314814221656495 0.4418020035705784 0.4031117053814156