4 0.68984375 0.79375 0.0515625 0.165625
4 0.66171875 0.571875 0.0515625 0.1578125
4 0.634375 0.3578125 0.0609375 0.1625
4 0.5953125 0.13515625 0.05 0.165625
9 0.58125 0.81171875 0.05625 0.1515625
9 0.5515625 0.5890625 0.05 0.140625
9 0.521875 0.378125 0.0484375 0.15625
9 0.48828125 0.153125 0.0625 0.1484375
1 0.48515625 0.828125 0.0453125 0.13125
1 0.45390625 0.6 0.0578125 0.14375
1 0.428125 0.390625 0.04375 0.14375
1 0.390625 0.16171875 0.05625 0.15625
3 0.30390625 0.18359375 0.0453125 0.165625
3 0.33203125 0.4 0.05 0.171875
3 0.36640625 0.615625 0.059375 0.1609375
3 0.39765625 0.83828125 0.06875 0.1765625
0 0.24789666454154075 0.8678059261639328 0.2944278776111092 0.875027143724056 0.3176177465891902 0.9119917599670944 0.3327166868451662 0.9215134564489356 0.35316842564064854 0.9239317493477476 0.3998791836001566 0.9173669804345369 0.4178508985839816 0.9021389869930901 0.5235827328719063 0.8862208272796014 0.6502207877843502 0.8684230093371192 0.6746618796322279 0.876631752036318 0.7287846392501752 0.8700838136912641 0.7568447551621927 0.8513209490264589 0.766888255745696 0.8022760510089204 0.7889306809428078 0.7896515149604135 0.8079881087947566 0.7859146486747712 0.8120279535516207 0.7694690934998405 0.7857857649557513 0.7710401536534239 0.7607443075252098 0.7660913452384857 0.7378630366225389 0.7237907610240972 0.7238021132101076 0.7141231807886292 0.7086863423859752 0.7120134859652275 0.6526334328345655 0.7198912086610803 0.6385220177176653 0.73245963340093 0.5195554686745466 0.7502378109731616 0.36080481604489956 0.7598465265866954 0.3247659940280916 0.7670284916507262 0.3060648602761321 0.7770664008744497 0.29847331372775326 0.7908355567796274 0.2942539240809496 0.821067098427892 0.2863537794571607 0.8401722223044195 0.24718407634156248 0.8552038402877704 0.24789666454154075 0.8678059261639328
0 0.21653165751175663 0.6446323048018389 0.26054918563335516 0.6490312393385821 0.29454004373960674 0.6950630702344245 0.3292154202693037 0.7007749585538099 0.3683682928167456 0.6931553422288983 0.3808413255074373 0.6839927355269362 0.6330794184887807 0.6485429833955987 0.6410749551617276 0.6527118813379336 0.6983117653103088 0.6457262917319985 0.7228033488626553 0.6316990294558795 0.7364153818058297 0.577918529049655 0.7767689855185993 0.5637790441562218 0.7824135515653594 0.558751674260282 0.7831766314698065 0.5491177551611266 0.7805170627682096 0.545257455294202 0.7498534838143709 0.5485084208072883 0.7270114993010826 0.5411334576965563 0.7039843446447849 0.4977948566386233 0.6836953201710857 0.4890025789249167 0.3639693017911855 0.5413467767004421 0.3513840464831794 0.5346473632419809 0.30052122114949287 0.5417956671696993 0.27648411942618334 0.5515249783180127 0.2663620573616783 0.5698838528582494 0.2591576703697113 0.6090030642693788 0.2174574517379869 0.6286244008877888 0.213888919378316 0.6333600032764749 0.21653165751175663 0.6446323048018389
0 0.1866254880182415 0.43183885187519105 0.22945911554266854 0.4353456533220165 0.25871437126023394 0.477808951858188 0.2714455103218669 0.4855463821601938 0.2908592322738047 0.4881105588126326 0.3374241064796858 0.48050777305587733 0.35850987199414464 0.4648421283535501 0.5763475253848885 0.4331685232483557 0.5963616129194903 0.4324727656165339 0.6111687856682125 0.43991842841128576 0.6633613953526976 0.43470027441702985 0.6825001803655377 0.4277764157239402 0.693789312459058 0.41772167593206044 0.7047249461324789 0.3674928773173504 0.7233419157458937 0.3553497576558123 0.7449326660916218 0.3523153755803726 0.7514693652282997 0.3461041050872612 0.751794793871866 0.333356135457472 0.7019868159498805 0.332946553973124 0.6740781751512698 0.2850014037119755 0.6548271675211152 0.276063242244642 0.6024886740830033 0.28024337939535326 0.5864639396007969 0.2867295868275622 0.32799774555818584 0.3230546414806611 0.30976792420341964 0.3213825979181399 0.26245680066124766 0.3312073011156113 0.24390155066291505 0.3422832271828795 0.23780250278711793 0.3516085482066248 0.22939738462982312 0.3972476281862756 0.21335581957946048 0.4111458372769238 0.18487488297471869 0.41938264975265555 0.1866254880182415 0.43183885187519105
0 0.1834328195177891 0.2057643860087154 0.20046190970722746 0.2139562981397581 0.22483567928247988 0.2518130474727141 0.2388966026949113 0.26148062770818215 0.25519627411621515 0.26448245562150174 0.3070971162934463 0.2571882679401566 0.32625273187444287 0.24285240758862764 0.37296348983395095 0.236287638675417 0.5718082419654815 0.21257590910685709 0.5809876792355999 0.21763694013910947 0.6309583714793686 0.21167253680856288 0.6521731901792982 0.20445691060821933 0.6624243054292738 0.19454805456996643 0.6742520721926126 0.1431353553580849 0.6978515226550414 0.13029199367913766 0.7144597921517554 0.12795785362110715 0.7196835375057911 0.11240443153609414 0.6883747039223626 0.11257052326927193 0.6669242233749548 0.10605851649773221 0.641529267524314 0.060935649259963934 0.618272076273608 0.05361903965068269 0.5662253503427499 0.05987521048848299 0.551530400211342 0.06829156785415451 0.29781663912557327 0.10077315320848487 0.279586817770807 0.0991011096459637 0.23420584416209742 0.1075960284926368 0.2107522774532955 0.12147740701512869 0.19639399517383044 0.17747982486206926 0.1753082296593716 0.19314546956439668 0.1834328195177891 0.2057643860087154