4 0.65078125 0.18203125 0.02890625 0.15546875
4 0.65390625 0.3953125 0.02890625 0.1484375
4 0.65625 0.60078125 0.03671875 0.1515625
4 0.6484375 0.815625 0.02734375 0.15546875
9 0.5453125 0.17890625 0.034375 0.14140625
9 0.54765625 0.39375 0.0296875 0.13125
9 0.54765625 0.596875 0.02578125 0.146875
9 0.5453125 0.8140625 0.03984375 0.13828125
1 0.453125 0.17734375 0.02734375 0.12265625
1 0.45390625 0.39609375 0.03671875 0.1328125
1 0.45703125 0.596875 0.02265625 0.1359375
1 0.45234375 0.81796875 0.034375 0.1453125
3 0.3671875 0.809375 0.02109375 0.15703125
3 0.365625 0.6015625 0.02578125 0.1609375
3 0.36875 0.39296875 0.0359375 0.15
3 0.36875 0.178125 0.04453125 0.1625
0 0.26373626373626374 0.1918081918081918 0.27372627372627373 0.2087912087912088 0.2817182817182817 0.23676323676323677 0.2907092907092907 0.24875124875124874 0.3096903096903097 0.25574425574425574 0.34465534465534464 0.2577422577422578 0.49575424575424576 0.24575424575424573 0.6103896103896104 0.24675324675324678 0.6253746253746254 0.2567432567432567 0.6793206793206793 0.2567432567432567 0.6933066933066934 0.25274725274725274 0.7052947052947053 0.24175824175824173 0.7212787212787213 0.1988011988011988 0.7442557442557443 0.19080919080919082 0.7692307692307693 0.1888111888111888 0.7632367632367633 0.17382617382617382 0.7447552447552448 0.17282717282717283 0.7222777222777224 0.16383616383616384 0.7062937062937064 0.11888111888111888 0.6773226773226774 0.1048951048951049 0.6253746253746254 0.10589410589410589 0.6033966033966034 0.11688311688311688 0.48151848151848153 0.11688311688311688 0.3796203796203796 0.11588411588411589 0.36063936063936064 0.10389610389610389 0.3156843156843157 0.10389610389610389 0.2967032967032967 0.1088911088911089 0.2837162837162837 0.11988011988011989 0.26673326673326675 0.15784215784215785 0.2237762237762238 0.17082917082917085 0.22477522477522477 0.18281718281718282 0.26373626373626374 0.1918081918081918
0 0.22677322677322675 0.4005994005994006 0.26873126873126874 0.41358641358641357 0.28071928071928076 0.44955044955044954 0.29270729270729273 0.46553446553446554 0.3166833166833167 0.47152847152847155 0.36563436563436563 0.47152847152847155 0.37662337662337664 0.46353646353646355 0.6853146853146853 0.4705294705294706 0.7032967032967032 0.4595404595404595 0.7192807192807192 0.41558441558441556 0.7398601398601399 0.40559440559440557 0.7692307692307693 0.4045954045954046 0.7712287712287712 0.4005994005994006 0.7692307692307693 0.3916083916083916 0.7632367632367633 0.38761238761238764 0.7232767232767233 0.3796203796203796 0.7032967032967032 0.3306693306693307 0.6783216783216783 0.3206793206793207 0.6233766233766234 0.32167832167832167 0.6163836163836164 0.3266733266733267 0.37362637362637363 0.3266733266733267 0.36063936063936064 0.3196803196803197 0.3226773226773227 0.3176823176823177 0.2907092907092907 0.3276723276723277 0.2647352647352647 0.3756243756243756 0.2237762237762238 0.3856143856143856 0.22277722277722276 0.3966033966033966 0.22677322677322675 0.4005994005994006
0 0.2517482517482518 0.6063936063936064 0.26873126873126874 0.6173826173826173 0.2827172827172827 0.6593406593406593 0.2897102897102897 0.6673326673326673 0.3086913086913087 0.6753246753246753 0.3546453546453546 0.6783216783216783 0.3716283716283716 0.6743256743256743 0.6203796203796204 0.6743256743256743 0.6363636363636364 0.6783216783216783 0.6863136863136863 0.6753246753246753 0.7032967032967032 0.6643356643356644 0.7232767232767233 0.6153846153846154 0.7702297702297702 0.6083916083916084 0.7682317682317683 0.5964035964035964 0.7612387612387612 0.5914085914085914 0.7404595404595404 0.5914085914085914 0.7212787212787213 0.5824175824175823 0.7042957042957043 0.5364635364635364 0.6923076923076923 0.5284715284715285 0.6733266733266733 0.5244755244755245 0.6233766233766234 0.5264735264735265 0.6103896103896104 0.5354645354645354 0.5914085914085914 0.5374625374625375 0.38161838161838163 0.5364635364635364 0.3596403596403596 0.5244755244755245 0.3146853146853147 0.5234765234765235 0.2967032967032967 0.5284715284715285 0.2857142857142857 0.5374625374625375 0.26373626373626374 0.5814185814185814 0.2237762237762238 0.5904095904095904 0.2237762237762238 0.6023976023976024 0.2517482517482518 0.6063936063936064
0 0.26673326673326675 0.8291708291708291 0.2877122877122877 0.8801198801198801 0.3116883116883117 0.8901098901098902 0.35564435564435565 0.8921078921078921 0.37262737262737267 0.8881118881118881 0.6163836163836164 0.8851148851148851 0.6313686313686314 0.891108891108891 0.6813186813186813 0.8901098901098902 0.7022977022977023 0.8801198801198801 0.7202797202797202 0.8341658341658341 0.7396603396603396 0.8251748251748252 0.7692307692307693 0.8211788211788212 0.7622377622377623 0.8071928071928072 0.7462537462537463 0.8071928071928072 0.7222777222777224 0.7982017982017983 0.7042957042957043 0.7512487512487512 0.6933066933066934 0.7432567432567432 0.6723276723276723 0.7392607392607393 0.6243756243756244 0.7402597402597403 0.6163836163836164 0.7462537462537463 0.4255744255744256 0.7502497502497503 0.3806193806193806 0.7502497502497503 0.36063936063936064 0.7392607392607393 0.31068931068931066 0.7392607392607393 0.2957042957042957 0.7442557442557443 0.2837162837162837 0.7552447552447552 0.26573426573426573 0.7942057942057942 0.25074925074925075 0.8041958041958042 0.24475524475524474 0.8171828171828173 0.26673326673326675 0.8291708291708291