4 0.65625 0.13984375 0.03125 0.165625
4 0.659375 0.36640625 0.03125 0.15625
4 0.6625 0.584375 0.0390625 0.159375
4 0.65390625 0.81171875 0.028125 0.165625
9 0.54453125 0.13671875 0.0359375 0.15
9 0.54609375 0.36484375 0.03125 0.1390625
9 0.546875 0.58046875 0.028125 0.15625
9 0.54453125 0.81015625 0.0421875 0.146875
1 0.446875 0.134375 0.028125 0.13125
1 0.44765625 0.3671875 0.0390625 0.140625
1 0.45 0.58046875 0.025 0.14375
1 0.44609375 0.8140625 0.0359375 0.1546875
3 0.35546875 0.80546875 0.021875 0.165625
3 0.353125 0.58515625 0.028125 0.171875
3 0.35703125 0.3640625 0.0375 0.159375
3 0.35703125 0.1359375 0.046875 0.171875
0 0.274364406779661 0.2108050847457627 0.2944915254237288 0.21822033898305082 0.33156779661016944 0.22033898305084745 0.49179025423728817 0.20762711864406777 0.6133474576271186 0.2086864406779661 0.6292372881355932 0.21927966101694912 0.6864406779661016 0.21927966101694912 0.701271186440678 0.21504237288135591 0.7139830508474576 0.20338983050847456 0.7309322033898304 0.15783898305084745 0.7552966101694916 0.14936440677966098 0.7817796610169492 0.1472457627118644 0.7754237288135593 0.13135593220338984 0.7558262711864406 0.1302966101694915 0.7319915254237288 0.12076271186440675 0.7150423728813559 0.07309322033898305 0.684322033898305 0.05826271186440675 0.6292372881355932 0.05932203389830511 0.6059322033898304 0.07097457627118642 0.4766949152542373 0.07097457627118642 0.3686440677966102 0.06991525423728814 0.34851694915254233 0.057203389830508475 0.3008474576271186 0.057203389830508475 0.2807203389830508 0.0625 0.2669491525423729 0.07415254237288131 0.2489406779661017 0.11440677966101695 0.20338983050847456 0.1281779661016949 0.2044491525423729 0.14088983050847456 0.24576271186440674 0.15042372881355934 0.2563559322033898 0.1684322033898305 0.26483050847457623 0.19809322033898305 0.274364406779661 0.2108050847457627
0 0.2764830508474576 0.4406779661016949 0.301906779661017 0.44703389830508466 0.35381355932203384 0.44703389830508466 0.3654661016949152 0.43855932203389825 0.6927966101694916 0.4459745762711864 0.711864406779661 0.4343220338983051 0.728813559322034 0.3877118644067796 0.750635593220339 0.3771186440677966 0.7817796610169492 0.37605932203389825 0.7838983050847458 0.37182203389830504 0.7817796610169492 0.3622881355932203 0.7754237288135593 0.3580508474576271 0.733050847457627 0.34957627118644063 0.711864406779661 0.2976694915254237 0.6853813559322034 0.28707627118644063 0.6271186440677965 0.288135593220339 0.6197033898305084 0.2934322033898305 0.3622881355932203 0.2934322033898305 0.34851694915254233 0.28601694915254233 0.30826271186440674 0.2838983050847458 0.274364406779661 0.2944915254237288 0.24682203389830507 0.3453389830508474 0.20338983050847456 0.3559322033898305 0.20233050847457626 0.36758474576271183 0.20656779661016947 0.37182203389830504 0.2510593220338983 0.385593220338983 0.26377118644067793 0.42372881355932196 0.2764830508474576 0.4406779661016949
0 0.2733050847457627 0.6546610169491525 0.2934322033898305 0.6631355932203389 0.3421610169491525 0.666313559322034 0.3601694915254237 0.6620762711864406 0.6239406779661016 0.6620762711864406 0.6408898305084746 0.666313559322034 0.6938559322033898 0.6631355932203389 0.711864406779661 0.6514830508474576 0.733050847457627 0.5995762711864406 0.7828389830508474 0.5921610169491525 0.7807203389830508 0.5794491525423728 0.7733050847457628 0.5741525423728813 0.7512711864406779 0.5741525423728813 0.7309322033898304 0.5646186440677966 0.7129237288135593 0.5158898305084746 0.7002118644067796 0.5074152542372882 0.6800847457627118 0.5031779661016949 0.6271186440677965 0.5052966101694916 0.6133474576271186 0.5148305084745762 0.5932203389830508 0.5169491525423728 0.37076271186440674 0.5158898305084746 0.34745762711864403 0.5031779661016949 0.2997881355932203 0.5021186440677966 0.2807203389830508 0.5074152542372882 0.26906779661016944 0.5169491525423728 0.24576271186440674 0.5635593220338982 0.20338983050847456 0.573093220338983 0.20338983050847456 0.5858050847457628 0.2330508474576271 0.5900423728813559 0.2510593220338983 0.6016949152542372 0.2658898305084746 0.646186440677966 0.2733050847457627 0.6546610169491525
0 0.3432203389830508 0.8930084745762711 0.361228813559322 0.8887711864406779 0.6197033898305084 0.885593220338983 0.635593220338983 0.8919491525423728 0.6885593220338982 0.8908898305084746 0.7108050847457628 0.8802966101694916 0.7298728813559322 0.8315677966101693 0.7504237288135592 0.8220338983050848 0.7817796610169492 0.8177966101694916 0.774364406779661 0.8029661016949152 0.7574152542372881 0.8029661016949152 0.7319915254237288 0.7934322033898304 0.7129237288135593 0.7436440677966101 0.701271186440678 0.7351694915254237 0.6790254237288135 0.7309322033898304 0.6281779661016949 0.7319915254237288 0.6197033898305084 0.7383474576271186 0.4173728813559322 0.7425847457627118 0.3697033898305085 0.7425847457627118 0.34851694915254233 0.7309322033898304 0.2955508474576271 0.7309322033898304 0.2796610169491525 0.736228813559322 0.2669491525423729 0.7478813559322034 0.24788135593220337 0.7891949152542372 0.2319915254237288 0.7997881355932204 0.22563559322033896 0.8135593220338982 0.2489406779661017 0.8262711864406779 0.2711864406779661 0.8802966101694916 0.2966101694915254 0.8908898305084746 0.3432203389830508 0.8930084745762711