9 0.3625 0.9265625 0.3640625 0.9125 0.35 0.7921875 0.35 0.7734375 0.3515625 0.771875 0.36875 0.771875 0.3734375 0.778125 0.384375 0.865625 0.384375 0.89375 0.3890625 0.925 0.384375 0.934375 0.3734375 0.9375 0.365625 0.9359375 0.3640625 0.9265625
9 0.3015625 0.3078125 0.315625 0.3046875 0.3203125 0.30625 0.3265625 0.315625 0.3265625 0.3296875 0.33125 0.3546875 0.3296875 0.359375 0.3359375 0.4046875 0.334375 0.415625 0.3375 0.434375 0.3359375 0.440625 0.3390625 0.45 0.3375 0.459375 0.3390625 0.465625 0.3328125 0.471875 0.31875 0.4734375 0.3140625 0.465625 0.315625 0.4515625 0.303125 0.346875 0.3046875 0.3328125 0.3 0.3171875 0.3015625 0.309375
9 0.4625 0.0640625 0.4671875 0.1 0.465625 0.103125 0.46875 0.1296875 0.4671875 0.1421875 0.471875 0.159375 0.4734375 0.1875 0.4765625 0.203125 0.4765625 0.20625 0.4703125 0.209375 0.4546875 0.209375 0.453125 0.203125 0.4421875 0.0859375 0.4390625 0.0703125 0.4421875 0.0640625 0.4484375 0.0625 0.4609375 0.0640625
9 0.534375 0.7609375 0.5375 0.76875 0.540625 0.7984375 0.5390625 0.8109375 0.5484375 0.8875 0.5484375 0.903125 0.5359375 0.90625 0.5296875 0.90625 0.5265625 0.903125 0.5265625 0.8890625 0.5234375 0.8734375 0.5234375 0.84375 0.5171875 0.8140625 0.515625 0.784375 0.5125 0.76875 0.515625 0.7609375 0.5296875 0.759375 0.5328125 0.7609375
9 0.5109375 0.5296875 0.5171875 0.575 0.515625 0.5890625 0.525 0.6671875 0.5234375 0.671875 0.509375 0.675 0.503125 0.6734375 0.5015625 0.6640625 0.4953125 0.6046875 0.496875 0.5921875 0.4921875 0.575 0.4890625 0.5453125 0.4890625 0.5328125 0.4921875 0.5296875 0.503125 0.528125 0.509375 0.5296875
9 0.328125 0.5375 0.3421875 0.5375 0.346875 0.540625 0.35 0.546875 0.359375 0.628125 0.3578125 0.6421875 0.3609375 0.6453125 0.359375 0.65625 0.3640625 0.6875 0.3625 0.696875 0.3578125 0.7015625 0.346875 0.703125 0.340625 0.7015625 0.3265625 0.56875 0.325 0.546875 0.328125 0.5390625
9 0.484375 0.296875 0.4890625 0.3078125 0.490625 0.3359375 0.49375 0.3515625 0.4921875 0.365625 0.5 0.4375 0.496875 0.4421875 0.4828125 0.44375 0.478125 0.440625 0.4734375 0.396875 0.475 0.384375 0.4703125 0.3671875 0.4640625 0.3078125 0.4640625 0.3015625 0.4671875 0.2984375 0.4828125 0.296875
9 0.2765625 0.078125 0.284375 0.0734375 0.296875 0.075 0.3 0.0796875 0.3 0.0890625 0.303125 0.09375 0.3125 0.1828125 0.3109375 0.1953125 0.315625 0.228125 0.3125 0.2359375 0.30625 0.240625 0.2953125 0.240625 0.2921875 0.2375 0.2890625 0.2125 0.2890625 0.1984375 0.2796875 0.1234375 0.28125 0.109375 0.278125 0.09375 0.278125 0.0796875
1 0.3671875 0.1453125 0.04375 0.15625
1 0.39140625 0.378125 0.0359375 0.146875
1 0.41484375 0.60625 0.0390625 0.153125
1 0.440625 0.8375 0.04375 0.1515625
4 0.6015625 0.12265625 0.0296875 0.1765625
4 0.628125 0.3578125 0.0328125 0.1765625
4 0.653125 0.5828125 0.040625 0.1734375
4 0.6765625 0.81640625 0.0375 0.16875
0 0.301192723190273 0.2406440237403174 0.33841869597292334 0.22314346661514475 0.5836892985468557 0.19736448749845992 0.6030514322721754 0.20382191381754305 0.6569859409124665 0.19985166224795411 0.6940353453450027 0.1806711694887134 0.7034137583649185 0.1406201031042345 0.7041251043813403 0.11506793189298552 0.685302820938293 0.04910648498106429 0.6719541563487883 0.03522304272525201 0.6527685909735828 0.030445552040236912 0.585747733960976 0.03918822167887619 0.5696546510207529 0.04767364771629108 0.3314569276833212 0.07610622470065476 0.3096177644404368 0.07840161325214039 0.28671919109686683 0.07061738799921793 0.23782448935877962 0.07405793451846403 0.21483509553217006 0.08156969832226801 0.19794491870845027 0.09863137088013732 0.19263265035712765 0.14504904310065983 0.17742240916747584 0.16193414730841482 0.20800424204899945 0.22665961576953614 0.24221840764777763 0.24514398036024915 0.301192723190273 0.2406440237403174
0 0.3587532827669307 0.45539834815680713 0.5070830244684302 0.43810977037263676 0.6863921801304412 0.4311530746989993 0.7155716114429801 0.4178952305925341 0.7278659385477638 0.38942714529641714 0.7277852632966539 0.34017930685810144 0.7201826790098103 0.33248590208821843 0.7124085989888174 0.29084064793674624 0.70206666896722 0.2732441977125693 0.6789915272735356 0.2637800368255787 0.6218737157152228 0.26978336072946424 0.5990608902387276 0.27897506016733625 0.2539678118543244 0.30845182940449145 0.23150812307805765 0.32100340011049955 0.22169082549083852 0.3407186705360478 0.21292786538834027 0.40278546851352537 0.23016103368035917 0.45362749471883435 0.25447215382484345 0.4748512050443011 0.31715947733570343 0.4733579829922768 0.3587532827669307 0.45539834815680713
0 0.3516055234558821 0.7041296903929792 0.3804318180681924 0.687511975018378 0.5904237723266961 0.665440931254093 0.630918795894443 0.6628832264854183 0.6553207365219669 0.6688109477541586 0.7124385480802797 0.662807623850273 0.7461280812446799 0.6439802677912609 0.7552441780474066 0.5852733410819193 0.7637346767007863 0.5690945102746215 0.7517985589121958 0.5686505530913535 0.7301461092513553 0.5080820497818649 0.6964616487029198 0.49463749209335584 0.6329772313085634 0.5047069606658345 0.6036212316459103 0.5162848691382317 0.3966360119553141 0.5346429049341521 0.3753265537627725 0.5419781003878418 0.3235159379398175 0.5338356658187259 0.2815175470881167 0.5382498745715829 0.2635679601637112 0.545231933325044 0.24667778333999144 0.5622936058829133 0.23570518255308234 0.6194971653083011 0.2433026942239611 0.6594624838257053 0.2624831869832018 0.6965118882582415 0.2995275187997732 0.7096033092465218 0.3516055234558821 0.7041296903929792
0 0.3742920201375847 0.9361373762444817 0.408158121652099 0.9189899558195374 0.6603250351124177 0.8941846389364635 0.6780072332036694 0.9008186336056611 0.7319417418439607 0.8968483820360721 0.7688145779263825 0.8759879536427633 0.7787277686126058 0.8087047804129673 0.7687389752912372 0.7944682014569265 0.7541594048668974 0.7365532960151169 0.7191481453846225 0.7266451779448582 0.6429305163181789 0.7448469358545232 0.4198522136873595 0.7716903976878585 0.3633549276624289 0.7674375394372215 0.30606054775400154 0.771760927707039 0.27405095022366954 0.7904117154159368 0.2598950465187387 0.8496483471756212 0.25980422603569914 0.8649443362323478 0.2811035389963112 0.9221529682737003 0.30152508282231655 0.9386900083971913 0.32557388674961185 0.9412578583977957 0.3742920201375847 0.9361373762444817