9 0.2796875 0.0984375 0.2875 0.1015625 0.290625 0.10625 0.29375 0.13125 0.296875 0.146875 0.3 0.15 0.3140625 0.2296875 0.3140625 0.2515625 0.3078125 0.25625 0.2984375 0.2578125 0.2953125 0.25625 0.2921875 0.2484375 0.2703125 0.1171875 0.2671875 0.1140625 0.26875 0.1078125 0.2671875 0.103125 0.2703125 0.1 0.278125 0.0984375
9 0.3609375 0.540625 0.365625 0.54375 0.3703125 0.5578125 0.3703125 0.56875 0.3734375 0.575 0.375 0.590625 0.378125 0.59375 0.3859375 0.6453125 0.3890625 0.6484375 0.3875 0.653125 0.390625 0.671875 0.39375 0.68125 0.3921875 0.6953125 0.3828125 0.7 0.3734375 0.6984375 0.3703125 0.6921875 0.3703125 0.675 0.365625 0.665625 0.35 0.56875 0.34375 0.55 0.346875 0.5421875 0.359375 0.540625
9 0.559375 0.7453125 0.5625 0.7484375 0.5640625 0.75625 0.5703125 0.7921875 0.56875 0.8 0.571875 0.815625 0.575 0.81875 0.578125 0.84375 0.58125 0.8453125 0.5859375 0.8828125 0.5671875 0.8875 0.5625 0.88125 0.540625 0.7578125 0.5421875 0.7484375 0.5578125 0.746875
9 0.4453125 0.084375 0.459375 0.1703125 0.4640625 0.18125 0.4703125 0.215625 0.465625 0.221875 0.4578125 0.2234375 0.4484375 0.2234375 0.4453125 0.2171875 0.440625 0.1828125 0.4375 0.1734375 0.4359375 0.146875 0.4296875 0.128125 0.4234375 0.09375 0.425 0.0859375 0.4375 0.0828125 0.44375 0.084375
9 0.4828125 0.30625 0.4859375 0.3140625 0.4953125 0.375 0.496875 0.3828125 0.5 0.3859375 0.509375 0.4375 0.5046875 0.4421875 0.4953125 0.44375 0.4890625 0.44375 0.484375 0.4390625 0.4765625 0.39375 0.478125 0.3875 0.4734375 0.3765625 0.4625 0.3140625 0.4625 0.309375 0.465625 0.30625 0.475 0.3046875 0.48125 0.30625
9 0.325 0.3234375 0.3296875 0.3296875 0.3359375 0.36875 0.3390625 0.371875 0.3375 0.375 0.340625 0.38125 0.3546875 0.4609375 0.353125 0.4734375 0.3453125 0.478125 0.334375 0.4765625 0.33125 0.4703125 0.3328125 0.465625 0.3296875 0.4609375 0.30625 0.328125 0.3078125 0.3234375 0.3140625 0.321875 0.3234375 0.3234375
9 0.52421875 0.59609375 0.0484375 0.14375
9 0.3984375 0.7609375 0.403125 0.7625 0.4078125 0.771875 0.43125 0.89375 0.4296875 0.9015625 0.43125 0.9140625 0.4265625 0.91875 0.4203125 0.9203125 0.415625 0.9203125 0.4109375 0.9125 0.4078125 0.8875 0.403125 0.878125 0.3875 0.78125 0.384375 0.771875 0.3859375 0.7625 0.396875 0.7609375
1 0.4765625 0.83203125 0.0515625 0.1515625
1 0.4375 0.6109375 0.04375 0.1421875
1 0.3984375 0.39296875 0.0484375 0.1484375
1 0.3625 0.17265625 0.0515625 0.146875
4 0.70078125 0.79140625 0.0390625 0.16875
4 0.6625 0.56640625 0.0421875 0.16875
4 0.625 0.3515625 0.0515625 0.1671875
4 0.58515625 0.13046875 0.046875 0.1625
0 0.33339721780402615 0.9200520639663395 0.35352013806723503 0.9313396286136995 0.37674782163082543 0.9321892207755493 0.4228286278965513 0.9224155115136125 0.4419205300445336 0.9091585751049381 0.46270381054641463 0.9054939220048244 0.6902849749669786 0.8686620620654091 0.7073996993838451 0.8722379536812852 0.7716301511665646 0.8625608118733874 0.7880884183296597 0.853065096018866 0.7967423479921323 0.8367033963098102 0.796657489492795 0.770781566173192 0.7892316158385282 0.7473646506864238 0.7699582877371693 0.7128494024754736 0.7306508008568395 0.7049445945359111 0.6797738529368333 0.7155639929747976 0.6635974821660549 0.7266584227140787 0.43018525499108345 0.7678152959922796 0.3911596645030701 0.7615092019374774 0.3354865749287838 0.772974289553313 0.30877566421845615 0.7991136015092064 0.2976695255244729 0.8670087063920399 0.31619373190292166 0.8785781674317162 0.33339721780402615 0.9200520639663395
0 0.2912054234256979 0.6901191609532048 0.3054972809344994 0.7057317389393505 0.3295706536750391 0.7113774727554808 0.6561794144815892 0.6471938567915692 0.6796889944374962 0.6496421628381792 0.7340452665193389 0.6400576854994201 0.7528552722750046 0.6252020352059857 0.7577479813833242 0.6062067005120427 0.7538979993449333 0.5656750606084078 0.7588833729223914 0.5565539056153417 0.7459122358909342 0.5110368921342487 0.7270134686510303 0.48799453750893546 0.6965452403714502 0.4834763892620709 0.5290548433330973 0.5245484040409348 0.38744663952798986 0.5478693312369485 0.34426439293960026 0.5422961678021688 0.28595766838042674 0.5575224759721575 0.2691209373709759 0.5835691234589124 0.2666687283394652 0.63510252863269 0.2912054234256979 0.6901191609532048
0 0.25559381352468724 0.478807031772558 0.27571673378789613 0.4900945964199178 0.2941482756972063 0.4917898777587171 0.3341161228162082 0.484742467950806 0.37982236822047905 0.46349586510323204 0.40145133789930937 0.4646273536573985 0.5975293529401661 0.4267566696329556 0.6277156848274297 0.42967610399505995 0.6890306052329455 0.4221614688565551 0.7165872051202224 0.4008182985549419 0.7205454635673548 0.33912881728797106 0.7314545643683589 0.33555682865699576 0.7193252135289504 0.32285978204805377 0.6953523112273505 0.27104057749705923 0.6592422521165409 0.26257197677286387 0.6048859800346983 0.2721564541116229 0.5839134676096394 0.2840965730278537 0.545826230767714 0.29246080032820837 0.34598699517270426 0.327697849367764 0.31495497410849127 0.3199822733513794 0.2653948436809289 0.32872106151318914 0.2346408160241317 0.3506280245994354 0.2267360080845692 0.38993551147976513 0.23030409373064376 0.4288684374986399 0.25559381352468724 0.478807031772558
0 0.19168428798329076 0.20984463528650923 0.22045333193917083 0.2608181506605546 0.2549646771652204 0.26956864777706635 0.30903905285474653 0.2583854565535471 0.3601052326979305 0.23949059229854397 0.5732979721556537 0.20519579988997685 0.6485301892085159 0.2018208491519809 0.6782492957651859 0.18339321022757132 0.6763764914579108 0.1260287422993863 0.6818329933508631 0.11023083537496348 0.654851895202921 0.0506999577924848 0.6152625119302747 0.04119643596816251 0.5643855640102687 0.05181583440704873 0.5498079071242501 0.06262836775401359 0.3102827208025549 0.10651154048624045 0.2744545580840617 0.09964165364680504 0.22809185542601948 0.10781664902398198 0.20655555021632774 0.11655934017069258 0.1920705577994478 0.1372460532185343 0.18754850656768268 0.19573810671598513 0.19168428798329076 0.20984463528650923