9 0.7375 0.6265625 0.825 0.64375 0.83125 0.646875 0.834375 0.65625 0.8328125 0.6625 0.8265625 0.6703125 0.8203125 0.671875 0.8140625 0.6703125 0.8078125 0.671875 0.69375 0.6484375 0.690625 0.65 0.6796875 0.6484375 0.675 0.64375 0.6765625 0.6421875 0.675 0.634375 0.6765625 0.628125 0.6859375 0.621875 0.696875 0.61875 0.7359375 0.6265625
9 0.40625 0.5671875 0.4078125 0.56875 0.4234375 0.5671875 0.54375 0.590625 0.553125 0.6 0.5515625 0.6140625 0.5453125 0.61875 0.534375 0.6203125 0.5265625 0.61875 0.5234375 0.615625 0.51875 0.6171875 0.5140625 0.6140625 0.509375 0.615625 0.4 0.59375 0.3921875 0.5875 0.3921875 0.5765625 0.396875 0.5703125 0.4046875 0.56875
9 0.1265625 0.509375 0.1359375 0.515625 0.221875 0.53125 0.2234375 0.534375 0.25 0.5390625 0.25625 0.5484375 0.25625 0.553125 0.2453125 0.5625 0.24375 0.5609375 0.2359375 0.5625 0.2125 0.5578125 0.203125 0.553125 0.125 0.5390625 0.115625 0.5328125 0.1140625 0.5265625 0.115625 0.5171875 0.125 0.5109375
9 0.1625 0.38125 0.190625 0.3890625 0.1921875 0.3875 0.203125 0.3890625 0.2046875 0.3921875 0.2109375 0.390625 0.2140625 0.39375 0.21875 0.3921875 0.221875 0.3953125 0.2265625 0.39375 0.2390625 0.3984375 0.24375 0.396875 0.246875 0.4 0.2515625 0.3984375 0.2671875 0.4015625 0.271875 0.40625 0.2734375 0.415625 0.2703125 0.4234375 0.265625 0.4265625 0.25625 0.425 0.25 0.4265625 0.209375 0.41875 0.2 0.4140625 0.15625 0.40625 0.146875 0.396875 0.1515625 0.3828125 0.1609375 0.38125
9 0.45625 0.4390625 0.4734375 0.44375 0.4765625 0.4421875 0.509375 0.45 0.5171875 0.45 0.51875 0.453125 0.525 0.4515625 0.5265625 0.4546875 0.5296875 0.453125 0.5484375 0.4578125 0.553125 0.4640625 0.553125 0.475 0.5453125 0.48125 0.4375 0.4609375 0.4328125 0.453125 0.4359375 0.440625 0.4421875 0.4375 0.4546875 0.4390625
9 0.7078125 0.49375 0.7234375 0.4890625 0.734375 0.4890625 0.78125 0.4984375 0.7921875 0.503125 0.8296875 0.509375 0.8453125 0.5171875 0.846875 0.528125 0.84375 0.5359375 0.8359375 0.54375 0.828125 0.5453125 0.8125 0.5421875 0.8046875 0.5390625 0.803125 0.5359375 0.7953125 0.5359375 0.7875 0.5296875 0.7796875 0.5296875 0.7703125 0.525 0.7234375 0.5171875 0.7078125 0.5125 0.7046875 0.5078125 0.70625 0.50625 0.7046875 0.5 0.7078125 0.4984375 0.7078125 0.4953125
1 0.7328125 0.559375 0.7375 0.565625 0.74375 0.5671875 0.815625 0.5796875 0.8171875 0.5859375 0.821875 0.5890625 0.8203125 0.5984375 0.8140625 0.6046875 0.80625 0.6078125 0.7390625 0.59375 0.7078125 0.5953125 0.703125 0.590625 0.7 0.5828125 0.703125 0.5734375 0.7140625 0.5609375 0.725 0.5578125 0.73125 0.559375
1 0.428125 0.509375 0.5453125 0.5328125 0.55 0.5359375 0.553125 0.5421875 0.553125 0.55 0.5453125 0.55625 0.5234375 0.5546875 0.4203125 0.534375 0.415625 0.5296875 0.4140625 0.5203125 0.415625 0.5140625 0.4265625 0.509375
1 0.146875 0.453125 0.1484375 0.4546875 0.1515625 0.4515625 0.15625 0.4515625 0.2453125 0.4703125 0.253125 0.4703125 0.2609375 0.4796875 0.259375 0.4921875 0.2515625 0.4984375 0.146875 0.478125 0.1421875 0.4765625 0.1375 0.4703125 0.1375 0.4609375 0.1421875 0.4546875 0.1453125 0.4546875
4 0.221875 0.284375 0.3015625 0.3015625 0.309375 0.309375 0.3140625 0.3203125 0.3125 0.328125 0.3078125 0.33125 0.3078125 0.334375 0.30625 0.3328125 0.3015625 0.3359375 0.203125 0.3171875 0.196875 0.3140625 0.1953125 0.315625 0.1640625 0.309375 0.1578125 0.3046875 0.1546875 0.290625 0.1578125 0.290625 0.1640625 0.2828125 0.16875 0.2828125 0.171875 0.278125 0.18125 0.2765625 0.2203125 0.284375
4 0.4625 0.33125 0.4796875 0.3359375 0.4953125 0.334375 0.5359375 0.34375 0.54375 0.34375 0.546875 0.346875 0.5828125 0.3546875 0.590625 0.359375 0.5921875 0.3640625 0.590625 0.3734375 0.5859375 0.378125 0.5765625 0.3796875 0.5703125 0.3765625 0.56875 0.378125 0.5609375 0.375 0.559375 0.3765625 0.55625 0.3734375 0.553125 0.375 0.5296875 0.36875 0.5265625 0.3703125 0.5234375 0.3671875 0.5203125 0.36875 0.515625 0.365625 0.5125 0.3671875 0.50625 0.3640625 0.503125 0.365625 0.49375 0.3640625 0.4890625 0.3609375 0.4765625 0.3625 0.465625 0.3609375 0.4609375 0.365625 0.446875 0.3640625 0.440625 0.359375 0.4375 0.353125 0.4390625 0.34375 0.4421875 0.3421875 0.44375 0.3375 0.4609375 0.33125
4 0.7359375 0.38125 0.7828125 0.3890625 0.7859375 0.3921875 0.8 0.39375 0.8078125 0.396875 0.809375 0.4 0.871875 0.4109375 0.878125 0.4140625 0.88125 0.425 0.8765625 0.4328125 0.865625 0.4375 0.8234375 0.4296875 0.8125 0.425 0.80625 0.425 0.8046875 0.421875 0.803125 0.4234375 0.7921875 0.4203125 0.790625 0.421875 0.7859375 0.41875 0.7828125 0.4203125 0.778125 0.4171875 0.775 0.41875 0.7625 0.4140625 0.7609375 0.415625 0.753125 0.4125 0.75 0.4140625 0.7265625 0.4078125 0.721875 0.403125 0.7234375 0.4015625 0.721875 0.3921875 0.7265625 0.384375 0.734375 0.38125
0 0.272359325846055 0.24581289757392102 0.26337733916606115 0.23890456054249834 0.23818271628246065 0.2357280271857407 0.1935523322733524 0.25286483776458846 0.17314963367127417 0.278152643778476 0.16509182136652142 0.31960649443082667 0.16509564983033573 0.38155622681554235 0.15754268781453282 0.3938545215477242 0.13917087575969658 0.48836930103508375 0.1211175477332361 0.5192761941116336 0.11702066846505169 0.5580583616961764 0.12208831367362076 0.5762514644180673 0.1621169681255948 0.6270523773439309 0.18367297046481718 0.6312424397424025 0.23484278744801457 0.5981687138869948 0.25515230291980573 0.5556547426277867 0.2564377244247519 0.48707239413869485 0.2750245189118789 0.39145162591593063 0.29544136444356944 0.3483854893660333 0.3044661142248925 0.30195717663540056 0.29870725246679974 0.2784672993430375 0.272359325846055 0.24581289757392102
0 0.5755723832593589 0.32368040291612565 0.5485332400890903 0.2857292265765369 0.5285888002108186 0.2732483940475953 0.5028893270382683 0.29922741661100655 0.46949711715448456 0.31166548603861877 0.4550358181072589 0.3329457674507946 0.44665569331031596 0.3760577721292393 0.4469818342663204 0.436349350487861 0.4378173097895669 0.456938415350513 0.42202399767225146 0.5381879626291204 0.40332604466141087 0.5724111637578582 0.39890685290103634 0.612851485368495 0.4029609690678916 0.6274059675460076 0.43064473722254026 0.6620408358334083 0.44340511914234265 0.693774891691098 0.45832850537718894 0.6966757041208089 0.5203675924283774 0.6519483085175996 0.5328484249573189 0.6320038686393277 0.540630516335025 0.6008212546357312 0.5361143129805492 0.562085678616332 0.557340345899953 0.44403443027146594 0.5786633904134579 0.40515907955663605 0.587688140194781 0.3587307668260033 0.5755723832593589 0.32368040291612565
0 0.8284389580067909 0.34185819178275945 0.8035666476153805 0.3370235043999078 0.7864336655003469 0.3543428527755152 0.7513833015904691 0.36645860971093736 0.7392247815537176 0.38474489556311514 0.7307980651916314 0.4192438176188997 0.7311707977127792 0.4881484786001816 0.7197034942255516 0.5117315390228316 0.7026209321394757 0.599613702405815 0.6845676041130153 0.6305205954823647 0.6817599748135913 0.6626701469625316 0.6875188365716839 0.6861600242548946 0.7255670245053739 0.7382967787146624 0.7481365558863101 0.7461254616575119 0.802253776864362 0.7067414321899181 0.8186489508647284 0.6755122266211784 0.821223622338435 0.6002972620277103 0.8408846843620316 0.4991498664359746 0.8611941998338228 0.45663589517676667 0.8692054205734319 0.40656896190175573 0.864137775364863 0.38837585917986484 0.8284389580067909 0.34185819178275945