9 0.1953125 0.3390625 0.2703125 0.3484375 0.3046875 0.35 0.309375 0.353125 0.3109375 0.3609375 0.309375 0.3671875 0.2984375 0.3765625 0.1671875 0.3640625 0.1625 0.3609375 0.159375 0.3546875 0.159375 0.3484375 0.1640625 0.3421875 0.1703125 0.3390625 0.19375 0.3390625
9 0.446875 0.3640625 0.4546875 0.3671875 0.4609375 0.365625 0.50625 0.371875 0.5671875 0.3765625 0.578125 0.38125 0.5796875 0.384375 0.5796875 0.3953125 0.56875 0.403125 0.5640625 0.4015625 0.5515625 0.403125 0.434375 0.390625 0.4265625 0.3828125 0.428125 0.3703125 0.43125 0.3671875 0.4453125 0.3640625
9 0.7296875 0.39375 0.7453125 0.3953125 0.7609375 0.4 0.8390625 0.4078125 0.8453125 0.4109375 0.8484375 0.421875 0.846875 0.4265625 0.8375 0.4328125 0.8296875 0.4296875 0.759375 0.4234375 0.746875 0.421875 0.74375 0.41875 0.7171875 0.4171875 0.7109375 0.4078125 0.7125 0.4015625 0.71875 0.3953125 0.728125 0.39375
9 0.7390625 0.521875 0.7546875 0.525 0.76875 0.525 0.7734375 0.528125 0.784375 0.5296875 0.81875 0.5328125 0.8265625 0.540625 0.825 0.5515625 0.81875 0.5578125 0.8015625 0.5546875 0.796875 0.55625 0.7953125 0.553125 0.7859375 0.5546875 0.7734375 0.5515625 0.7671875 0.553125 0.7640625 0.55 0.753125 0.5515625 0.7484375 0.5484375 0.7375 0.55 0.7328125 0.546875 0.73125 0.5484375 0.7140625 0.546875 0.70625 0.5390625 0.7078125 0.528125 0.7140625 0.521875 0.7375 0.521875
9 0.45625 0.49375 0.471875 0.496875 0.5453125 0.503125 0.55 0.50625 0.553125 0.5171875 0.5484375 0.5265625 0.540625 0.528125 0.5375 0.5265625 0.5328125 0.528125 0.528125 0.525 0.5265625 0.5265625 0.5 0.525 0.44375 0.5171875 0.4390625 0.509375 0.4390625 0.503125 0.446875 0.49375 0.4546875 0.49375
9 0.1734375 0.4578125 0.1890625 0.459375 0.196875 0.4640625 0.228125 0.46875 0.234375 0.471875 0.278125 0.475 0.2890625 0.478125 0.29375 0.4890625 0.290625 0.4953125 0.2875 0.4984375 0.2734375 0.503125 0.2171875 0.4984375 0.2140625 0.4953125 0.1734375 0.4921875 0.16875 0.4890625 0.1640625 0.4890625 0.159375 0.484375 0.1578125 0.475 0.1625 0.4640625 0.171875 0.4578125
1 0.28125 0.4 0.2875 0.40625 0.290625 0.4140625 0.2859375 0.425 0.2796875 0.4328125 0.2703125 0.4375 0.2609375 0.4359375 0.25625 0.43125 0.25 0.4296875 0.1828125 0.4234375 0.1765625 0.4171875 0.1765625 0.409375 0.1875 0.3984375 0.253125 0.40625 0.259375 0.40625 0.2609375 0.403125 0.265625 0.4015625 0.2703125 0.403125 0.275 0.4 0.2796875 0.4
1 0.4453125 0.421875 0.5578125 0.434375 0.5640625 0.4421875 0.5640625 0.453125 0.55625 0.459375 0.5484375 0.459375 0.4578125 0.4484375 0.44375 0.4484375 0.434375 0.44375 0.43125 0.4375 0.434375 0.428125 0.44375 0.4234375
1 0.7421875 0.4578125 0.825 0.4671875 0.8296875 0.4734375 0.8296875 0.4828125 0.8265625 0.4875 0.81875 0.490625 0.740625 0.48125 0.7265625 0.48125 0.7171875 0.478125 0.7125 0.475 0.7109375 0.4703125 0.7125 0.4609375 0.71875 0.45625 0.740625 0.4578125
4 0.6796875 0.615625 0.6890625 0.6125 0.71875 0.6171875 0.778125 0.621875 0.7875 0.625 0.7890625 0.6234375 0.8078125 0.625 0.821875 0.628125 0.828125 0.6359375 0.825 0.646875 0.80625 0.6578125 0.790625 0.6546875 0.703125 0.646875 0.6890625 0.64375 0.678125 0.6328125 0.6765625 0.6203125 0.6796875 0.6171875
4 0.425 0.59375 0.4265625 0.5953125 0.4359375 0.59375 0.4390625 0.596875 0.446875 0.5953125 0.453125 0.5984375 0.4625 0.596875 0.46875 0.6 0.4796875 0.5984375 0.48125 0.6015625 0.4890625 0.6 0.5 0.603125 0.5015625 0.6015625 0.50625 0.603125 0.5078125 0.6015625 0.509375 0.603125 0.5296875 0.6015625 0.540625 0.596875 0.553125 0.6015625 0.55625 0.6078125 0.553125 0.61875 0.5390625 0.628125 0.515625 0.6265625 0.5109375 0.6296875 0.465625 0.625 0.4484375 0.6203125 0.4359375 0.6203125 0.43125 0.6171875 0.4203125 0.6171875 0.4125 0.6125 0.4109375 0.6015625 0.415625 0.5953125 0.41875 0.59375 0.4234375 0.5953125
4 0.153125 0.5625 0.1921875 0.5671875 0.2046875 0.571875 0.2125 0.5703125 0.21875 0.5734375 0.225 0.571875 0.23125 0.575 0.234375 0.5734375 0.2421875 0.5734375 0.25 0.5765625 0.2578125 0.575 0.2796875 0.5796875 0.284375 0.5828125 0.2875 0.5921875 0.284375 0.5984375 0.2765625 0.6046875 0.2296875 0.6015625 0.225 0.5984375 0.2125 0.5984375 0.1953125 0.5921875 0.1421875 0.5875 0.1359375 0.5828125 0.1359375 0.578125 0.1328125 0.5765625 0.1328125 0.5734375 0.14375 0.5640625 0.1515625 0.5625
0 0.6945124601138268 0.6666122198559794 0.7220259754488343 0.6952038989741548 0.7310571990629027 0.7009718485998908 0.7550545742926019 0.7018878311137031 0.7956878848962015 0.6820649152796768 0.8128247553975825 0.6565599375610638 0.8169992147932555 0.6168426094712767 0.8118895844578844 0.5584808083911945 0.8179914908352742 0.5462721985299434 0.827509258257409 0.45571669048522834 0.8419696776390877 0.42511167664418703 0.842632794035924 0.3882377780499288 0.8363591121762358 0.3715159549348793 0.7944614709877555 0.3269562539461113 0.7738084603810661 0.32478553506036134 0.7283279797720142 0.3601614253786486 0.712698711759547 0.40188729108483034 0.7171404285916105 0.4666038646592785 0.7075112865927993 0.5582190310174289 0.6918264147811817 0.6004739315337667 0.6871510202580279 0.6449573389943284 0.6945124601138268 0.6666122198559794
0 0.41565147449970985 0.6148153436043332 0.4299545097185047 0.6468372750866677 0.4585557830496231 0.6803620119514445 0.47837390177717776 0.6904761964551519 0.5004438300251604 0.6638834607404283 0.5308770683839033 0.6494134471458064 0.5427469243870291 0.628173613670487 0.5470883621585292 0.5868675924571083 0.541811753447331 0.5300944845006177 0.5487485517038554 0.5099424090214091 0.5569304921193746 0.43209644596542607 0.5717248682527074 0.39831404587720165 0.5725549630253706 0.359851454159352 0.56753601753762 0.34647399566731246 0.5386007874548479 0.31612664504971866 0.5239637954843992 0.2872820998145672 0.5096655573720758 0.28577929443212485 0.454905784138451 0.33302983786000945 0.4447915996347436 0.35284795658756424 0.44003031737044057 0.3828661475599756 0.4474776449673887 0.4189862449097769 0.4372108734072687 0.5319504350605996 0.42032686902286365 0.5703319361437715 0.41565147449970985 0.6148153436043332
0 0.15276810496912846 0.6096725936989988 0.19023362353848802 0.6505539733131032 0.21406402039236036 0.6530586489505069 0.22877730589101536 0.6353301584740244 0.26079923737334976 0.6210271232552296 0.27074644350123034 0.6027976976512662 0.2758416825171872 0.5696021204316719 0.2698112725615322 0.504718568481397 0.278670720693302 0.4815560851308322 0.2875205746121289 0.3973553495804832 0.30198099399380773 0.3667503357394419 0.30197619688733635 0.33623120963954967 0.29461475703153733 0.31457632877789876 0.2544727873424756 0.2685949130413662 0.23256504036384854 0.2630798295326063 0.18482795312789754 0.3046435139694326 0.17195622686981019 0.3354155061863009 0.17573003019856603 0.40648685225511494 0.16554434927312375 0.5033971327941958 0.1499150812606564 0.5451229985003777 0.1464944231094402 0.5929507705839494 0.15276810496912846 0.6096725936989988