9 0.309375 0.61328125 0.0328125 0.171875
1 0.39375 0.61015625 0.03671875 0.16328125
9 0.4953125 0.61171875 0.04140625 0.16484375
9 0.3125 0.39609375 0.0375 0.16953125
1 0.390625 0.39609375 0.03671875 0.14921875
9 0.49140625 0.39296875 0.03203125 0.15078125
9 0.3078125 0.83046875 0.02578125 0.165625
9 0.48828125 0.82421875 0.0234375 0.14453125
1 0.390625 0.82578125 0.034375 0.140625
4 0.65 0.10625 0.6578125 0.10625 0.6578125 0.109375 0.6625 0.1109375 0.6625 0.1171875 0.6578125 0.11875 0.6578125 0.2640625 0.6453125 0.2640625 0.6453125 0.25625 0.6390625 0.2546875 0.6390625 0.2078125 0.6453125 0.20625 0.64375 0.203125 0.6390625 0.203125 0.6390625 0.1921875 0.6453125 0.190625 0.64375 0.1859375 0.6390625 0.1859375 0.6390625 0.1796875 0.6453125 0.178125 0.64375 0.1734375 0.6390625 0.1734375 0.6453125 0.1703125 0.64375 0.165625 0.6390625 0.165625 0.6390625 0.1140625 0.64375 0.1140625 0.65 0.1078125
4 0.6453125 0.3171875 0.6578125 0.3171875 0.6578125 0.3203125 0.6625 0.321875 0.6625 0.328125 0.6671875 0.3296875 0.6671875 0.3734375 0.6625 0.375 0.6625 0.4671875 0.6578125 0.46875 0.6578125 0.475 0.6453125 0.475 0.6453125 0.46875 0.6390625 0.4671875 0.6390625 0.459375 0.6453125 0.4578125 0.64375 0.4546875 0.6390625 0.4546875 0.6390625 0.4515625 0.6453125 0.45 0.64375 0.446875 0.6390625 0.446875 0.6390625 0.4390625 0.6453125 0.4375 0.64375 0.434375 0.6390625 0.434375 0.6390625 0.3875 0.6453125 0.3859375 0.64375 0.38125 0.6390625 0.38125 0.6390625 0.321875 0.64375 0.321875 0.6453125 0.31875
4 0.65 0.5375 0.6625 0.5375 0.6625 0.540625 0.6671875 0.5421875 0.6671875 0.6171875 0.6625 0.61875 0.6625 0.703125 0.659375 0.703125 0.6578125 0.70625 0.6453125 0.70625 0.6453125 0.7 0.6390625 0.6984375 0.6390625 0.5734375 0.6453125 0.571875 0.6453125 0.5421875 0.6484375 0.5421875 0.65 0.5390625
4 0.6453125 0.7484375 0.6578125 0.7484375 0.659375 0.753125 0.6671875 0.75625 0.6671875 0.825 0.6625 0.8265625 0.6625 0.909375 0.6390625 0.909375 0.6390625 0.8953125 0.6453125 0.89375 0.64375 0.8890625 0.6390625 0.8890625 0.6453125 0.8859375 0.64375 0.88125 0.6390625 0.88125 0.6390625 0.8546875 0.6453125 0.853125 0.64375 0.8484375 0.6390625 0.8484375 0.6390625 0.8296875 0.6453125 0.828125 0.64375 0.825 0.6390625 0.825 0.6390625 0.7890625 0.64375 0.7890625 0.6453125 0.7859375 0.6390625 0.784375 0.6390625 0.78125 0.6453125 0.7796875 0.6453125 0.7609375 0.6390625 0.759375 0.6390625 0.75625 0.64375 0.75625 0.6453125 0.75
0 0.16585365853658537 0.17073170731707316 0.1902439024390244 0.18699186991869918 0.20487804878048782 0.23577235772357721 0.23414634146341468 0.25609756097560976 0.3121951219512195 0.25609756097560976 0.33658536585365856 0.24390243902439024 0.6146341463414634 0.24390243902439024 0.6536585365853659 0.25609756097560976 0.7024390243902439 0.25609756097560976 0.751219512195122 0.23170731707317072 0.7707317073170732 0.17479674796747968 0.7560975609756098 0.16260162601626016 0.751219512195122 0.12195121951219512 0.7268292682926829 0.10162601626016259 0.3463414634146341 0.11382113821138211 0.3121951219512195 0.10162601626016259 0.23414634146341468 0.10162601626016259 0.20975609756097563 0.11788617886178861 0.2 0.15447154471544716 0.16585365853658537 0.17073170731707316
0 0.1951219512195122 0.4349593495934959 0.20975609756097563 0.45934959349593496 0.23414634146341468 0.47154471544715443 0.2975609756097561 0.47560975609756095 0.33170731707317075 0.45934959349593496 0.6097560975609756 0.45934959349593496 0.6390243902439025 0.46747967479674796 0.7219512195121951 0.46747967479674796 0.7414634146341463 0.45934959349593496 0.7609756097560976 0.4227642276422764 0.7463414634146341 0.3333333333333333 0.7170731707317073 0.3170731707317073 0.6487804878048781 0.3170731707317073 0.6146341463414634 0.3292682926829268 0.33170731707317075 0.3292682926829268 0.3073170731707317 0.3170731707317073 0.25365853658536586 0.3170731707317073 0.21951219512195125 0.3252032520325203 0.2 0.35772357723577236 0.1902439024390244 0.3902439024390244 0.1951219512195122 0.4349593495934959
0 0.21463414634146344 0.6788617886178862 0.23414634146341468 0.6869918699186992 0.3121951219512195 0.6869918699186992 0.33170731707317075 0.6747967479674797 0.6097560975609756 0.6747967479674797 0.7024390243902439 0.6869918699186992 0.7463414634146341 0.6707317073170731 0.7707317073170732 0.6097560975609756 0.7560975609756098 0.5975609756097561 0.7463414634146341 0.5447154471544715 0.7219512195121951 0.532520325203252 0.6536585365853659 0.532520325203252 0.6097560975609756 0.5447154471544715 0.33658536585365856 0.5447154471544715 0.3121951219512195 0.532520325203252 0.24390243902439024 0.532520325203252 0.21951219512195125 0.540650406504065 0.20487804878048782 0.5609756097560975 0.1951219512195122 0.646341463414634 0.21463414634146344 0.6788617886178862
0 0.20487804878048782 0.8821138211382114 0.22926829268292687 0.9024390243902438 0.2975609756097561 0.9065040650406504 0.33658536585365856 0.8902439024390244 0.6 0.8902439024390244 0.6487804878048781 0.9024390243902438 0.7024390243902439 0.9024390243902438 0.7365853658536585 0.8943089430894309 0.7609756097560976 0.853658536585366 0.751219512195122 0.7723577235772358 0.7317073170731707 0.7520325203252033 0.6829268292682926 0.7479674796747967 0.6146341463414634 0.7601626016260162 0.32682926829268294 0.7601626016260162 0.3121951219512195 0.7520325203252033 0.23414634146341468 0.7520325203252033 0.20487804878048782 0.7764227642276422 0.1951219512195122 0.8577235772357723 0.20487804878048782 0.8821138211382114