9 0.67265625 0.6515625 0.0640625 0.178125
1 0.58828125 0.63359375 0.065625 0.1703125
9 0.4875 0.6171875 0.0703125 0.171875
9 0.70703125 0.43359375 0.0671875 0.1765625
1 0.6296875 0.41953125 0.0625 0.15625
9 0.52890625 0.3984375 0.0578125 0.15625
9 0.6359375 0.86875 0.0546875 0.1703125
9 0.45625 0.83125 0.05 0.1484375
1 0.55390625 0.85 0.059375 0.146875
4 0.40625 0.09375 0.4078125 0.0859375 0.4203125 0.084375 0.4203125 0.0875 0.425 0.0890625 0.4296875 0.0984375 0.4265625 0.1078125 0.421875 0.1421875 0.4203125 0.1453125 0.415625 0.146875 0.41875 0.1546875 0.415625 0.1546875 0.4140625 0.1578125 0.41875 0.159375 0.4171875 0.1671875 0.4125 0.16875 0.415625 0.171875 0.4140625 0.1828125 0.4109375 0.18125 0.409375 0.1828125 0.4125 0.1890625 0.4125 0.1953125 0.40625 0.23125 0.4046875 0.234375 0.4 0.2359375 0.3984375 0.24375 0.3890625 0.2421875 0.384375 0.2390625 0.409375 0.1046875 0.4078125 0.09375
4 0.375 0.2953125 0.3890625 0.296875 0.3890625 0.3 0.3921875 0.3015625 0.3921875 0.3109375 0.3828125 0.3609375 0.378125 0.3625 0.378125 0.365625 0.38125 0.3671875 0.38125 0.3734375 0.375 0.4078125 0.3734375 0.4140625 0.36875 0.415625 0.371875 0.41875 0.371875 0.4265625 0.365625 0.428125 0.3671875 0.43125 0.3703125 0.43125 0.3703125 0.434375 0.3640625 0.4359375 0.3640625 0.4390625 0.36875 0.440625 0.36875 0.44375 0.3671875 0.446875 0.3625 0.4484375 0.3609375 0.4546875 0.3484375 0.4515625 0.3484375 0.4453125 0.34375 0.4421875 0.3609375 0.353125 0.3609375 0.35 0.35625 0.3484375 0.35625 0.3453125 0.3625 0.309375 0.3640625 0.3046875 0.3671875 0.30625 0.3703125 0.2984375 0.375 0.296875
4 0.33125 0.5140625 0.34375 0.515625 0.34375 0.51875 0.35 0.521875 0.34375 0.5515625 0.3453125 0.5546875 0.3484375 0.5546875 0.3484375 0.559375 0.3265625 0.6796875 0.3234375 0.6796875 0.3203125 0.6859375 0.3140625 0.6859375 0.30625 0.684375 0.3078125 0.68125 0.303125 0.678125 0.3171875 0.6 0.3171875 0.5953125 0.3125 0.5921875 0.315625 0.5828125 0.325 0.521875 0.3265625 0.5171875 0.3296875 0.51875 0.33125 0.515625
4 0.3 0.725 0.3125 0.728125 0.3125 0.7359375 0.315625 0.7390625 0.3125 0.7390625 0.309375 0.7453125 0.3078125 0.7609375 0.3125 0.7625 0.30625 0.765625 0.30625 0.76875 0.3109375 0.771875 0.3046875 0.8046875 0.2984375 0.8078125 0.303125 0.8109375 0.303125 0.815625 0.3 0.8296875 0.2953125 0.83125 0.2984375 0.834375 0.2953125 0.859375 0.29375 0.8625 0.2890625 0.8640625 0.29375 0.86875 0.2875 0.871875 0.2875 0.875 0.2921875 0.8765625 0.2890625 0.890625 0.265625 0.8859375 0.28125 0.8046875 0.2796875 0.8015625 0.2765625 0.8015625 0.2765625 0.796875 0.2859375 0.7515625 0.2875 0.734375 0.296875 0.7296875 0.2984375 0.7265625
0 0.8592497185047911 0.17311948882326506 0.8377435067874626 0.15254345250441123 0.7597389322914461 0.1387891414020801 0.7234592675899314 0.14497999086934174 0.3453396302813586 0.06571936367094611 0.3173754284855077 0.0817684090756868 0.3053245980478153 0.12160329988022944 0.2885460769703049 0.13123272712307385 0.2980014582499411 0.1916436542464704 0.34244899059093664 0.22465681983449026 0.3912018496509469 0.2332532642734472 0.43235680025846257 0.22792205925008124 0.7102480969005213 0.27692179255213584 0.7324718630710191 0.2934283753461458 0.8104764375670355 0.3071826864484769 0.8433159252688874 0.291993285487632 0.86655243642492 0.245738776521193 0.8937990837676019 0.23375918464129616 0.862542300238271 0.21146385943465096 0.8592497185047911 0.17311948882326506
0 0.8266645775798143 0.4149365356768427 0.8129038695811633 0.3789423297025092 0.7802119771454944 0.3647859115455517 0.7265838321794831 0.3553298226626991 0.7000547392899705 0.36323996101775213 0.4172881567419108 0.3133805832718018 0.3853138187594109 0.2951547115900004 0.31705981607539657 0.2831196893754607 0.28493788282671384 0.29423963681146187 0.25452582713898975 0.3811886810263392 0.2675689806844717 0.42125234052551647 0.28563501540213754 0.4328298253507869 0.3685148758041551 0.4474437808970137 0.3992017001464995 0.4444627405107003 0.6770929967885582 0.4934624738127549 0.708349780317889 0.5157577990194 0.7724460515490714 0.5228637232652003 0.798975144438584 0.5149535849101472 0.8179063288756019 0.4931157970927713 0.8306747137664633 0.44921145276338476 0.8266645775798143 0.4149365356768427
0 0.7859115690153567 0.6175495674751388 0.7748734835631993 0.5946233665192324 0.7519321629395324 0.5821862372500664 0.683678160255518 0.5701512150355266 0.6571490673660054 0.5780613533905796 0.38413305662994773 0.5299212645324207 0.3424081468354458 0.509976103962828 0.2741541441514314 0.4979410817482883 0.24762505126191886 0.5058512201033413 0.22854627155871804 0.5570348270385197 0.21176775048120758 0.5666642542813642 0.22538086321367573 0.6320042793735002 0.2663882185550085 0.6560188934679367 0.3611713141285354 0.6601437773274235 0.6390626107705941 0.7091435106294781 0.6564110910350909 0.7247904489795923 0.7344156655311073 0.7385447600819235 0.7553519180614497 0.7338444308078186 0.780593497310807 0.7047273803846508 0.7859115690153567 0.6175495674751388
0 0.7478811829973926 0.833230604291862 0.7229347942804012 0.8036560164794249 0.6449302197843847 0.7899017053770937 0.6288692531600434 0.7954616790950944 0.34122738470598263 0.7447426569052483 0.27512604538147556 0.720499274116177 0.22565563186829615 0.715972283202064 0.20256671597844633 0.7328809730507004 0.17846505510306163 0.8125507546597858 0.19566594010137545 0.8575435121277024 0.22835783253704442 0.8716999302846599 0.28198597750305565 0.8811560191675125 0.3328914999225735 0.8775441030319382 0.5961569388466291 0.9239649030023056 0.6322890082819608 0.9471198726528465 0.7012605654191443 0.9550854413425423 0.7292247672149952 0.9390363959378017 0.7432806657460119 0.9163389636765302 0.7478811829973926 0.833230604291862