9 0.3296875 0.7515625 0.346875 0.753125 0.3515625 0.76875 0.35 0.896875 0.3453125 0.903125 0.340625 0.9046875 0.328125 0.903125 0.3265625 0.890625 0.328125 0.8890625 0.328125 0.75625 0.3296875 0.753125
9 0.3296875 0.3203125 0.3421875 0.31875 0.35 0.3234375 0.3515625 0.3265625 0.3515625 0.3640625 0.353125 0.365625 0.3515625 0.3671875 0.3515625 0.4203125 0.3484375 0.4453125 0.35 0.446875 0.3484375 0.46875 0.3421875 0.4734375 0.328125 0.471875 0.3265625 0.4609375 0.328125 0.459375 0.328125 0.35 0.3296875 0.3484375 0.328125 0.325 0.3296875 0.321875
9 0.4984375 0.109375 0.5015625 0.1125 0.5015625 0.146875 0.4984375 0.175 0.4984375 0.1921875 0.5 0.19375 0.5 0.24375 0.4984375 0.2453125 0.48125 0.2453125 0.4796875 0.24375 0.4796875 0.1125 0.4828125 0.109375 0.496875 0.109375
9 0.48125 0.7578125 0.496875 0.7578125 0.5015625 0.7625 0.5 0.890625 0.48125 0.8921875 0.4796875 0.890625 0.4796875 0.846875 0.48125 0.8453125 0.4796875 0.7609375 0.48125 0.759375
9 0.4984375 0.5421875 0.5015625 0.5453125 0.5 0.671875 0.4984375 0.675 0.49375 0.6765625 0.4796875 0.675 0.4796875 0.60625 0.48125 0.6046875 0.4796875 0.5453125 0.4828125 0.5421875 0.496875 0.5421875
9 0.3484375 0.5375 0.3515625 0.54375 0.3515625 0.63125 0.35 0.6328125 0.3515625 0.6375 0.35 0.6390625 0.35 0.678125 0.34375 0.6875 0.328125 0.6859375 0.328125 0.66875 0.3265625 0.6671875 0.328125 0.665625 0.328125 0.55 0.3296875 0.5484375 0.328125 0.5421875 0.3328125 0.534375 0.340625 0.534375 0.346875 0.5375
9 0.4984375 0.3265625 0.5015625 0.33125 0.5015625 0.3890625 0.5 0.390625 0.5 0.4578125 0.496875 0.4609375 0.48125 0.4609375 0.4796875 0.459375 0.4796875 0.4078125 0.48125 0.40625 0.4796875 0.3296875 0.4828125 0.3265625 0.496875 0.3265625
9 0.346875 0.1046875 0.35 0.109375 0.3515625 0.1203125 0.3515625 0.2125 0.35 0.2140625 0.35 0.246875 0.346875 0.2546875 0.340625 0.2578125 0.33125 0.2578125 0.328125 0.2546875 0.328125 0.1421875 0.3296875 0.140625 0.3296875 0.10625 0.3328125 0.103125 0.3453125 0.1046875
1 0.40703125 0.178125 0.02578125 0.14296875
1 0.40703125 0.39453125 0.01953125 0.13515625
1 0.40625 0.60703125 0.021875 0.140625
1 0.4078125 0.82265625 0.0265625 0.13828125
4 0.62578125 0.1796875 0.01015625 0.16328125
4 0.62734375 0.3984375 0.0125 0.16328125
4 0.628125 0.60859375 0.021875 0.159375
4 0.6265625 0.825 0.01875 0.15546875
0 0.23125 0.175 0.253125 0.2375 0.2828125 0.2578125 0.3375 0.259375 0.3734375 0.246875 0.6015625 0.246875 0.61875 0.2546875 0.66875 0.25625 0.7046875 0.2421875 0.7171875 0.20625 0.7203125 0.1828125 0.709375 0.1203125 0.6984375 0.10625 0.68125 0.1 0.61875 0.1015625 0.603125 0.1078125 0.38125 0.1109375 0.3609375 0.1109375 0.340625 0.1015625 0.2953125 0.1 0.2734375 0.1046875 0.25625 0.11875 0.246875 0.1609375 0.23125 0.175
0 0.2515625 0.4484375 0.271875 0.4703125 0.3296875 0.475 0.3696875 0.4625 0.5078125 0.4609375 0.6734375 0.471875 0.7015625 0.4625 0.715625 0.4375 0.7203125 0.3921875 0.7140625 0.384375 0.7109375 0.3453125 0.703125 0.328125 0.6828125 0.3171875 0.6296875 0.3171875 0.6078125 0.3234375 0.2875 0.3171875 0.265625 0.3265625 0.2546875 0.34375 0.240625 0.4 0.2515625 0.4484375
0 0.24375 0.6390625 0.2578125 0.675 0.290625 0.690625 0.3390625 0.690625 0.3671875 0.678125 0.5625 0.678125 0.6 0.6796875 0.621875 0.6875 0.675 0.6875 0.7078125 0.6734375 0.721875 0.6203125 0.73125 0.60625 0.7203125 0.6046875 0.70625 0.546875 0.6765625 0.53125 0.6171875 0.534375 0.5890625 0.5421875 0.396875 0.5390625 0.3765625 0.54375 0.3296875 0.53125 0.290625 0.53125 0.2734375 0.5359375 0.25625 0.55 0.240625 0.6015625 0.24375 0.6390625
0 0.253125 0.884375 0.2703125 0.9015625 0.2921875 0.90625 0.3375 0.90625 0.3703125 0.89375 0.6046875 0.8953125 0.6203125 0.903125 0.6703125 0.9046875 0.70625 0.8890625 0.721875 0.828125 0.7140625 0.8140625 0.70625 0.759375 0.675 0.746875 0.603125 0.75625 0.3953125 0.759375 0.34375 0.75 0.290625 0.7484375 0.259375 0.7625 0.240625 0.815625 0.2390625 0.8296875 0.253125 0.884375