9 0.70546875 0.60234375 0.04375 0.178125
1 0.61796875 0.60390625 0.046875 0.1703125
9 0.51328125 0.6109375 0.0515625 0.171875
9 0.68984375 0.378125 0.0484375 0.178125
1 0.61015625 0.38203125 0.0453125 0.15625
9 0.50546875 0.384375 0.040625 0.15625
9 0.71875 0.8265625 0.0359375 0.171875
9 0.53203125 0.82890625 0.0328125 0.15
1 0.63359375 0.8265625 0.0421875 0.146875
4 0.325 0.096875 0.3265625 0.1015625 0.3359375 0.1046875 0.3375 0.1578125 0.334375 0.159375 0.334375 0.1625 0.3390625 0.1640625 0.3390625 0.1671875 0.3359375 0.1671875 0.334375 0.1703125 0.3390625 0.171875 0.3390625 0.1796875 0.3359375 0.1796875 0.334375 0.1828125 0.3390625 0.184375 0.340625 0.190625 0.340625 0.196875 0.3375 0.196875 0.3359375 0.2 0.340625 0.2015625 0.3421875 0.2484375 0.34375 0.25 0.3390625 0.2515625 0.3390625 0.259375 0.325 0.2609375 0.3234375 0.25 0.3171875 0.1109375 0.3125 0.109375 0.3125 0.103125 0.315625 0.1015625 0.315625 0.0984375 0.3234375 0.0984375
4 0.328125 0.3171875 0.3421875 0.315625 0.34375 0.31875 0.346875 0.31875 0.35 0.38125 0.346875 0.38125 0.3453125 0.3859375 0.35 0.3875 0.3515625 0.428125 0.353125 0.4296875 0.353125 0.4359375 0.3484375 0.4375 0.35 0.440625 0.353125 0.440625 0.353125 0.4484375 0.3484375 0.45 0.3484375 0.453125 0.353125 0.45625 0.3484375 0.4578125 0.3515625 0.4625 0.3546875 0.4625 0.3546875 0.46875 0.35 0.4703125 0.35 0.478125 0.3359375 0.478125 0.3359375 0.471875 0.33125 0.4703125 0.3265625 0.375 0.321875 0.3734375 0.3203125 0.3703125 0.3203125 0.3421875 0.31875 0.340625 0.31875 0.3296875 0.3234375 0.328125 0.3234375 0.3203125 0.328125 0.31875
4 0.334375 0.54375 0.3484375 0.5421875 0.3484375 0.5453125 0.3546875 0.5484375 0.3546875 0.5765625 0.3609375 0.5796875 0.3640625 0.6671875 0.3671875 0.6984375 0.3671875 0.709375 0.3625 0.7109375 0.3625 0.7171875 0.3484375 0.7171875 0.3484375 0.7140625 0.34375 0.7125 0.340625 0.6390625 0.3390625 0.628125 0.334375 0.6265625 0.334375 0.609375 0.3328125 0.6078125 0.3328125 0.5796875 0.3296875 0.5484375 0.3328125 0.5484375 0.334375 0.5453125
4 0.3515625 0.7609375 0.365625 0.7609375 0.365625 0.7671875 0.3703125 0.76875 0.3703125 0.771875 0.365625 0.7734375 0.365625 0.7859375 0.3671875 0.7921875 0.371875 0.79375 0.3671875 0.7984375 0.3671875 0.8015625 0.371875 0.803125 0.3734375 0.8390625 0.3703125 0.8390625 0.36875 0.8421875 0.375 0.846875 0.375 0.8640625 0.371875 0.8640625 0.3703125 0.8671875 0.3734375 0.8703125 0.375 0.86875 0.3765625 0.8765625 0.3765625 0.896875 0.371875 0.9 0.375 0.903125 0.3765625 0.9015625 0.3765625 0.90625 0.3734375 0.9078125 0.3734375 0.9109375 0.378125 0.9125 0.3765625 0.9265625 0.3546875 0.9265625 0.3515625 0.8484375 0.35 0.840625 0.3453125 0.8390625 0.34375 0.7890625 0.3421875 0.7875 0.3421875 0.7703125 0.3515625 0.7625
0 0.7817246078296737 0.08552798990147754 0.7556270943821234 0.07006591529837687 0.6749297582403397 0.07429508347962485 0.6402843706057413 0.08873311180372631 0.24622515998711356 0.09676253944250482 0.22210673732185965 0.11906376657382065 0.21926214357110502 0.16128731373450048 0.20479108997195264 0.17466805001329005 0.22804400966874824 0.23235367177707067 0.2797992386122271 0.25488597615340175 0.33023507370084204 0.2522427460401217 0.36992404484430186 0.2375403947046922 0.6574083048494065 0.22247398305899627 0.6832859193211458 0.2337401352471618 0.7639832554629296 0.2295109670659138 0.7931452616370451 0.20694541692326993 0.8056372244539011 0.15580137891006368 0.829975546094966 0.13769607419368293 0.7937908656296928 0.12276264561323824 0.7817246078296737 0.08552798990147754
0 0.8047858144202271 0.3325587663599975 0.7828522885782957 0.30004867908582794 0.7471074060646441 0.29350709533525354 0.6916279874671677 0.29641464845986165 0.6670697668502925 0.3103240307613071 0.3745419233363263 0.3256547654183311 0.3385771418468639 0.31491725925282155 0.267966972722803 0.31861778141141356 0.2385850675728769 0.3369874091391222 0.22829209451412763 0.4300906713016803 0.2504455193318697 0.466796680990785 0.27105965131893706 0.4741312337753433 0.35680057096958223 0.46963774258276736 0.38662227407112987 0.459659959684929 0.6741065340762344 0.44459354803923307 0.7102912145415075 0.45952697661967773 0.775637901180896 0.45189485505747856 0.8001961217977716 0.4379854727560331 0.8140074784694917 0.41201696923243797 0.8166321732444356 0.3655974996568229 0.8047858144202271 0.3325587663599975
0 0.8107371797019003 0.5426192101180847 0.7945069342962622 0.5224325670773927 0.7688492188003335 0.5153623373041624 0.6982390496762727 0.5190628594627544 0.6736808290593974 0.5329722417642 0.3912401525631543 0.5477743303985678 0.34518820405596884 0.5375654702557143 0.2745780349319081 0.5412659924143063 0.25001981431503273 0.5551753747157517 0.2427913339828487 0.6102510121325653 0.22832028038369628 0.6236317484113548 0.25683668256516407 0.6852489695787426 0.3031085300481601 0.6996537521365312 0.39827691978909635 0.6820438476764938 0.6857611797942009 0.6669774360307978 0.7065952107570788 0.6785079112302913 0.7872925468988625 0.6742787430490433 0.8070270829826871 0.6648296061738611 0.8254422252116476 0.6302049348090676 0.8107371797019003 0.5426192101180847
0 0.8223918254198667 0.7650030981096495 0.7908109305118336 0.7414135016880063 0.7101135943700498 0.7456426698692543 0.6954226417950868 0.7548274837331087 0.39785121477225927 0.7704225414014607 0.3265813487207664 0.7615352963152471 0.27636541260796227 0.7683744488434623 0.2572905734515698 0.7904113529634502 0.2516013859500606 0.87485844728481 0.2790182932524749 0.9154960563775216 0.31476317576612656 0.9220376401280962 0.370242594363603 0.9191300870034882 0.42001873252478567 0.9038990896454024 0.6923722420033058 0.8896256470336905 0.7336005059774404 0.9042947526028072 0.8039907761256906 0.8963983080292802 0.8281091987909447 0.8740970808979643 0.8368769719538035 0.8483929003856971 0.8223918254198667 0.7650030981096495