7 0.41640625 0.053125 0.01875 0.0734375
7 0.4515625 0.0484375 0.015625 0.0578125
7 0.4171875 0.1625 0.0140625 0.07421875
7 0.45234375 0.16015625 0.01328125 0.05390625
7 0.41640625 0.2625 0.01171875 0.06953125
7 0.4515625 0.259375 0.01328125 0.06015625
7 0.41484375 0.3578125 0.01796875 0.07578125
7 0.4515625 0.35859375 0.01875 0.05859375
7 0.4171875 0.5546875 0.0203125 0.07265625
7 0.45 0.55625 0.01640625 0.05546875
7 0.4515625 0.4609375 0.01640625 0.06796875
7 0.415625 0.459375 0.01796875 0.07265625
7 0.41875 0.6515625 0.01640625 0.0734375
7 0.45 0.65078125 0.01640625 0.059375
7 0.4171875 0.7515625 0.0140625 0.075
7 0.45234375 0.7546875 0.0171875 0.05859375
7 0.415625 0.84765625 0.01328125 0.06953125
7 0.45078125 0.8484375 0.01796875 0.0625
7 0.41640625 0.95 0.01796875 0.07109375
7 0.45078125 0.95 0.0171875 0.05234375
3 0.48828125 0.0515625 0.0203125 0.05625
3 0.48671875 0.1625 0.01640625 0.05234375
3 0.48828125 0.2609375 0.01484375 0.0671875
3 0.4875 0.36015625 0.01640625 0.06015625
3 0.4875 0.4578125 0.015625 0.059375
3 0.48671875 0.55390625 0.01640625 0.059375
3 0.48828125 0.65390625 0.0140625 0.0625
3 0.4875 0.753125 0.0109375 0.0625
3 0.4890625 0.84765625 0.01484375 0.0609375
3 0.48828125 0.946875 0.0171875 0.05703125
4 0.54609375 0.946875 0.0203125 0.07421875
4 0.5453125 0.84453125 0.0140625 0.0765625
4 0.5453125 0.74921875 0.0171875 0.0765625
4 0.54609375 0.6515625 0.015625 0.07421875
4 0.546875 0.5515625 0.01640625 0.07109375
4 0.54609375 0.359375 0.015625 0.0765625
4 0.546875 0.45859375 0.0140625 0.0734375
4 0.5453125 0.16171875 0.01875 0.08125
4 0.54609375 0.046875 0.01484375 0.07421875
0 0.3890625 0.0796875 0.4109375 0.0875 0.496875 0.0796875 0.553125 0.084375 0.5625 0.08125 0.5796875 0.0578125 0.5796875 0.0421875 0.5671875 0.021875 0.5484375 0.0125 0.5015625 0.0234375 0.40625 0.0140625 0.39375 0.01875 0.3671875 0.0453125 0.365625 0.053125 0.3890625 0.0796875
0 0.3921875 0.19375 0.409375 0.1984375 0.4984375 0.190625 0.5546875 0.1953125 0.5640625 0.1921875 0.58125 0.16875 0.5796875 0.153125 0.56875 0.134375 0.546875 0.1234375 0.509375 0.1328125 0.4421875 0.1328125 0.4125 0.125 0.3921875 0.13125 0.3671875 0.1578125 0.371875 0.1734375 0.3921875 0.19375
0 0.390625 0.2921875 0.409375 0.2984375 0.46875 0.2921875 0.5515625 0.296875 0.5640625 0.2921875 0.58125 0.26875 0.58125 0.25625 0.5671875 0.2328125 0.55 0.225 0.5078125 0.2328125 0.4015625 0.2265625 0.3625 0.2546875 0.3640625 0.2671875 0.390625 0.2921875
0 0.3609375 0.3515625 0.3609375 0.359375 0.384375 0.384375 0.4078125 0.3953125 0.4578125 0.3890625 0.553125 0.3921875 0.5640625 0.3875 0.5828125 0.3625 0.5828125 0.3515625 0.5671875 0.328125 0.546875 0.3203125 0.5078125 0.3296875 0.446875 0.328125 0.421875 0.321875 0.3921875 0.3265625 0.3703125 0.35 0.3609375 0.3515625
0 0.3921875 0.490625 0.4078125 0.4953125 0.4609375 0.4890625 0.5484375 0.49375 0.5671875 0.4859375 0.5828125 0.465625 0.5828125 0.4515625 0.56875 0.43125 0.553125 0.421875 0.5296875 0.421875 0.5046875 0.4296875 0.45625 0.4296875 0.409375 0.421875 0.390625 0.428125 0.36875 0.453125 0.3609375 0.4546875 0.3640625 0.4671875 0.3921875 0.490625
0 0.3546875 0.5515625 0.3453125 0.5484375 0.3453125 0.559375 0.3671875 0.5625 0.4015625 0.5890625 0.45625 0.584375 0.5515625 0.5875 0.5640625 0.5828125 0.5828125 0.559375 0.5828125 0.546875 0.5671875 0.5234375 0.546875 0.515625 0.50625 0.525 0.4375 0.5234375 0.4203125 0.5171875 0.39375 0.521875 0.36875 0.546875 0.3546875 0.5515625
0 0.365625 0.65625 0.4 0.6875 0.46875 0.6828125 0.553125 0.6875 0.5625 0.684375 0.5828125 0.6609375 0.5828125 0.6453125 0.55625 0.6171875 0.534375 0.615625 0.5109375 0.6234375 0.45234375 0.6234375 0.421875 0.6171875 0.3921875 0.621875 0.365625 0.646875 0.365625 0.65625
0 0.3921875 0.784375 0.4078125 0.7890625 0.4578125 0.7828125 0.5484375 0.7875 0.5640625 0.7828125 0.58125 0.759375 0.58125 0.7453125 0.56875 0.7265625 0.546875 0.715625 0.509375 0.725 0.4375 0.7234375 0.4140625 0.715625 0.3890625 0.725 0.3640625 0.75 0.3640625 0.7609375 0.3921875 0.784375
0 0.4015625 0.8828125 0.4953125 0.8765625 0.553125 0.8828125 0.575 0.865625 0.5828125 0.8515625 0.58125 0.8390625 0.56875 0.8203125 0.5453125 0.809375 0.5109375 0.81875 0.409375 0.8109375 0.39375 0.815625 0.365625 0.8421875 0.3625 0.853125 0.4015625 0.8828125
0 0.390625 0.978125 0.403125 0.9828125 0.446875 0.978125 0.553125 0.98125 0.5625 0.978125 0.5796875 0.95625 0.5796875 0.9390625 0.5703125 0.921875 0.546875 0.909375 0.509375 0.91875 0.4375 0.9171875 0.4046875 0.9109375 0.3640625 0.9453125 0.3671875 0.95625 0.390625 0.978125