7 0.2359375 0.3796875 0.12890625 0.03203125
7 0.2390625 0.44296875 0.12109375 0.040625
7 0.503125 0.38671875 0.1390625 0.0421875
7 0.7703125 0.38359375 0.134375 0.03203125
7 0.771875 0.44375 0.11796875 0.0296875
7 0.50625 0.4453125 0.11015625 0.0265625
3 0.2328125 0.50390625 0.10546875 0.03125
3 0.50078125 0.50703125 0.109375 0.03984375
3 0.76640625 0.5046875 0.1078125 0.025
4 0.2359375 0.6046875 0.1296875 0.03203125
4 0.5 0.60546875 0.13046875 0.03046875
4 0.77265625 0.60625 0.1265625 0.03125
0 0.7140625 0.4359375 0.715625 0.534375 0.7046875 0.5796875 0.7046875 0.6171875 0.715625 0.6421875 0.75 0.6703125 0.75625 0.709375 0.771875 0.7171875 0.78125 0.6671875 0.8203125 0.6359375 0.828125 0.6109375 0.8171875 0.5239578125000001 0.821875 0.4203125 0.8328125 0.3890625 0.8328125 0.36875 0.8203125 0.3375 0.7828125 0.303125 0.7671875 0.265625 0.75625 0.2625 0.759375 0.2765625 0.7546875 0.278125 0.753125 0.3 0.7125 0.340625 0.70625 0.3625 0.7046875 0.384375 0.7140625 0.4359375
0 0.4453125 0.4203125 0.4484375 0.51875 0.434375 0.584375 0.4359375 0.6203125 0.446875 0.640625 0.4828125 0.675 0.4875 0.740625 0.5046875 0.7421875 0.5125 0.7375 0.5171875 0.675 0.525 0.6578125 0.55625 0.634375 0.5625 0.6140625 0.5625 0.578125 0.5515625 0.540625 0.5515625 0.515625 0.5578125 0.4140625 0.56875 0.384375 0.5609375 0.346875 0.5171875 0.2984375 0.51875 0.24375 0.5109375 0.2 0.490625 0.2015625 0.4828125 0.3 0.446875 0.3375 0.4359375 0.3671875 0.4359375 0.3921875 0.4453125 0.4203125
0 0.171875 0.5765625 0.1734375 0.625 0.18125 0.6390625 0.215625 0.66875 0.225 0.6921875 0.246875 0.6984375 0.2453125 0.68125 0.2515625 0.6625 0.2859375 0.640625 0.296875 0.60625 0.284375 0.51875 0.290625 0.415625 0.3 0.39375 0.3 0.36875 0.2921875 0.3453125 0.265625 0.3203125 0.2484375 0.290625 0.2421875 0.240625 0.2484375 0.2296875 0.246875 0.215625 0.24375 0.221875 0.2234375 0.2234375 0.2265625 0.246875 0.2203125 0.2515625 0.225 0.275 0.21875 0.3015625 0.1859375 0.3328125 0.1734375 0.359375 0.184375 0.5234375 0.171875 0.5765625