7 0.5296875 0.02265625 0.028125 0.0453125
7 0.56640625 0.02109375 0.0234375 0.0375
7 0.51171875 0.1203125 0.0296875 0.0796875
7 0.54921875 0.12578125 0.025 0.059375
7 0.490625 0.2234375 0.0265625 0.075
7 0.528125 0.228125 0.0265625 0.0640625
7 0.4703125 0.32265625 0.034375 0.0828125
7 0.50703125 0.33125 0.03125 0.0640625
7 0.4328125 0.5265625 0.0359375 0.0796875
7 0.46640625 0.5359375 0.028125 0.0609375
7 0.48671875 0.4359375 0.03125 0.0734375
7 0.44921875 0.428125 0.034375 0.078125
7 0.41484375 0.628125 0.03125 0.0796875
7 0.44765625 0.63359375 0.0296875 0.065625
7 0.39296875 0.73125 0.0296875 0.0796875
7 0.428125 0.74140625 0.0296875 0.0640625
7 0.371875 0.83046875 0.028125 0.075
7 0.4078125 0.83828125 0.03125 0.06875
7 0.35234375 0.93671875 0.0328125 0.0765625
7 0.38828125 0.94375 0.028125 0.0578125
3 0.6046875 0.03046875 0.0265625 0.040625
3 0.58359375 0.13515625 0.028125 0.0578125
3 0.565625 0.2375 0.0296875 0.0734375
3 0.54453125 0.33984375 0.0296875 0.065625
3 0.525 0.440625 0.028125 0.0640625
3 0.5046875 0.53984375 0.028125 0.0640625
3 0.4859375 0.64453125 0.0265625 0.0671875
3 0.465625 0.746875 0.0234375 0.0671875
3 0.44765625 0.8453125 0.028125 0.0671875
3 0.42734375 0.9484375 0.0296875 0.0625
4 0.48671875 0.959375 0.0359375 0.08125
4 0.50703125 0.85390625 0.0296875 0.0828125
4 0.52578125 0.7546875 0.0328125 0.0828125
4 0.546875 0.65390625 0.03125 0.08125
4 0.56796875 0.55 0.03125 0.0765625
4 0.60546875 0.35078125 0.0328125 0.0828125
4 0.5859375 0.45390625 0.0296875 0.0796875
4 0.64453125 0.14609375 0.0359375 0.0875
4 0.6625 0.04375 0.021875 0.04375
0 0.6682103150027823 0.0670457424980599 0.678559128685025 0.06569524679734044 0.7011004388311842 0.04486107385580089 0.7039342357922219 0.030282452319449416 0.5481445240987692 0 0.48196714598158275 0 0.49907099606569477 0.029125237440501817 0.5201745201438871 0.0416326002334225 0.6108404278443892 0.050851014141791585 0.6682103150027823 0.0670457424980599
0 0.6474746524808566 0.18236973428050335 0.6578234661630992 0.1810192385797837 0.6803647763092585 0.1601850656382442 0.681893592761928 0.14367173093551616 0.6743330608483717 0.1220295045840182 0.6538592694281877 0.10628244811635268 0.6130937473572253 0.10844473724448615 0.5434403333502129 0.09490548509730559 0.5142375750851588 0.08082379065936393 0.49192010088330085 0.08320991573179884 0.4606498238922714 0.10570945070306217 0.4623607011143466 0.12285251806379863 0.4793254477231329 0.14800378922669416 0.4961991639472165 0.1563268593578575 0.5901047653224634 0.16617500592423498 0.6474746524808566 0.18236973428050335
0 0.6237686474208388 0.28703004605169974 0.6376720211068304 0.28468943617161624 0.6602133312529898 0.2638552632300767 0.6627322618850233 0.25089648853109764 0.6528766352837349 0.22376498900947409 0.6366326517176596 0.21220222520356594 0.5913224554635843 0.21180006850731448 0.48243233583827905 0.18390977078553944 0.436268570981894 0.20519535563313732 0.43536948718723273 0.21846899666112055 0.4578690221584959 0.24973927365215007 0.4760477188909478 0.25999705694969 0.5388613640271152 0.2654825901023601 0.6237686474208388 0.28703004605169974
0 0.45490615965531517 0.36011269453777356 0.5080007237672481 0.3637090297164184 0.606181648188955 0.38615556946041923 0.6184651750375743 0.38350009325133155 0.6429411983501101 0.36136093980142386 0.6451452626531395 0.35002201193981713 0.6336697892144787 0.3225756460891894 0.6141861119736587 0.3103831496252729 0.5718007430653239 0.3122305724244022 0.5089415827368052 0.2983309387558661 0.4842834986548638 0.2868136901423093 0.452561809757776 0.28569077040334667 0.4251609590994997 0.3055803443578736 0.41512701174626115 0.30531099322122085 0.4135526801012402 0.3134102274080828 0.43281252139775866 0.3440507717411039 0.45490615965531517 0.36011269453777356
0 0.5808557962915649 0.49050101490261155 0.6018682899850545 0.4861801766638001 0.6221600206358329 0.46827083106800116 0.6249938175968708 0.4536922095316497 0.6145084583375738 0.42980040368477085 0.6001991879378752 0.41693265937049456 0.5759014853772895 0.41220966443543156 0.5484096043343104 0.4152710373582263 0.4981943523757666 0.4055101811590961 0.451173278899616 0.38796495710210827 0.43047565153513057 0.3906659485035474 0.40275993454785014 0.41217536929544674 0.394345834031984 0.41222088448779814 0.3950665970746952 0.4258093918447856 0.419500845212335 0.45577468832744683 0.43475471459904635 0.463782892129606 0.4910889723857241 0.46800895996625924 0.5808557962915649 0.49050101490261155
0 0.37909944468018375 0.5252497815825092 0.40938334750930483 0.5597142370559322 0.46702258580435085 0.565875018058962 0.5652035102260577 0.5883215578029629 0.5791068839120493 0.5859809479228794 0.603268040895581 0.565461641310344 0.6057869715276146 0.552502866611365 0.5943114980889538 0.5250565007607373 0.5748278208481337 0.5128640042968208 0.5308226051024266 0.5143965607669458 0.45986421058704596 0.4989225954533887 0.4433053606919666 0.4889796784848529 0.4148233654696235 0.4884864914038987 0.38386795480759817 0.5093661795377897 0.3683447342842341 0.511391923088869 0.3592553859180082 0.506263031440099 0.35705132161497877 0.5176019593017057 0.37909944468018375 0.5252497815825092
0 0.5466719120071615 0.6923066217237996 0.5570207256894041 0.6909561260230801 0.5828017295103081 0.6707516857395489 0.58595039280035 0.6545532173658251 0.5640805904870951 0.6200432467000508 0.541717601092886 0.6140152712566197 0.5158455668872792 0.6173915105084186 0.4551013104858149 0.6055840231707611 0.4247737624730702 0.5929647424056896 0.39305207357598226 0.591841822666727 0.36047681607658466 0.6124066444716136 0.35858761810255946 0.6221257254958481 0.3879269219446678 0.661449721481388 0.4601447817760653 0.6704442994454557 0.5466719120071615 0.6923066217237996
0 0.5216609264387755 0.7950322203286195 0.5388039937995118 0.7933213431065445 0.5613453039456712 0.7724871701650049 0.564179100906709 0.7579085486286534 0.5549987221557802 0.735951455948151 0.5345249307355961 0.7202043994804856 0.49375940866463386 0.7223666886086193 0.41956132047450845 0.7062629906370537 0.3968379495589437 0.6934407615151288 0.36903120218696045 0.6981219812752959 0.3380757915249351 0.7190016694091869 0.3358717272219057 0.7303405972707935 0.36030597535954556 0.7603058937534548 0.3755598447462569 0.7683140975556139 0.42865440885818984 0.7719104327342589 0.5216609264387755 0.7950322203286195
0 0.533455006223896 0.8813772897903102 0.5443880373717958 0.8683729998989795 0.5452871211664571 0.8550993588709964 0.5361067424155281 0.8331422661904941 0.514013104157972 0.8170803433938245 0.47648727576175426 0.8198723651799664 0.3727715629775704 0.7913068196078316 0.3556284956168341 0.7930176968299066 0.3211185249510597 0.8148874991431615 0.3156747669732856 0.8255966943467599 0.35018847765651534 0.8642454424819401 0.4486387532148751 0.8766580348727026 0.5073136208816365 0.8947874763953475 0.533455006223896 0.8813772897903102
0 0.4874770421543719 0.9968378271498075 0.49782585583661454 0.9954873314490881 0.5200522996537696 0.9762730053449207 0.5235158292728157 0.9584546901338247 0.5172602778676276 0.9387471769487032 0.4954815059390755 0.9210654073146612 0.4547159838681131 0.9232276964427946 0.3805178956779877 0.9071239984712293 0.3477605774091845 0.8940324182126513 0.29871750039941014 0.9214825240807347 0.29975312977112556 0.9334511846003497 0.31964270372565246 0.9608520352586261 0.331656879437619 0.9682305064027767 0.37795718987105825 0.9721872231027774 0.4874770421543719 0.9968378271498075