4 0.821875 0.5265625 0.8265625 0.5296875 0.828125 0.5421875 0.825 0.553125 0.81875 0.55625 0.809375 0.55625 0.7984375 0.559375 0.790625 0.5578125 0.75 0.565625 0.7453125 0.5640625 0.7328125 0.565625 0.73125 0.5640625 0.71875 0.5671875 0.7125 0.565625 0.70625 0.5578125 0.7046875 0.5484375 0.7109375 0.54375 0.7375 0.5421875 0.7546875 0.5390625 0.7578125 0.5359375 0.765625 0.5359375 0.76875 0.5328125 0.8171875 0.525 0.8203125 0.5265625
4 0.6921875 0.5296875 0.696875 0.5625 0.6953125 0.5703125 0.6890625 0.575 0.6484375 0.58125 0.6328125 0.5796875 0.590625 0.5875 0.584375 0.5875 0.5796875 0.578125 0.578125 0.5609375 0.584375 0.5546875 0.609375 0.55 0.628125 0.5515625 0.6484375 0.546875 0.6578125 0.5484375 0.6765625 0.5453125 0.6796875 0.5296875 0.6875 0.5265625 0.690625 0.5296875
4 0.5578125 0.5609375 0.5640625 0.5578125 0.571875 0.5625 0.575 0.5828125 0.5703125 0.590625 0.5640625 0.590625 0.5578125 0.5984375 0.553125 0.5984375 0.55 0.6015625 0.5421875 0.603125 0.534375 0.6 0.521875 0.603125 0.5140625 0.6015625 0.4734375 0.609375 0.4671875 0.60625 0.4578125 0.596875 0.45625 0.5875 0.4578125 0.5796875 0.45625 0.578125 0.4625 0.5734375 0.46875 0.575 0.471875 0.571875 0.4796875 0.575 0.490625 0.571875 0.5 0.5734375 0.540625 0.565625 0.55 0.5703125 0.5578125 0.5625
4 0.421875 0.575 0.4359375 0.5734375 0.4484375 0.5828125 0.45 0.5953125 0.4421875 0.6015625 0.4328125 0.603125 0.4234375 0.6015625 0.4046875 0.6046875 0.396875 0.60625 0.39375 0.6109375 0.384375 0.615625 0.375 0.6140625 0.3625 0.6171875 0.3328125 0.6109375 0.328125 0.5984375 0.334375 0.590625 0.3421875 0.5875 0.421875 0.5765625
4 0.3203125 0.6 0.31875 0.60625 0.3234375 0.6109375 0.3265625 0.6109375 0.325 0.61875 0.3265625 0.628125 0.325 0.6296875 0.2953125 0.634375 0.29375 0.6328125 0.2859375 0.634375 0.284375 0.63125 0.2765625 0.63125 0.2625 0.634375 0.25625 0.6421875 0.246875 0.640625 0.2359375 0.64375 0.228125 0.6421875 0.215625 0.6453125 0.2125 0.6453125 0.20625 0.6375 0.209375 0.6296875 0.2078125 0.61875 0.2140625 0.6125 0.228125 0.615625 0.234375 0.6125 0.31875 0.6
3 0.2140625 0.53125 0.215625 0.5328125 0.21875 0.53125 0.2375 0.5328125 0.2859375 0.525 0.296875 0.51875 0.3078125 0.51875 0.3109375 0.521875 0.3125 0.5296875 0.309375 0.5359375 0.3109375 0.5453125 0.3046875 0.553125 0.2984375 0.5546875 0.2796875 0.5578125 0.2609375 0.5578125 0.2296875 0.5640625 0.221875 0.5625 0.209375 0.5703125 0.2 0.5703125 0.196875 0.5671875 0.1984375 0.5375 0.203125 0.5328125 0.2125 0.53125
3 0.425 0.490625 0.428125 0.4921875 0.4328125 0.5015625 0.4359375 0.5203125 0.4328125 0.525 0.4265625 0.528125 0.4078125 0.5296875 0.378125 0.5359375 0.3515625 0.5359375 0.35 0.534375 0.346875 0.5359375 0.340625 0.5328125 0.3375 0.534375 0.3265625 0.5328125 0.321875 0.528125 0.321875 0.5140625 0.325 0.509375 0.328125 0.50625 0.3453125 0.5078125 0.365625 0.503125 0.4046875 0.4984375 0.415625 0.490625 0.4234375 0.490625
3 0.5484375 0.4859375 0.5578125 0.496875 0.559375 0.5015625 0.5578125 0.5109375 0.546875 0.5125 0.5359375 0.51875 0.50625 0.521875 0.4671875 0.5296875 0.459375 0.528125 0.45 0.51875 0.4484375 0.5046875 0.4578125 0.496875 0.465625 0.4953125 0.4734375 0.496875 0.54375 0.484375 0.546875 0.4859375
3 0.6265625 0.471875 0.628125 0.4734375 0.6359375 0.4703125 0.6421875 0.471875 0.6609375 0.46875 0.665625 0.465625 0.6734375 0.465625 0.6796875 0.4734375 0.68125 0.4875 0.6734375 0.49375 0.615625 0.5015625 0.6046875 0.50625 0.5921875 0.50625 0.5875 0.503125 0.584375 0.5046875 0.56875 0.4953125 0.56875 0.4859375 0.5734375 0.48125 0.5890625 0.4796875 0.59375 0.4765625 0.5984375 0.478125 0.60625 0.475 0.625 0.4734375
3 0.803125 0.4390625 0.809375 0.44375 0.809375 0.4515625 0.80625 0.45625 0.8078125 0.4609375 0.80625 0.471875 0.8 0.478125 0.7328125 0.4890625 0.7171875 0.4875 0.709375 0.4828125 0.7078125 0.475 0.7015625 0.4734375 0.6984375 0.46875 0.6984375 0.4640625 0.7046875 0.45625 0.721875 0.453125 0.740625 0.453125 0.7609375 0.4484375 0.7640625 0.45 0.7796875 0.4484375 0.79375 0.4390625 0.8015625 0.4390625
7 0.284375 0.4546875 0.2875 0.4578125 0.29375 0.4578125 0.296875 0.4625 0.2953125 0.4734375 0.2984375 0.4828125 0.29375 0.4890625 0.2140625 0.5015625 0.2 0.4984375 0.1953125 0.4921875 0.1953125 0.4875 0.2 0.4828125 0.1984375 0.478125 0.2 0.46875 0.2609375 0.459375 0.2640625 0.45625 0.271875 0.4546875 0.2828125 0.4546875
7 0.29375 0.403125 0.2953125 0.4125 0.29375 0.415625 0.2796875 0.428125 0.2703125 0.428125 0.25 0.4328125 0.240625 0.43125 0.1921875 0.4390625 0.1890625 0.4421875 0.1796875 0.4421875 0.175 0.4375 0.178125 0.428125 0.178125 0.41875 0.1828125 0.4140625 0.1921875 0.4125 0.196875 0.415625 0.225 0.4109375 0.228125 0.4078125 0.246875 0.4109375 0.2515625 0.4078125 0.2765625 0.4046875 0.2796875 0.4015625 0.2875 0.4 0.2921875 0.403125
7 0.4109375 0.3671875 0.4171875 0.3734375 0.41875 0.3828125 0.4140625 0.3921875 0.346875 0.403125 0.3421875 0.4015625 0.328125 0.403125 0.3078125 0.4078125 0.296875 0.4078125 0.2921875 0.4015625 0.29375 0.396875 0.2921875 0.3890625 0.296875 0.384375 0.315625 0.384375 0.3359375 0.3796875 0.3546875 0.378125 0.365625 0.371875 0.3953125 0.3671875 0.3984375 0.36875 0.409375 0.3671875
7 0.4078125 0.43125 0.4140625 0.434375 0.4171875 0.4515625 0.415625 0.4609375 0.390625 0.4640625 0.3859375 0.4625 0.3828125 0.4578125 0.353125 0.4625 0.346875 0.4703125 0.3421875 0.471875 0.3359375 0.46875 0.33125 0.4703125 0.325 0.46875 0.3203125 0.4640625 0.3140625 0.4625 0.3125 0.4640625 0.309375 0.459375 0.309375 0.4546875 0.3125 0.45 0.325 0.446875 0.33125 0.4421875 0.340625 0.440625 0.3515625 0.4390625 0.36875 0.440625 0.390625 0.4359375 0.3984375 0.4375 0.40625 0.43125
7 0.540625 0.3625 0.5421875 0.3765625 0.540625 0.384375 0.5375 0.3875 0.5390625 0.3921875 0.5328125 0.3984375 0.5171875 0.3953125 0.4671875 0.4046875 0.4484375 0.4046875 0.446875 0.40625 0.440625 0.4015625 0.4328125 0.403125 0.425 0.3984375 0.425 0.3796875 0.4296875 0.375 0.4359375 0.3734375 0.4421875 0.375 0.446875 0.371875 0.4546875 0.375 0.4859375 0.36875 0.49375 0.3703125 0.5234375 0.365625 0.534375 0.359375 0.5390625 0.3625
7 0.440625 0.453125 0.4390625 0.4453125 0.44375 0.4390625 0.45 0.440625 0.4796875 0.4390625 0.4984375 0.4359375 0.503125 0.4328125 0.509375 0.4328125 0.5140625 0.4296875 0.5296875 0.4265625 0.540625 0.4265625 0.5453125 0.4328125 0.5453125 0.44375 0.540625 0.4484375 0.5359375 0.4484375 0.53125 0.4453125 0.528125 0.4484375 0.521875 0.4484375 0.5203125 0.4515625 0.4625 0.459375 0.459375 0.4625 0.4515625 0.4625 0.4421875 0.453125
7 0.65625 0.3390625 0.6640625 0.3453125 0.665625 0.353125 0.6640625 0.3625 0.6359375 0.365625 0.6140625 0.3734375 0.5703125 0.3796875 0.5640625 0.3890625 0.5578125 0.3890625 0.5515625 0.3796875 0.55 0.3671875 0.5578125 0.353125 0.5640625 0.35 0.5828125 0.346875 0.5921875 0.3484375 0.6328125 0.340625 0.640625 0.3421875 0.6546875 0.3390625
7 0.6609375 0.4078125 0.6703125 0.4140625 0.671875 0.421875 0.6671875 0.428125 0.6296875 0.4296875 0.603125 0.434375 0.596875 0.4390625 0.5703125 0.44375 0.5609375 0.4390625 0.5609375 0.4328125 0.571875 0.421875 0.6265625 0.4140625 0.63125 0.4109375 0.646875 0.409375 0.65 0.40625 0.659375 0.4078125
7 0.7765625 0.384375 0.7921875 0.3875 0.8015625 0.3953125 0.8 0.4 0.8015625 0.4015625 0.7890625 0.4078125 0.7875 0.4109375 0.7484375 0.415625 0.7375 0.4203125 0.6953125 0.4265625 0.6890625 0.4234375 0.6859375 0.425 0.68125 0.4203125 0.6765625 0.4109375 0.678125 0.4046875 0.6875 0.4 0.6921875 0.4015625 0.696875 0.3984375 0.765625 0.3890625 0.775 0.3859375
7 0.7703125 0.31875 0.7859375 0.3171875 0.7984375 0.325 0.8 0.340625 0.7921875 0.3484375 0.7625 0.353125 0.7546875 0.3515625 0.7234375 0.3578125 0.7046875 0.3578125 0.69375 0.3609375 0.684375 0.359375 0.6828125 0.3609375 0.6765625 0.3578125 0.671875 0.3515625 0.671875 0.34375 0.6828125 0.3375 0.690625 0.3421875 0.703125 0.3375 0.7609375 0.3296875 0.7640625 0.3234375 0.7703125 0.3203125
0 0.25031253800969094 0.3643740712870521 0.22224868558111158 0.3495338988322934 0.20905417961992265 0.36769457828682295 0.18438874141389808 0.38445789992245005 0.1784585072345209 0.4078963817614554 0.19846442864713523 0.4834750426566309 0.22008187034948284 0.6504024513839408 0.23221982139553585 0.6661579513145839 0.2790967850735464 0.6780184196733382 0.321582099830334 0.652004356858563 0.3303216366538323 0.6361563626988203 0.2994680407786523 0.4819414295896811 0.29251539788797537 0.43804417000767504 0.29662956412189956 0.4132862375725509 0.28827956341232 0.38085991023538035 0.2784542976610539 0.36955937944242806 0.25031253800969094 0.3643740712870521
0 0.39743360078890155 0.33946529659756497 0.3674757731920856 0.33296053784607 0.35269892095379485 0.3208371738063329 0.33990853811284033 0.3212558839328833 0.3298495506932232 0.33891994603807885 0.30229690262029385 0.3577476442938259 0.2982606436091534 0.37285071242956747 0.30091413180770693 0.3997509287075953 0.31421571900431144 0.4330000892915507 0.3439348527415716 0.6307860660852451 0.35507956908895644 0.6402705289327446 0.39205335979291733 0.6504853307979293 0.40122619374928165 0.6779600716480748 0.4113776753979984 0.6811734974124304 0.4166408907761581 0.6433768734616848 0.4439452301744205 0.6229814159351518 0.4513653164017999 0.608949489720862 0.4497829701246981 0.5786654462265954 0.4344170063079738 0.5425290757757352 0.41355907763594296 0.4108372970297167 0.41841816989386826 0.3907826424069505 0.4116359284550746 0.3581080063951128 0.39743360078890155 0.33946529659756497
0 0.4644285393061464 0.31599764074592807 0.4541212432118623 0.3320939435803377 0.43209470619807544 0.3452251293250588 0.42492292864536313 0.3608248148101344 0.4285696515425849 0.3939960681713061 0.4428644734378574 0.4335162658384051 0.46853276115766135 0.6158729585989074 0.47860633558359444 0.6287412486626456 0.5171478855583411 0.6387077418531633 0.530356978525846 0.6510794145675673 0.5305273799777293 0.6623020381377359 0.5390965153493442 0.6352314204078248 0.5695363732891784 0.6143393455319577 0.5764598421672238 0.597171900776096 0.539895146774702 0.40689850443888054 0.5400363742139536 0.35705642367118146 0.5214569846328736 0.33107153486903795 0.4948829842522965 0.3256379180389949 0.47697061347243386 0.31401117134859186 0.4644285393061464 0.31599764074592807
0 0.589600972294354 0.2945651875017795 0.5777259169292839 0.31090979901085614 0.5543799293193782 0.32585705270103027 0.5492725283867859 0.3443439480530107 0.5846735876287562 0.5171236837369142 0.59238574354975 0.5962565733002119 0.6024593179756831 0.60912486336395 0.6373687320595239 0.6164524553622298 0.6555294115140536 0.6296469613234187 0.6700433680713614 0.6096702139234361 0.6933893556812671 0.5947229602332621 0.7005611332339795 0.5791232747481865 0.6671002962747956 0.408446869295795 0.6633927392567083 0.33430451983091397 0.6484454855665341 0.3109585322210083 0.621871485185957 0.3055249153909652 0.6005752871898556 0.2928270267791103 0.589600972294354 0.2945651875017795
0 0.6760127206457793 0.322663186134195 0.6801560608923352 0.3589699580369386 0.6932093394142725 0.3906513593501079 0.7170615591886236 0.5716886015144913 0.7294478189093436 0.5890118607159203 0.7609734057769456 0.5952683107927482 0.7793823939061422 0.6100305760247231 0.7856534309892861 0.609037341326055 0.7925768998673313 0.5918698965701936 0.8203778566149277 0.5746099575852324 0.8286207760890918 0.5556264448839179 0.7976892729911282 0.4110663760741614 0.7880685548955817 0.30973654804519357 0.7756822951748618 0.2924132888437645 0.7157666399812298 0.2794037713407746 0.6802972883315869 0.30912787726923946 0.6760127206457793 0.322663186134195