7 0.78828125 0.55625 0.1359375 0.0578125
7 0.77421875 0.49375 0.13125 0.0640625
7 0.51796875 0.6015625 0.1484375 0.0703125
7 0.24921875 0.6578125 0.1421875 0.059375
7 0.23515625 0.596875 0.125 0.053125
7 0.50390625 0.54375 0.1171875 0.0484375
3 0.76796875 0.43125 0.1125 0.0515625
3 0.496875 0.4796875 0.11875 0.0609375
3 0.2296875 0.534375 0.1140625 0.046875
4 0.7453125 0.3296875 0.1375 0.0578125
4 0.478125 0.38046875 0.1375 0.05625
4 0.203125 0.4328125 0.134375 0.05625
0 0.2534195905552929 0.3857873652817812 0.213177854297051 0.36412901897346295 0.19919596745106338 0.3259016176797565 0.181880345567849 0.32107839265809596 0.18222781301377092 0.3734207139484248 0.14890868169759613 0.4126534608187896 0.14592605791750995 0.4394381552111454 0.17405010073062865 0.5251432636570381 0.1896643315022835 0.6307488954026386 0.18475241771353318 0.6644598385482803 0.18874038707027768 0.6849761623180868 0.20750115455438078 0.7140856023597925 0.25212631581005274 0.7414431299270136 0.27527050829158606 0.776251751227622 0.2869312932994425 0.7772607406154991 0.28101403393403374 0.7636706655989783 0.28544180331500885 0.7611721862266675 0.2827252458361921 0.7387709168317418 0.31578195466231607 0.6897623305786399 0.31779993343807017 0.6664407605629268 0.3150833759592535 0.644039491168001 0.29549099662145295 0.5938001936092976 0.2745865048333983 0.49468169913690785 0.27673751675978714 0.4467671472275542 0.2693751117934896 0.4088908571909884 0.2534195905552929 0.3857873652817812
0 0.5251731026909435 0.33460164177483903 0.48212612018679524 0.30693734733402217 0.4645073752412038 0.2415741403908193 0.44684064210084873 0.2433703972488487 0.439870048964018 0.24963876787139813 0.44740618765327655 0.31368621855312834 0.4428897295052117 0.3325800191878663 0.41592765757867617 0.3623880379326345 0.4136029119293264 0.38413142919682397 0.42065855002202823 0.42042954048186615 0.43906820624899084 0.4561584624032619 0.44397647622652253 0.4814093224276391 0.4576036080041507 0.5852180087710545 0.4523849273418046 0.6173507731651724 0.46763822606572003 0.6536932288337596 0.5213370041898477 0.69402729767031 0.5304956660141749 0.7495703208472309 0.5469760322324732 0.7922254915219124 0.5671855891286838 0.7866593434136442 0.5557501698497707 0.6857002476996803 0.5846858761685153 0.6407683195704127 0.5899045568308614 0.6086355551762948 0.5849962868533298 0.5833846951519175 0.5700054106194652 0.5568180788660675 0.547522740079887 0.4580063512672736 0.5488421401525785 0.3889619418409219 0.540208323308353 0.3529705974294755 0.5251731026909435 0.33460164177483903
0 0.7391511785786321 0.23896084692396724 0.7158296085629191 0.23694286814821314 0.7207822229239957 0.25399606754137677 0.7181507104010503 0.2741612800540426 0.6877255140978719 0.3030046537944787 0.6834271340563127 0.33987195444316753 0.7132315089898624 0.4257958295397219 0.7271654076410863 0.5311826946346607 0.7219910713622852 0.5551177983975653 0.7268993413398169 0.5803686584219424 0.7393917382013708 0.6025075053268175 0.7711290469548031 0.6225433285000671 0.7943175838198814 0.649154289169462 0.8104468387810391 0.6984289417238335 0.8062814918901149 0.7107032604788814 0.8106205725040001 0.724600102368998 0.8125498625126643 0.7176738536157122 0.832759419408875 0.7121077055074441 0.8250015588018919 0.6890485579817819 0.830393973187199 0.6830869542328284 0.8210579338286923 0.6603345735807619 0.8221556119836592 0.6322784673104783 0.8491620282937398 0.5942727879344963 0.8565724214548007 0.5649896141698297 0.8133146484665842 0.40142821337502427 0.8155100047765178 0.345316000834457 0.8044220529435264 0.2966992264108219 0.793770257323547 0.2840294520150884 0.7532217541917096 0.26079292695524653 0.7391511785786321 0.23896084692396724