7 0.471875 0.034375 0.03125 0.06875
7 0.50859375 0.03125 0.025 0.0625
7 0.45546875 0.1421875 0.0265625 0.078125
7 0.49140625 0.146875 0.0234375 0.0578125
7 0.4375 0.24453125 0.0234375 0.0734375
7 0.47421875 0.24765625 0.0234375 0.0640625
7 0.4203125 0.34296875 0.03125 0.08125
7 0.4578125 0.34921875 0.028125 0.0625
7 0.39140625 0.54453125 0.0328125 0.078125
7 0.42421875 0.55234375 0.025 0.059375
7 0.44140625 0.4546875 0.028125 0.071875
7 0.4046875 0.446875 0.0296875 0.0765625
7 0.3765625 0.6453125 0.028125 0.078125
7 0.409375 0.64921875 0.0265625 0.0640625
7 0.359375 0.74765625 0.0265625 0.078125
7 0.39453125 0.75625 0.0265625 0.0625
7 0.34140625 0.8453125 0.025 0.0734375
7 0.378125 0.85234375 0.028125 0.0671875
7 0.32578125 0.9453125 0.0296875 0.0671875
7 0.3609375 0.95625 0.0265625 0.05625
3 0.54609375 0.040625 0.0296875 0.0609375
3 0.5265625 0.1546875 0.025 0.05625
3 0.51171875 0.25625 0.0265625 0.071875
3 0.4953125 0.35703125 0.0265625 0.0640625
3 0.47890625 0.45703125 0.0265625 0.0640625
3 0.4625 0.5546875 0.0265625 0.0640625
3 0.446875 0.65859375 0.025 0.065625
3 0.43125 0.76015625 0.021875 0.065625
3 0.4171875 0.8578125 0.025 0.065625
3 0.40078125 0.95859375 0.0265625 0.0609375
4 0.459375 0.9640625 0.0296875 0.071875
4 0.47578125 0.8640625 0.0265625 0.08125
4 0.490625 0.765625 0.0296875 0.08125
4 0.5078125 0.665625 0.028125 0.078125
4 0.525 0.56328125 0.028125 0.075
4 0.5546875 0.365625 0.028125 0.08125
4 0.5390625 0.4671875 0.0265625 0.078125
4 0.5859375 0.16328125 0.0328125 0.0859375
4 0.60390625 0.04765625 0.0265625 0.075
0 0.606874144189057 0.08465718839202027 0.6170023892761534 0.08297412038723317 0.6384489618770461 0.06171674052768035 0.6409884824134136 0.04568283889464242 0.6314627378042607 0.022807150342599235 0.6166985964394065 0.012250678989712771 0.606620143984354 0.01065440893828189 0.5638663988918646 0.013744554253159968 0.5111665388575632 0 0.44217354201194226 0 0.4224195160968239 0.014352139926653606 0.4195463656653364 0.02211513868953583 0.43928003320306874 0.05318205227025139 0.46045773522113825 0.06475433183768473 0.5499139544710306 0.07070474397118635 0.606874144189057 0.08465718839202027
0 0.5904469385441524 0.1987518420402265 0.6005751836312486 0.19706877403543932 0.6220217562321414 0.1758113941758866 0.622957886605205 0.1595235404892119 0.6147815801057194 0.1385051941541092 0.5941117821949234 0.12372613426006822 0.5541067059538118 0.1272516259526093 0.4851609289317487 0.11633168764622952 0.45596627609716034 0.10348964781061257 0.43410639575966403 0.10660183176655007 0.40413496823497874 0.12979623168452684 0.4064056181885228 0.146591989478475 0.4239483136141945 0.17073743829870192 0.44082374924962603 0.17834108137861748 0.533486748826126 0.18479939761939254 0.5904469385441524 0.1987518420402265
0 0.5707332747311569 0.3024642985476997 0.5843222521984973 0.29968574448688223 0.6057688247993902 0.27842836462732945 0.6078004412284841 0.26560124332089907 0.597179210563301 0.23926482238861152 0.580811679035143 0.2284543989820884 0.5362503843577568 0.22961464435041545 0.42823566146764575 0.20593234404990204 0.38357977041958957 0.2284445656484519 0.3831515441537995 0.24152563900851903 0.40634594407177616 0.27149706653320427 0.4245708178168748 0.2809580518300603 0.4865154522369659 0.2841946692150412 0.5707332747311569 0.3024642985476997
0 0.40722240032809315 0.38011428990125884 0.45954669376836155 0.3818271949644193 0.5568455896226195 0.40052505056286797 0.5688311769266563 0.39749254444841375 0.5921350917444896 0.3748857264791938 0.5939127561199469 0.36366199533606725 0.58168813529146 0.337071622350143 0.5621138234366944 0.3257532948363464 0.5205053570322791 0.32902483447525077 0.45822709271706785 0.3175173142201141 0.43358865831875415 0.30704052070871113 0.4023623890550717 0.30702560217952446 0.3761056459642675 0.32752112587816706 0.366231352930808 0.32760080371965045 0.3649615926626243 0.33561775453616943 0.3849492122539934 0.36508127795358125 0.40722240032809315 0.38011428990125884
0 0.5355285356463202 0.5039835550167043 0.5560389778741495 0.4990140288438263 0.5753742562044649 0.4807094772572443 0.5776598246871956 0.4662789657875101 0.5665306899147391 0.44314932518183026 0.5520205006035216 0.43098946366564006 0.5279696481539646 0.427180182861089 0.5010456452729202 0.4311339008194201 0.45134055021050257 0.4232613871566812 0.4045086055795724 0.4076258747310601 0.3842521154053799 0.4109920107406344 0.35774142026093897 0.4330909246025808 0.3494705173907832 0.43342455449770095 0.35064568128829693 0.4467595799114047 0.37569742342321416 0.47538156932642284 0.3909694688953419 0.4827312603527017 0.4465005426622179 0.48495206952313563 0.5355285356463202 0.5039835550167043
0 0.3383613863430635 0.5450742839802097 0.36931878502392246 0.5779188619363824 0.42619929690046543 0.581997013323757 0.5234981927547235 0.6006948689222055 0.537087170222064 0.5979163148613881 0.5601371329862606 0.576912887055472 0.5621687494153546 0.5640857657490417 0.5499441285868677 0.5374953927631174 0.530369816732102 0.5261770652493208 0.48715796016438306 0.5291946528345883 0.4168627450326528 0.516417372311268 0.400241261450858 0.5072103390680487 0.3722217725137832 0.5077033246461355 0.34250429704273466 0.5292943344008085 0.32731192941209025 0.5318189364079893 0.31819949253954094 0.5270884437595612 0.3164218281640838 0.5383121749026877 0.3383613863430635 0.5450742839802097
0 0.508848651485276 0.7035657914272851 0.5189768965723723 0.701882723422498 0.5436302494998726 0.6811332476702187 0.54616977003624 0.6650993460371807 0.5234832742255369 0.6319211381858879 0.5012897639929206 0.6267624192716698 0.47596915127517986 0.6309700892836376 0.4158420201512875 0.62144688727226 0.3855917201814105 0.6100812615731284 0.35436545091772814 0.6100663430439417 0.32304458528337576 0.6314034007449779 0.3215208729615554 0.6410237417248007 0.3517164154815041 0.6786784901708848 0.4230274388277813 0.6850422100409899 0.508848651485276 0.7035657914272851
0 0.48778554956261344 0.8054209057178177 0.5045813073565615 0.8031502557642739 0.5260278799574543 0.781892875904721 0.528313448440185 0.7674623644349869 0.5185337517773955 0.7461900660462474 0.49786395386659965 0.7314110061522066 0.457858877625488 0.7349364978447476 0.38435688216715025 0.7216513132141538 0.36157578998577694 0.7098250815930838 0.33439783505109577 0.7153821897147188 0.3046803595800473 0.7369731994693917 0.3029026952045901 0.7481969306125182 0.32795443733950735 0.7768189200275364 0.34322648281163504 0.7841686110538151 0.39555077625190344 0.7858815161169757 0.48778554956261344 0.8054209057178177
0 0.5023455796569409 0.8899075987948322 0.5126480989561906 0.8767468475932816 0.5130763252219807 0.8636657742332148 0.5032966285591912 0.8423934758444751 0.4810234404850915 0.8273604638967974 0.4442251445705875 0.8313938596966122 0.34127454422402453 0.8068700253937051 0.3244787864300763 0.8091406753472491 0.2913005785787835 0.8318271711579523 0.2863161338767188 0.8425429981938054 0.3215757989402156 0.8793562126374959 0.4187950169529902 0.888179775202485 0.4771046447806837 0.9039895618402595 0.5023455796569409 0.8899075987948322
0 0.49522000362592566 0.9660287926310207 0.48839313523610706 0.9468677885128585 0.4663738992156441 0.9302313864018771 0.42636882297453244 0.9337568780944181 0.3528668275161947 0.9204716934638244 0.3202114423013619 0.9087251396842376 0.272936352875455 0.9373969698823661 0.2743654688266054 0.9491286051327659 0.2933970265467735 0.9735098665742271 0.46064914658769157 1 0.47481389970092647 1 0.4924265310359216 0.9836660844273624 0.49522000362592566 0.9660287926310207