4 0.15 0.5296875 0.19375 0.5328125 0.203125 0.534375 0.2046875 0.5375 0.23125 0.5421875 0.246875 0.5421875 0.2484375 0.54375 0.2640625 0.5421875 0.2703125 0.5453125 0.271875 0.5515625 0.2703125 0.559375 0.265625 0.565625 0.2640625 0.5640625 0.2625 0.565625 0.24375 0.5640625 0.2296875 0.5671875 0.1921875 0.5625 0.1484375 0.5609375 0.1453125 0.559375 0.14375 0.5515625 0.140625 0.55 0.140625 0.5390625 0.14375 0.534375 0.15 0.53125
4 0.3734375 0.540625 0.4 0.54375 0.40625 0.5484375 0.40625 0.5671875 0.4046875 0.575 0.4015625 0.578125 0.353125 0.5734375 0.31875 0.575 0.284375 0.5703125 0.28125 0.565625 0.2828125 0.5625 0.28125 0.5609375 0.2828125 0.55625 0.28125 0.5546875 0.2828125 0.54375 0.28125 0.5296875 0.2875 0.521875 0.2953125 0.521875 0.2984375 0.5265625 0.3 0.5375 0.303125 0.540625 0.31875 0.540625 0.3203125 0.5421875 0.371875 0.540625
4 0.425 0.5453125 0.4359375 0.5578125 0.4390625 0.5578125 0.44375 0.553125 0.4625 0.553125 0.48125 0.55625 0.53125 0.5546875 0.5390625 0.5625 0.5375 0.58125 0.521875 0.5921875 0.478125 0.5875 0.4765625 0.5890625 0.4578125 0.5875 0.4515625 0.590625 0.44375 0.590625 0.4375 0.5875 0.43125 0.5875 0.4234375 0.5796875 0.4140625 0.578125 0.4125 0.5734375 0.4140625 0.5515625 0.4234375 0.5453125
4 0.5546875 0.5546875 0.5703125 0.553125 0.5765625 0.55625 0.5875 0.5546875 0.60625 0.5578125 0.659375 0.5609375 0.6671875 0.5625 0.675 0.5703125 0.675 0.5796875 0.66875 0.5875 0.659375 0.5875 0.6546875 0.590625 0.640625 0.59375 0.6265625 0.5921875 0.6234375 0.5953125 0.6125 0.59375 0.603125 0.584375 0.553125 0.5828125 0.5453125 0.575 0.546875 0.5625 0.5546875 0.55625
4 0.6859375 0.571875 0.78125 0.5796875 0.7859375 0.5828125 0.7921875 0.578125 0.8 0.578125 0.8046875 0.584375 0.803125 0.596875 0.8078125 0.6015625 0.8015625 0.6109375 0.7859375 0.6109375 0.784375 0.6125 0.753125 0.6109375 0.746875 0.6046875 0.725 0.603125 0.7125 0.60625 0.7109375 0.6046875 0.678125 0.603125 0.6828125 0.596875 0.6828125 0.59375 0.678125 0.590625 0.678125 0.5859375 0.68125 0.5859375 0.6875 0.5796875 0.6859375 0.5734375
3 0.6984375 0.484375 0.7171875 0.490625 0.734375 0.490625 0.7703125 0.4953125 0.7828125 0.4921875 0.7890625 0.49375 0.803125 0.4921875 0.8078125 0.496875 0.809375 0.5171875 0.8125 0.51875 0.8125 0.528125 0.8046875 0.5328125 0.7859375 0.525 0.76875 0.5265625 0.75 0.5234375 0.734375 0.5234375 0.7328125 0.525 0.73125 0.5234375 0.6984375 0.521875 0.690625 0.5125 0.6921875 0.503125 0.6875 0.4984375 0.6890625 0.4890625 0.696875 0.484375
3 0.565625 0.4625 0.5734375 0.4625 0.578125 0.4671875 0.5828125 0.4671875 0.584375 0.4703125 0.5921875 0.471875 0.609375 0.471875 0.646875 0.4765625 0.6671875 0.475 0.6765625 0.48125 0.678125 0.4890625 0.6765625 0.496875 0.671875 0.5015625 0.6578125 0.5015625 0.653125 0.5046875 0.64375 0.50625 0.640625 0.5046875 0.6265625 0.5078125 0.5625 0.5015625 0.55625 0.496875 0.55625 0.4859375 0.5578125 0.4734375 0.565625 0.4640625
3 0.4484375 0.4671875 0.503125 0.4734375 0.51875 0.471875 0.5359375 0.475 0.540625 0.48125 0.5390625 0.496875 0.5328125 0.5046875 0.5265625 0.5078125 0.4484375 0.5015625 0.4453125 0.4984375 0.425 0.4953125 0.4234375 0.48125 0.43125 0.4703125 0.4359375 0.4671875 0.446875 0.4671875
3 0.3046875 0.4546875 0.325 0.459375 0.3390625 0.4578125 0.3421875 0.4609375 0.34375 0.459375 0.365625 0.4625 0.3765625 0.4609375 0.38125 0.4640625 0.3859375 0.4625 0.396875 0.465625 0.4078125 0.465625 0.4109375 0.46875 0.4125 0.478125 0.403125 0.4859375 0.3828125 0.49375 0.35625 0.4890625 0.2984375 0.484375 0.2921875 0.48125 0.290625 0.4734375 0.29375 0.459375 0.303125 0.4546875
3 0.16875 0.4375 0.18125 0.4453125 0.265625 0.4484375 0.271875 0.4546875 0.2703125 0.465625 0.2640625 0.4671875 0.2640625 0.471875 0.2578125 0.48125 0.2546875 0.4828125 0.25 0.48125 0.2421875 0.484375 0.1796875 0.4796875 0.1625 0.4765625 0.1578125 0.4703125 0.159375 0.4671875 0.1578125 0.4546875 0.1546875 0.4515625 0.1546875 0.4421875 0.159375 0.4375 0.1671875 0.4375
7 0.7140625 0.4125 0.7328125 0.4140625 0.734375 0.4171875 0.7390625 0.41875 0.8015625 0.4234375 0.8046875 0.4265625 0.8046875 0.4375 0.809375 0.4421875 0.8078125 0.44375 0.809375 0.45 0.7984375 0.459375 0.7046875 0.4515625 0.7 0.4453125 0.7015625 0.4375 0.7 0.4234375 0.7015625 0.4203125 0.7140625 0.4140625
7 0.703125 0.3578125 0.7234375 0.3625 0.7390625 0.3625 0.7453125 0.365625 0.7546875 0.365625 0.7578125 0.3625 0.7703125 0.3625 0.7765625 0.365625 0.79375 0.365625 0.7953125 0.3671875 0.803125 0.3671875 0.8078125 0.3640625 0.8171875 0.365625 0.8203125 0.36875 0.8203125 0.378125 0.825 0.3828125 0.8265625 0.3890625 0.81875 0.3953125 0.8125 0.3953125 0.809375 0.3921875 0.7109375 0.3859375 0.696875 0.371875 0.6984375 0.3609375 0.7015625 0.359375
7 0.5796875 0.33125 0.58125 0.3328125 0.5859375 0.33125 0.615625 0.3328125 0.634375 0.3390625 0.69375 0.3421875 0.6984375 0.3453125 0.696875 0.3484375 0.6984375 0.3625 0.6921875 0.3671875 0.6671875 0.3640625 0.6328125 0.365625 0.56875 0.359375 0.5640625 0.353125 0.5640625 0.3421875 0.5703125 0.33125 0.578125 0.33125
7 0.5828125 0.3984375 0.5875 0.4046875 0.59375 0.4015625 0.6140625 0.4046875 0.621875 0.4046875 0.6296875 0.4015625 0.6625 0.4046875 0.6671875 0.409375 0.6796875 0.409375 0.6859375 0.4171875 0.684375 0.4234375 0.6796875 0.4265625 0.6734375 0.4265625 0.671875 0.43125 0.6671875 0.434375 0.659375 0.434375 0.653125 0.4375 0.646875 0.4375 0.640625 0.4296875 0.6109375 0.4265625 0.60625 0.4265625 0.603125 0.43125 0.59375 0.434375 0.5734375 0.43125 0.5703125 0.428125 0.571875 0.403125 0.58125 0.3984375
7 0.4421875 0.334375 0.446875 0.3375 0.4734375 0.340625 0.5515625 0.3421875 0.5578125 0.3484375 0.55625 0.36875 0.55 0.371875 0.5234375 0.375 0.50625 0.375 0.46875 0.3703125 0.4546875 0.3703125 0.44375 0.3734375 0.4375 0.36875 0.4375 0.3625 0.4328125 0.35625 0.4328125 0.3484375 0.4296875 0.346875 0.4296875 0.3390625 0.4359375 0.334375 0.440625 0.334375
7 0.4359375 0.4046875 0.4390625 0.403125 0.465625 0.4046875 0.4703125 0.4078125 0.50625 0.4125 0.5125 0.4109375 0.5328125 0.4125 0.540625 0.409375 0.5453125 0.4140625 0.5453125 0.425 0.5359375 0.434375 0.525 0.4359375 0.5203125 0.4328125 0.46875 0.4296875 0.453125 0.4265625 0.45 0.4234375 0.44375 0.4265625 0.4375 0.4265625 0.4328125 0.4203125 0.4328125 0.409375 0.4359375 0.40625
7 0.328125 0.3203125 0.384375 0.3265625 0.4 0.325 0.4140625 0.328125 0.421875 0.3421875 0.4203125 0.359375 0.415625 0.365625 0.4078125 0.365625 0.3984375 0.35625 0.3640625 0.3546875 0.3375 0.3484375 0.3 0.3453125 0.2984375 0.33125 0.303125 0.321875 0.3265625 0.3203125
7 0.325 0.3921875 0.3390625 0.39375 0.3453125 0.396875 0.396875 0.4 0.4078125 0.403125 0.415625 0.4125 0.415625 0.4203125 0.4109375 0.4234375 0.3796875 0.421875 0.3734375 0.4171875 0.359375 0.415625 0.34375 0.415625 0.325 0.4125 0.3078125 0.415625 0.2984375 0.4125 0.296875 0.403125 0.303125 0.3984375 0.3046875 0.39375 0.309375 0.39375 0.3140625 0.390625 0.3234375 0.3921875
7 0.1828125 0.3765625 0.1859375 0.3796875 0.1890625 0.378125 0.203125 0.38125 0.271875 0.3859375 0.275 0.3890625 0.284375 0.3875 0.2890625 0.390625 0.290625 0.3953125 0.290625 0.4 0.284375 0.4109375 0.271875 0.4171875 0.225 0.4125 0.2234375 0.409375 0.2171875 0.4078125 0.1734375 0.4046875 0.1609375 0.3984375 0.159375 0.390625 0.1625 0.384375 0.1671875 0.38125 0.18125 0.378125
7 0.221875 0.31875 0.240625 0.321875 0.2578125 0.321875 0.2703125 0.325 0.2796875 0.321875 0.2890625 0.3234375 0.2921875 0.328125 0.2890625 0.340625 0.2765625 0.346875 0.25625 0.34375 0.2390625 0.3453125 0.2203125 0.3421875 0.1671875 0.340625 0.1546875 0.3328125 0.15625 0.315625 0.1671875 0.3078125 0.184375 0.3078125 0.190625 0.3109375 0.19375 0.3171875 0.2203125 0.31875
0 0.6768592824260526 0.610429112830034 0.687313608780636 0.6266045224281072 0.7343470164355155 0.651067111814565 0.7832310036982533 0.6349962071183378 0.7949470195069944 0.6173691678911026 0.8055043246370224 0.43855480095534577 0.821132035591573 0.35683560924460717 0.8130965832434593 0.3323936156132384 0.7856674212070093 0.3164287419452583 0.7703120334478186 0.2981289034175657 0.7416211819572108 0.31596647857489407 0.7121309043828095 0.32356026330773247 0.7025393175036878 0.3362862411303603 0.6960821215680724 0.3713297836547376 0.7022875900634168 0.39730731606202546 0.6981653589875141 0.4444246328636621 0.6768592824260526 0.610429112830034
0 0.5463400125993333 0.5905319482611555 0.5552588001779976 0.6048773740064595 0.5857590397662857 0.624502215379978 0.5941522505829175 0.6642362833788695 0.6046904860842578 0.6600713346663876 0.6123887757189422 0.6302232986234679 0.6508817500187647 0.6166345813253784 0.6620088756738054 0.6057385873555198 0.6788761542010235 0.3935634392097299 0.6905288566180966 0.35727880298628373 0.6913488784569791 0.32852463810400795 0.6859428360454283 0.3127908961212101 0.6552953739187151 0.29484881606203567 0.6433055087882128 0.2768434226111932 0.6296961957350343 0.27734840361813656 0.6149091023744552 0.2913154751398333 0.5835888409472844 0.3004447986485907 0.5698956187473491 0.3212901379660892 0.5651211841260777 0.35648090302889146 0.5717683202366974 0.377410151493147 0.5594016270089892 0.5187621018980568 0.5457717182007218 0.5582650382117662 0.5463400125993333 0.5905319482611555
0 0.41266575607401873 0.5873151742972935 0.42129009857583277 0.6050261226712859 0.4551558607928093 0.6249454091216545 0.46626239069276093 0.6530473704585621 0.46561018714739244 0.6411208187197277 0.4787145191936276 0.6270065246596059 0.5188902548077943 0.6135650298999415 0.5286290642253411 0.5991562907629696 0.542341356053964 0.4036615332221962 0.5545829486247376 0.3606458517413734 0.5559918606173204 0.32516064160172087 0.5472202955770813 0.3091324545420729 0.5228622110924694 0.29682754857963134 0.510725123423542 0.280504916443133 0.49726303290878865 0.27932713613573223 0.47911041691952116 0.2929997625805788 0.4513029006594639 0.30074076985184217 0.4335080431387146 0.3297054706642113 0.43735795101925745 0.38260718410100586 0.41266575607401873 0.5873151742972935
0 0.2795803897024047 0.5773673550760551 0.28835195474264375 0.5933955421357031 0.3142455780031747 0.6075304319509138 0.33113650453828447 0.6276602543313757 0.3494363430659771 0.612304866572185 0.3859521109746053 0.6019344493643588 0.39569092039215203 0.5875257102273868 0.39800376337037446 0.5029459768949032 0.4227592717072812 0.31689558369482645 0.41596491305823646 0.2976490965449151 0.39007128979770544 0.2835142067297044 0.3762514408144339 0.267044352054781 0.3644721116140247 0.2660137942858053 0.3428067504576438 0.2810747369681458 0.3149992341975866 0.2888157442394093 0.30086434438237586 0.3147093674999402 0.3024323029173296 0.3936938813090694 0.2795803897024047 0.5773673550760551
0 0.14188840700303337 0.5619295842965085 0.15204828828076639 0.5814705165232701 0.18284297294590476 0.5977298352681003 0.19146731544771878 0.6154407836420926 0.19819836070509542 0.616029673795793 0.21664542177121313 0.5989915247222581 0.24964844451272797 0.5900094237519259 0.2615116828598941 0.5706996232103465 0.27339399083574795 0.3767404044454921 0.2848994707143958 0.34213852953639023 0.28660282778382895 0.3032877967680493 0.281049562833853 0.28923681609959556 0.24118886805162543 0.2603148329238057 0.17854834519728408 0.27857347994132037 0.16668510685011792 0.2978832804828998 0.1639939096482883 0.40616889475462675 0.14188840700303337 0.5619295842965085