7 0.753125 0.6921875 0.1421875 0.059375
7 0.76328125 0.625 0.1359375 0.0671875
7 0.4734375 0.6296875 0.1546875 0.0734375
7 0.190625 0.57890625 0.1484375 0.0609375
7 0.20078125 0.51484375 0.1296875 0.0546875
7 0.48125 0.56796875 0.121875 0.0515625
3 0.78125 0.5625 0.1171875 0.0546875
3 0.50078125 0.5046875 0.1234375 0.0640625
3 0.21953125 0.4515625 0.11875 0.0484375
4 0.79921875 0.45625 0.14375 0.0609375
4 0.52109375 0.40078125 0.14375 0.059375
4 0.23359375 0.34296875 0.140625 0.059375
0 0.30125005281761713 0.3177894030600832 0.2707781801346124 0.2810996594353484 0.2721938112598187 0.23864342526135887 0.2573243031094934 0.2272068046724264 0.23719737198074275 0.2779907239644833 0.1896187486691277 0.3029275004486104 0.1762612321535858 0.3276791614524357 0.16996865822490703 0.4216051738494439 0.14379111688152568 0.5298968667580082 0.12585895213041062 0.5605963310219635 0.12169701095608998 0.5820076622045469 0.12847022833872496 0.6175093662850262 0.16095555468849004 0.6614275104542975 0.16974222573788517 0.7041576150793132 0.18063110542476535 0.7096927112781909 0.180218398363513 0.6942291833557377 0.1854796241113645 0.6935426058434592 0.19160874008237 0.6708043985063942 0.2427552847961778 0.6363056184898689 0.25382547719393334 0.6145278591161085 0.25995459316493885 0.5917896517790436 0.26063736790779124 0.5355169151581841 0.2791597496616077 0.4314341608753328 0.299973258302637 0.3859114673311275 0.30765684200907506 0.3463828559171276 0.30125005281761713 0.3177894030600832
0 0.584218285296848 0.37450211176513915 0.5533799844226663 0.33090411691696947 0.561885179482183 0.2607685989791649 0.544088048571868 0.25559993097146416 0.5348924732306466 0.25894026079270627 0.5171454239598331 0.3238608318527346 0.505388654049799 0.34037736547864333 0.46764590472160866 0.3586797611903615 0.4568958616449549 0.3788104950885384 0.4495324272596184 0.41669208102695504 0.45337802188226356 0.45846173768866605 0.4482556327446382 0.4848141452979993 0.4208578249707018 0.5905902039265094 0.40324580954068845 0.6196426427148815 0.40379735321216714 0.6607720007343892 0.43998943757435105 0.7207939714683169 0.4271371858602124 0.7781197137926318 0.4264081322472846 0.8258371737144727 0.44813961275096936 0.8283520894132101 0.47654414735828593 0.7261902310569684 0.5221093170031404 0.6940250540283049 0.5397213324331539 0.6649726152399329 0.5448437215707793 0.6386202076305996 0.540724256497108 0.6070528531434902 0.5575996127753411 0.5026499495395372 0.5858691135418577 0.43635622345495173 0.5915855224516108 0.3981544881954336 0.584218285296848 0.37450211176513915
0 0.828660830426033 0.3656114746673144 0.8068830710522729 0.35454128226955894 0.8050084539957387 0.3729787118220772 0.7945785602401864 0.3914624202446707 0.753861909281931 0.4074774918386025 0.7352894458886128 0.44147100705372455 0.7305372877115907 0.5362656282552037 0.7028193306165527 0.6436887123592971 0.6884550872676305 0.6648261730908541 0.6833326981300052 0.6911785807001875 0.6867655856913981 0.7174847094394453 0.7096426296386892 0.7492796555075054 0.7216770727691758 0.7840947820757063 0.7180203963962584 0.8380801945787791 0.709191249246214 0.848328775623456 0.7079569308318829 0.8634721542248075 0.712531579067456 0.8575243509646775 0.7342630595711408 0.8600392666634147 0.735771248436498 0.8346935858874616 0.7433197983021359 0.8310331067451179 0.7431809616919098 0.8053672766480631 0.75521160205297 0.7786484408475529 0.7962021234622518 0.7524310670790196 0.8148208657256453 0.7269928285629158 0.8369073661122284 0.5518141083789552 0.860968646834349 0.49837643677793475 0.8692462503129148 0.44699849771374983 0.8638924668249125 0.43057452182799194 0.8337407434630094 0.39223775272767386 0.828660830426033 0.3656114746673144