3 0.29375 0.4515625 0.303125 0.4609375 0.3109375 0.459375 0.31875 0.4671875 0.31875 0.48125 0.315625 0.4859375 0.315625 0.49375 0.3125 0.496875 0.3109375 0.5078125 0.3046875 0.51875 0.3 0.5375 0.3015625 0.540625 0.3 0.54375 0.3015625 0.5453125 0.3 0.546875 0.3015625 0.5484375 0.3 0.55 0.3015625 0.5515625 0.3 0.553125 0.3015625 0.5546875 0.3 0.5578125 0.3015625 0.559375 0.3 0.5609375 0.3015625 0.5625 0.3 0.5640625 0.3015625 0.565625 0.3 0.5671875 0.3015625 0.56875 0.3 0.5703125 0.3015625 0.5734375 0.3 0.575 0.3015625 0.578125 0.3 0.58125 0.3015625 0.5828125 0.3 0.5859375 0.3015625 0.5984375 0.3 0.6 0.3015625 0.6015625 0.3 0.603125 0.3015625 0.6046875 0.3015625 0.6609375 0.303125 0.6625 0.3015625 0.6671875 0.3046875 0.675 0.303125 0.6765625 0.30625 0.6890625 0.3046875 0.690625 0.30625 0.7015625 0.3046875 0.7078125 0.29375 0.721875 0.2828125 0.73125 0.271875 0.7328125 0.2640625 0.728125 0.253125 0.7125 0.253125 0.63125 0.25 0.625 0.2484375 0.6125 0.2515625 0.5796875 0.25 0.5703125 0.253125 0.5578125 0.2578125 0.55 0.25625 0.5484375 0.2578125 0.5453125 0.25625 0.5328125 0.2640625 0.5140625 0.2625 0.5078125 0.2671875 0.4859375 0.2703125 0.4828125 0.275 0.4640625 0.2828125 0.459375 0.2875 0.453125 0.2921875 0.453125
3 0.7875 0.3375 0.7953125 0.3453125 0.796875 0.359375 0.79375 0.3671875 0.79375 0.3875 0.790625 0.3953125 0.7921875 0.396875 0.790625 0.3984375 0.790625 0.4453125 0.7890625 0.446875 0.790625 0.45 0.7859375 0.4609375 0.7859375 0.4671875 0.7828125 0.4703125 0.7828125 0.6078125 0.7796875 0.6125 0.7703125 0.6140625 0.7671875 0.609375 0.765625 0.5890625 0.759375 0.584375 0.7515625 0.571875 0.75 0.565625 0.7515625 0.5640625 0.7484375 0.5578125 0.7484375 0.540625 0.7546875 0.5125 0.753125 0.509375 0.7546875 0.50625 0.753125 0.503125 0.7546875 0.5015625 0.753125 0.5 0.7546875 0.496875 0.753125 0.4953125 0.7546875 0.4921875 0.753125 0.4890625 0.7546875 0.4875 0.753125 0.4859375 0.7546875 0.484375 0.753125 0.4828125 0.7546875 0.4796875 0.753125 0.478125 0.7546875 0.4765625 0.753125 0.475 0.7546875 0.44375 0.753125 0.4421875 0.7546875 0.440625 0.753125 0.4390625 0.75625 0.4296875 0.7546875 0.415625 0.759375 0.3953125 0.7578125 0.39375 0.759375 0.38125 0.7625 0.375 0.7609375 0.3734375 0.7625 0.3578125 0.7671875 0.3515625 0.771875 0.35 0.775 0.3453125 0.778125 0.34375 0.7796875 0.3453125 0.7859375 0.3390625
3 0.6953125 0.359375 0.7046875 0.3609375 0.7078125 0.3578125 0.715625 0.3578125 0.7203125 0.3640625 0.7265625 0.359375 0.7328125 0.3640625 0.7359375 0.371875 0.7328125 0.390625 0.734375 0.3921875 0.7328125 0.3953125 0.734375 0.396875 0.7328125 0.3984375 0.734375 0.4015625 0.7328125 0.403125 0.734375 0.40625 0.7328125 0.4078125 0.734375 0.409375 0.7328125 0.428125 0.734375 0.4296875 0.73125 0.440625 0.7328125 0.4484375 0.728125 0.478125 0.7296875 0.49375 0.7328125 0.5015625 0.73125 0.503125 0.7328125 0.50625 0.73125 0.5078125 0.7328125 0.5109375 0.73125 0.5125 0.7328125 0.5171875 0.7328125 0.559375 0.73125 0.5609375 0.7328125 0.5828125 0.7296875 0.5921875 0.7234375 0.5953125 0.7171875 0.5921875 0.7125 0.578125 0.7046875 0.5921875 0.6984375 0.5921875 0.6953125 0.5890625 0.6875 0.5515625 0.678125 0.5390625 0.675 0.5296875 0.675 0.4796875 0.678125 0.4734375 0.6796875 0.459375 0.678125 0.4484375 0.684375 0.4265625 0.6828125 0.4234375 0.684375 0.41875 0.6828125 0.4171875 0.684375 0.4140625 0.6828125 0.4125 0.684375 0.4109375 0.6828125 0.409375 0.684375 0.40625 0.6828125 0.3921875 0.684375 0.390625 0.6828125 0.3890625 0.6875 0.365625 0.690625 0.3609375 0.69375 0.3609375
1 0.378125 0.49375 0.38125 0.4921875 0.3859375 0.4921875 0.3890625 0.4953125 0.3984375 0.49375 0.4078125 0.496875 0.4109375 0.5015625 0.4109375 0.5171875 0.4078125 0.5203125 0.4078125 0.525 0.403125 0.534375 0.4046875 0.540625 0.403125 0.5421875 0.4046875 0.5484375 0.403125 0.55 0.4046875 0.5625 0.403125 0.5640625 0.4046875 0.5703125 0.403125 0.584375 0.4046875 0.5859375 0.396875 0.6234375 0.396875 0.6640625 0.39375 0.66875 0.39375 0.7109375 0.390625 0.715625 0.384375 0.7171875 0.378125 0.709375 0.3765625 0.7 0.36875 0.6984375 0.3640625 0.6921875 0.3578125 0.65625 0.359375 0.5921875 0.3625 0.584375 0.365625 0.534375 0.3671875 0.525 0.3734375 0.5125 0.375 0.5 0.378125 0.4953125
1 0.584375 0.334375 0.590625 0.334375 0.596875 0.3453125 0.5921875 0.3703125 0.590625 0.40625 0.5875 0.415625 0.5875 0.4421875 0.5890625 0.44375 0.5875 0.4453125 0.5875 0.471875 0.5890625 0.4734375 0.5875 0.4765625 0.590625 0.48125 0.590625 0.4859375 0.5875 0.49375 0.5828125 0.496875 0.5640625 0.496875 0.5625 0.4953125 0.5546875 0.496875 0.5484375 0.490625 0.55 0.4015625 0.553125 0.396875 0.553125 0.3828125 0.55625 0.3765625 0.5578125 0.346875 0.559375 0.340625 0.565625 0.3359375 0.56875 0.3375 0.584375 0.3359375
1 0.6375 0.3484375 0.640625 0.35 0.64375 0.3578125 0.6484375 0.3609375 0.6515625 0.3671875 0.646875 0.425 0.64375 0.428125 0.64375 0.4390625 0.6375 0.45625 0.6390625 0.4578125 0.6375 0.459375 0.6390625 0.465625 0.6375 0.478125 0.640625 0.4828125 0.64375 0.5 0.64375 0.5625 0.6375 0.571875 0.63125 0.571875 0.625 0.5640625 0.6203125 0.55 0.6171875 0.528125 0.6171875 0.4 0.625 0.365625 0.628125 0.3609375 0.628125 0.3546875 0.6359375 0.3484375
9 0.5046875 0.3171875 0.5109375 0.325 0.515625 0.321875 0.5234375 0.3234375 0.5265625 0.3296875 0.5265625 0.340625 0.515625 0.3671875 0.515625 0.4 0.51875 0.40625 0.51875 0.415625 0.521875 0.4265625 0.521875 0.45625 0.5171875 0.4828125 0.5171875 0.5046875 0.5125 0.5125 0.5046875 0.5140625 0.5015625 0.521875 0.4875 0.5203125 0.48125 0.5140625 0.48125 0.4609375 0.4828125 0.459375 0.484375 0.3984375 0.4875 0.390625 0.4875 0.34375 0.4953125 0.31875 0.503125 0.3171875
7 0.4578125 0.5015625 0.4609375 0.50625 0.46875 0.5015625 0.484375 0.5015625 0.4890625 0.509375 0.4875 0.55 0.4859375 0.5515625 0.4859375 0.5890625 0.4828125 0.5953125 0.4828125 0.609375 0.4796875 0.6125 0.4765625 0.6328125 0.4765625 0.696875 0.478125 0.703125 0.4765625 0.709375 0.4703125 0.7140625 0.4375 0.7140625 0.43125 0.7078125 0.43125 0.6890625 0.4296875 0.6875 0.4296875 0.653125 0.43125 0.6515625 0.43125 0.6203125 0.434375 0.6015625 0.4359375 0.5546875 0.4453125 0.5265625 0.4453125 0.5046875 0.45 0.5 0.45625 0.5015625
4 0.571875 0.4984375 0.5765625 0.5015625 0.5796875 0.5078125 0.5796875 0.5203125 0.571875 0.5421875 0.571875 0.58125 0.56875 0.5890625 0.56875 0.628125 0.5671875 0.6296875 0.56875 0.7078125 0.5625 0.728125 0.5625 0.7375 0.565625 0.7421875 0.565625 0.7640625 0.5609375 0.7703125 0.55625 0.7703125 0.55 0.7640625 0.5453125 0.753125 0.5453125 0.746875 0.5390625 0.740625 0.5359375 0.725 0.5359375 0.5875 0.5390625 0.5609375 0.5390625 0.5359375 0.5421875 0.5296875 0.5421875 0.5125 0.5453125 0.503125 0.55 0.4984375 0.5703125 0.4984375
0 0.199 0.6056971514242878 0.22200000000000003 0.6611694152923537 0.22200000000000003 0.6686656671664168 0.24300000000000002 0.6941529235382309 0.271 0.7061469265367316 0.30100000000000005 0.7061469265367316 0.317 0.7001499250374812 0.321 0.6941529235382309 0.35500000000000004 0.6881559220389806 0.44000000000000006 0.704647676161919 0.47800000000000004 0.7061469265367316 0.518 0.7346326836581709 0.546 0.7406296851574213 0.556 0.7406296851574213 0.557 0.7361319340329835 0.558 0.7406296851574213 0.579 0.7406296851574213 0.6 0.7256371814092953 0.62 0.6836581709145427 0.626 0.656671664167916 0.639 0.6491754122938531 0.632 0.6296851574212894 0.638 0.6191904047976011 0.638 0.6041979010494752 0.625 0.5802098950524738 0.609 0.527736131934033 0.599 0.5142428785607196 0.575 0.5037481259370316 0.533 0.5007496251874063 0.503 0.5142428785607196 0.47800000000000004 0.5157421289355322 0.42300000000000004 0.5037481259370316 0.37 0.5022488755622189 0.344 0.4917541229385307 0.308 0.4662668665667167 0.282 0.4617691154422789 0.256 0.46926536731634183 0.24 0.47976011994003 0.21200000000000002 0.5322338830584707 0.195 0.5517241379310345 0.192 0.5637181409295352 0.199 0.6056971514242878
0 0.42400000000000004 0.43478260869565216 0.42300000000000004 0.44677661169415295 0.43899999999999995 0.4632683658170914 0.445 0.49325337331334335 0.45200000000000007 0.505247376311844 0.49800000000000005 0.5112443778110944 0.521 0.4992503748125937 0.542 0.494752623688156 0.575 0.49775112443778113 0.6020000000000001 0.512743628185907 0.625 0.5502248875562219 0.697 0.5577211394302848 0.725 0.5667166416791604 0.737 0.5772113943028485 0.759 0.5862068965517241 0.794 0.5922038980509745 0.828 0.5862068965517241 0.869 0.5187406296851574 0.8859999999999999 0.5097451274362819 0.89 0.49775112443778113 0.8870000000000001 0.4767616191904048 0.881 0.4677661169415292 0.8790000000000001 0.44827586206896547 0.8859999999999999 0.4557721139430285 0.852 0.3823088455772114 0.8320000000000001 0.36281859070464767 0.8099999999999999 0.3553223388305847 0.765 0.3523238380809595 0.7270000000000001 0.36881559220389803 0.692 0.36731634182908546 0.6759999999999999 0.36131934032983504 0.642 0.36281859070464767 0.616 0.3553223388305847 0.591 0.3568215892053973 0.562 0.34032983508245873 0.554 0.32983508245877063 0.54 0.32533733133433285 0.501 0.3238380809595202 0.47300000000000003 0.34032983508245873 0.441 0.391304347826087 0.421 0.4032983508245877 0.418 0.41079460269865065 0.42400000000000004 0.43478260869565216