3 0.3 0.409375 0.30625 0.4125 0.309375 0.4203125 0.321875 0.425 0.3234375 0.4390625 0.3203125 0.440625 0.3171875 0.446875 0.315625 0.45625 0.30625 0.465625 0.30625 0.4703125 0.3015625 0.4734375 0.2953125 0.4828125 0.2859375 0.5046875 0.284375 0.515625 0.28125 0.5203125 0.2828125 0.521875 0.2796875 0.5265625 0.28125 0.53125 0.278125 0.5328125 0.2796875 0.5359375 0.271875 0.559375 0.2703125 0.565625 0.271875 0.56875 0.2578125 0.6203125 0.2546875 0.640625 0.25625 0.64375 0.253125 0.6515625 0.2546875 0.6578125 0.2515625 0.659375 0.253125 0.6640625 0.2484375 0.6734375 0.2296875 0.6859375 0.2234375 0.6875 0.221875 0.690625 0.2125 0.6890625 0.209375 0.690625 0.2046875 0.6875 0.1953125 0.665625 0.196875 0.6625 0.1953125 0.6578125 0.2015625 0.6328125 0.2046875 0.63125 0.203125 0.6265625 0.20625 0.625 0.2046875 0.6203125 0.2078125 0.6171875 0.20625 0.6140625 0.2125 0.596875 0.2109375 0.5953125 0.2125 0.5890625 0.215625 0.5859375 0.2140625 0.5765625 0.2171875 0.559375 0.215625 0.55625 0.21875 0.553125 0.2171875 0.55 0.2203125 0.5484375 0.2203125 0.54375 0.2234375 0.5421875 0.221875 0.5375 0.225 0.5359375 0.2296875 0.5140625 0.2390625 0.5046875 0.2453125 0.478125 0.25 0.475 0.25625 0.465625 0.2578125 0.4625 0.25625 0.459375 0.259375 0.4578125 0.259375 0.453125 0.2671875 0.4375 0.28125 0.415625 0.284375 0.4140625 0.2875 0.415625 0.2984375 0.409375
3 0.8328125 0.4203125 0.8390625 0.4234375 0.840625 0.4390625 0.83125 0.4546875 0.8296875 0.459375 0.83125 0.4625 0.828125 0.4640625 0.8265625 0.475 0.8234375 0.478125 0.825 0.4796875 0.81875 0.490625 0.8203125 0.49375 0.8171875 0.5 0.815625 0.5125 0.8125 0.5171875 0.8125 0.5234375 0.809375 0.5265625 0.8078125 0.5375 0.79375 0.5578125 0.7953125 0.559375 0.7921875 0.565625 0.79375 0.5671875 0.7890625 0.578125 0.790625 0.58125 0.7875 0.5828125 0.7859375 0.5890625 0.7875 0.5921875 0.7828125 0.6015625 0.784375 0.603125 0.78125 0.6078125 0.7828125 0.6109375 0.7796875 0.6140625 0.78125 0.6171875 0.778125 0.6203125 0.7796875 0.621875 0.7765625 0.628125 0.778125 0.63125 0.775 0.6328125 0.775 0.640625 0.76875 0.659375 0.7703125 0.6609375 0.7671875 0.665625 0.76875 0.6671875 0.7640625 0.6859375 0.7609375 0.6921875 0.7515625 0.6984375 0.7453125 0.6921875 0.746875 0.684375 0.7453125 0.6796875 0.7484375 0.6671875 0.7421875 0.6609375 0.74375 0.659375 0.7390625 0.65 0.740625 0.6453125 0.7390625 0.6421875 0.740625 0.6296875 0.7390625 0.628125 0.7421875 0.625 0.740625 0.621875 0.74375 0.6203125 0.7453125 0.6109375 0.7578125 0.5875 0.75625 0.584375 0.759375 0.5828125 0.7578125 0.5796875 0.7609375 0.5734375 0.759375 0.571875 0.7625 0.56875 0.7640625 0.5625 0.7625 0.5609375 0.7671875 0.55 0.765625 0.546875 0.76875 0.54375 0.7703125 0.5375 0.76875 0.5359375 0.771875 0.53125 0.7703125 0.528125 0.7734375 0.5265625 0.771875 0.521875 0.775 0.5203125 0.7734375 0.515625 0.7765625 0.5140625 0.775 0.5125 0.778125 0.5078125 0.7828125 0.484375 0.7859375 0.4828125 0.790625 0.465625 0.7984375 0.4515625 0.8 0.440625 0.8078125 0.4296875 0.815625 0.428125 0.8203125 0.4234375 0.825 0.425 0.83125 0.4203125
3 0.7390625 0.41875 0.74375 0.421875 0.7484375 0.41875 0.7546875 0.4203125 0.759375 0.428125 0.7609375 0.4265625 0.7703125 0.428125 0.7734375 0.434375 0.771875 0.4375 0.7734375 0.44375 0.765625 0.459375 0.7671875 0.4625 0.7640625 0.4640625 0.765625 0.465625 0.7609375 0.4765625 0.7625 0.4796875 0.759375 0.4828125 0.7609375 0.484375 0.7578125 0.4875 0.759375 0.4890625 0.75625 0.4953125 0.7578125 0.4984375 0.7546875 0.5 0.7546875 0.5046875 0.7515625 0.50625 0.7484375 0.5234375 0.7453125 0.528125 0.746875 0.5296875 0.74375 0.53125 0.74375 0.5359375 0.7390625 0.54375 0.7359375 0.55625 0.7375 0.5671875 0.7296875 0.5953125 0.73125 0.5984375 0.728125 0.6015625 0.715625 0.65625 0.7078125 0.665625 0.6984375 0.6609375 0.7 0.659375 0.696875 0.65625 0.6984375 0.653125 0.6953125 0.646875 0.6859375 0.65625 0.678125 0.6546875 0.6765625 0.65 0.678125 0.64375 0.6765625 0.640625 0.6796875 0.6375 0.678125 0.6359375 0.678125 0.6109375 0.671875 0.5953125 0.671875 0.58125 0.6828125 0.5375 0.6890625 0.528125 0.69375 0.5171875 0.696875 0.5 0.703125 0.4921875 0.703125 0.4875 0.70625 0.4828125 0.70625 0.4765625 0.709375 0.4703125 0.7078125 0.46875 0.7109375 0.4671875 0.709375 0.4625 0.7125 0.4578125 0.7109375 0.45625 0.7140625 0.4515625 0.7171875 0.4375 0.7203125 0.4359375 0.721875 0.4265625 0.7265625 0.4203125 0.734375 0.4171875 0.7375 0.41875
1 0.38125 0.4734375 0.3859375 0.475 0.3890625 0.4796875 0.39375 0.478125 0.4046875 0.4828125 0.409375 0.4953125 0.40625 0.5046875 0.3921875 0.521875 0.390625 0.5265625 0.3921875 0.528125 0.3890625 0.5328125 0.390625 0.5359375 0.3875 0.5390625 0.3890625 0.54375 0.3859375 0.5453125 0.384375 0.559375 0.3796875 0.5703125 0.38125 0.5734375 0.378125 0.5765625 0.375 0.5921875 0.3703125 0.596875 0.36875 0.60625 0.365625 0.6078125 0.3625 0.6140625 0.3546875 0.65 0.3484375 0.6578125 0.3390625 0.6984375 0.334375 0.703125 0.3328125 0.7015625 0.328125 0.703125 0.3234375 0.69375 0.321875 0.6859375 0.3234375 0.68125 0.321875 0.6796875 0.31875 0.68125 0.315625 0.678125 0.3125 0.6640625 0.315625 0.6515625 0.3140625 0.640625 0.3265625 0.590625 0.3296875 0.5890625 0.3328125 0.571875 0.3515625 0.5265625 0.353125 0.515625 0.3625 0.496875 0.36875 0.490625 0.375 0.4765625 0.3796875 0.475
1 0.6140625 0.3640625 0.615625 0.365625 0.6203125 0.3640625 0.625 0.3671875 0.6328125 0.365625 0.6375 0.371875 0.6359375 0.3765625 0.6375 0.38125 0.6328125 0.3890625 0.6328125 0.39375 0.6296875 0.3953125 0.621875 0.4234375 0.61875 0.4265625 0.6171875 0.4375 0.6125 0.44375 0.6125 0.45 0.596875 0.5078125 0.596875 0.51875 0.59375 0.525 0.5859375 0.5296875 0.5703125 0.5265625 0.56875 0.5234375 0.5671875 0.525 0.5625 0.525 0.5609375 0.521875 0.55625 0.5234375 0.5515625 0.515625 0.5515625 0.5078125 0.553125 0.5015625 0.559375 0.49375 0.575 0.4265625 0.578125 0.4203125 0.58125 0.41875 0.5859375 0.4015625 0.5890625 0.4 0.590625 0.390625 0.5953125 0.3828125 0.596875 0.371875 0.603125 0.3640625 0.60625 0.3625 0.6125 0.3640625
1 0.6703125 0.39375 0.675 0.3921875 0.68125 0.39375 0.684375 0.4 0.6828125 0.403125 0.6859375 0.4046875 0.6890625 0.4140625 0.6875 0.4203125 0.6828125 0.4265625 0.68125 0.4375 0.678125 0.4390625 0.6703125 0.46875 0.6640625 0.4765625 0.6640625 0.48125 0.6609375 0.4875 0.6578125 0.4890625 0.6546875 0.5 0.6515625 0.5015625 0.653125 0.503125 0.65 0.5078125 0.6515625 0.5109375 0.6484375 0.5140625 0.65 0.51875 0.646875 0.5203125 0.6484375 0.525 0.6453125 0.5390625 0.646875 0.55 0.63125 0.6125 0.621875 0.6203125 0.615625 0.61875 0.615625 0.615625 0.6125 0.6140625 0.6140625 0.6109375 0.6109375 0.6078125 0.6125 0.603125 0.6109375 0.5796875 0.61875 0.553125 0.61875 0.5421875 0.6421875 0.4484375 0.6609375 0.4078125 0.6703125 0.3953125
9 0.546875 0.325 0.553125 0.328125 0.55625 0.3375 0.5609375 0.334375 0.565625 0.334375 0.5703125 0.3390625 0.56875 0.3421875 0.5703125 0.346875 0.565625 0.359375 0.5609375 0.3625 0.5609375 0.365625 0.5578125 0.3671875 0.5578125 0.3703125 0.5484375 0.384375 0.5421875 0.409375 0.54375 0.421875 0.540625 0.4296875 0.5421875 0.4328125 0.540625 0.446875 0.534375 0.471875 0.53125 0.4734375 0.5296875 0.4828125 0.521875 0.4984375 0.5171875 0.5203125 0.5125 0.5265625 0.503125 0.5265625 0.5 0.5328125 0.496875 0.534375 0.490625 0.534375 0.478125 0.525 0.4796875 0.5234375 0.478125 0.5109375 0.4875 0.475 0.4953125 0.4609375 0.5046875 0.41875 0.5140625 0.3984375 0.5234375 0.35625 0.5265625 0.35 0.5296875 0.3484375 0.53125 0.3390625 0.5359375 0.33125 0.5453125 0.325
7 0.4734375 0.50625 0.484375 0.509375 0.4859375 0.5125 0.484375 0.5296875 0.4796875 0.5375 0.475 0.559375 0.471875 0.5625 0.465625 0.5921875 0.4484375 0.6265625 0.446875 0.6359375 0.4421875 0.64375 0.428125 0.7 0.428125 0.7109375 0.41875 0.7203125 0.409375 0.7203125 0.384375 0.7140625 0.38125 0.7125 0.378125 0.70625 0.3828125 0.6859375 0.38125 0.68125 0.3890625 0.6546875 0.3890625 0.6484375 0.3921875 0.646875 0.39375 0.6421875 0.3984375 0.61875 0.409375 0.5921875 0.4203125 0.55 0.4234375 0.5484375 0.4234375 0.5453125 0.4328125 0.53125 0.4359375 0.5296875 0.440625 0.50625 0.4484375 0.5 0.453125 0.5 0.459375 0.5078125 0.471875 0.50625
4 0.5484375 0.5234375 0.5734375 0.528125 0.578125 0.5328125 0.5796875 0.5390625 0.578125 0.5484375 0.559375 0.5796875 0.5515625 0.615625 0.54375 0.6296875 0.5171875 0.740625 0.5109375 0.75 0.509375 0.7578125 0.5046875 0.7609375 0.50625 0.771875 0.5015625 0.7953125 0.49375 0.8015625 0.490625 0.8015625 0.4859375 0.796875 0.4828125 0.7859375 0.4828125 0.775 0.4796875 0.7703125 0.48125 0.7671875 0.478125 0.7640625 0.4796875 0.7625 0.478125 0.759375 0.4796875 0.74375 0.5125 0.6125 0.51875 0.603125 0.5265625 0.56875 0.5296875 0.5671875 0.53125 0.5578125 0.534375 0.55625 0.5375 0.5375 0.540625 0.5359375 0.54375 0.528125 0.5484375 0.525
0 0.18836763293014164 0.6426841129631953 0.21386269981454892 0.6620044405227798 0.2444392458106413 0.6696280296698283 0.26226825836452994 0.6675914550370842 0.26786665251998165 0.662505444745521 0.30404159267152575 0.665043023601006 0.38649095593152893 0.7034250371733599 0.424840867187586 0.7146072056374135 0.4583823687415053 0.7537588131782011 0.4853989569818854 0.7669766518932828 0.4955911389805828 0.7695178482756322 0.4977514981974321 0.7651951012804898 0.49762957538032226 0.7700260875521021 0.519033157577587 0.775362599955036 0.5442405431647834 0.7654428902467119 0.5752755566539876 0.727807861099889 0.5882377119550835 0.7018713791290347 0.6033894502483561 0.69754682337046 0.6011998672561794 0.6759348971581802 0.60997783882835 0.6667802595097094 0.6137816422182819 0.6515240373984517 0.6066178910438662 0.6238105267233849 0.6036237117107119 0.5663478351222235 0.5968549527629532 0.550076038839742 0.5750563783390317 0.5332978120442229 0.5330099746224888 0.5195735428161035 0.49901000557545777 0.5256805535691872 0.473149170239721 0.5208531848244394 0.42013521195883047 0.4946716270325112 0.3664970277047273 0.4796776639949332 0.34266001688106623 0.4623911979229443 0.3124346274486397 0.42730731335734795 0.28707609526900585 0.4161233361298621 0.25867452037742655 0.4171443365913824 0.23970436680655832 0.4237577778575038 0.1978529453454439 0.47003920537632765 0.1755812915407468 0.4855522602709687 0.16948059422919204 0.4969948790452701 0.16596447213647103 0.5414911384244364 0.17533241819072715 0.6037839119154942 0.17343051649576122 0.6114120229711231 0.18836763293014164 0.6426841129631953
0 0.44522067472891724 0.4895829035957995 0.44931215941605984 0.5035667187524503 0.4946746752540953 0.5213587109557609 0.5211597365630449 0.5149984849461584 0.5437044597772892 0.515758130715715 0.5765778996950044 0.5271953231997197 0.6002929877015556 0.5493127755433209 0.6142254978237299 0.5932980825008694 0.6857073065193857 0.6192228075094142 0.7119631340817794 0.6354918906467474 0.721531090107264 0.649220681783447 0.7416716084704392 0.6639650470913707 0.7758227241099076 0.6789617232740969 0.8119976642614516 0.6814993021295819 0.8709027257108046 0.6232652077965545 0.8905117171425495 0.6184315083797939 0.8976316326539738 0.6072430092437274 0.8998993028002692 0.5851219393732616 0.89606627563501 0.5744434882770972 0.8989727836421821 0.5541021602559921 0.9042054093463043 0.5635091087792659 0.8881906271613991 0.4801135527341144 0.8727512075709155 0.45519807122478034 0.8522303088687473 0.44197932812798263 0.8071262505525951 0.42749269998515854 0.7642117752286197 0.4346179980546142 0.728919518572172 0.4241981885052654 0.7141335487302287 0.4140297854490031 0.6790997495956643 0.4069153399601408 0.6545019780940169 0.3926801183104033 0.62864114275828 0.38785274956565546 0.6032679986909825 0.36370143573445846 0.5977769154649769 0.3509891231506984 0.58464900168378 0.34285458158203186 0.5452798722278531 0.33141829347974316 0.5125575789025751 0.34108478793154834 0.46700966498097507 0.3848241146863066 0.4435822582716346 0.39194669961061396 0.4386227019770595 0.398812451751538 0.438651925752387 0.4247471249589602 0.43458966484057165 0.4366979830097315 0.44671297230956253 0.4575457415438743 0.44522067472891724 0.4895829035957995