3 0.7671875 0.271875 0.771875 0.275 0.775 0.2734375 0.78125 0.278125 0.790625 0.296875 0.790625 0.3125 0.7859375 0.33125 0.7875 0.334375 0.784375 0.340625 0.7859375 0.34375 0.7828125 0.35 0.784375 0.3546875 0.78125 0.3625 0.7828125 0.3640625 0.78125 0.3765625 0.778125 0.3796875 0.78125 0.4015625 0.778125 0.421875 0.775 0.425 0.7765625 0.4296875 0.771875 0.4390625 0.7734375 0.44375 0.7703125 0.45 0.7703125 0.45625 0.7640625 0.4640625 0.7609375 0.4734375 0.7625 0.475 0.759375 0.48125 0.7609375 0.4875 0.7578125 0.490625 0.7578125 0.4953125 0.753125 0.5046875 0.75 0.50625 0.7484375 0.521875 0.728125 0.5609375 0.725 0.559375 0.715625 0.5671875 0.709375 0.5671875 0.7046875 0.5640625 0.7 0.55625 0.69375 0.5578125 0.6875 0.5546875 0.6859375 0.540625 0.6875 0.53125 0.690625 0.528125 0.690625 0.521875 0.6984375 0.5125 0.703125 0.5 0.7078125 0.4953125 0.7125 0.478125 0.715625 0.475 0.7140625 0.4671875 0.7171875 0.4625 0.715625 0.4546875 0.71875 0.45 0.7171875 0.4421875 0.7203125 0.440625 0.71875 0.4328125 0.721875 0.4296875 0.7203125 0.4234375 0.7234375 0.41875 0.721875 0.4140625 0.725 0.4046875 0.7234375 0.3984375 0.7328125 0.3375 0.73125 0.3359375 0.73125 0.3203125 0.7328125 0.31875 0.73125 0.3109375 0.734375 0.3078125 0.7328125 0.3015625 0.7390625 0.2890625 0.7421875 0.2890625 0.75625 0.2765625 0.7609375 0.2765625 0.7625 0.2734375 0.765625 0.2734375
3 0.225 0.3234375 0.2296875 0.3296875 0.2296875 0.340625 0.2265625 0.353125 0.234375 0.3578125 0.2359375 0.365625 0.240625 0.371875 0.2390625 0.3796875 0.2421875 0.39375 0.2390625 0.4 0.2390625 0.40625 0.2359375 0.409375 0.2359375 0.41875 0.2328125 0.4203125 0.228125 0.4359375 0.2296875 0.4390625 0.2265625 0.4421875 0.228125 0.4484375 0.2234375 0.4671875 0.225 0.471875 0.221875 0.4796875 0.2234375 0.4828125 0.2203125 0.4875 0.221875 0.496875 0.21875 0.4984375 0.2203125 0.50625 0.2140625 0.5234375 0.215625 0.5296875 0.2125 0.5328125 0.2140625 0.5375 0.2109375 0.5421875 0.2109375 0.55 0.20625 0.5578125 0.2078125 0.559375 0.2046875 0.5640625 0.2046875 0.5734375 0.2015625 0.575 0.2 0.5796875 0.2015625 0.5828125 0.1984375 0.5859375 0.1984375 0.596875 0.1921875 0.603125 0.178125 0.609375 0.1765625 0.6078125 0.1734375 0.6125 0.1625 0.6109375 0.159375 0.5953125 0.1671875 0.5796875 0.165625 0.571875 0.16875 0.5703125 0.16875 0.5609375 0.171875 0.553125 0.1703125 0.5515625 0.175 0.54375 0.1734375 0.5390625 0.1765625 0.5359375 0.175 0.528125 0.1765625 0.5171875 0.1796875 0.5125 0.178125 0.50625 0.18125 0.503125 0.1828125 0.4890625 0.19375 0.4703125 0.1921875 0.4671875 0.1984375 0.4375 0.196875 0.4328125 0.2 0.425 0.1984375 0.4203125 0.2015625 0.4140625 0.2 0.409375 0.2046875 0.3921875 0.203125 0.3875 0.20625 0.3828125 0.2046875 0.3734375 0.2078125 0.371875 0.20625 0.3625 0.209375 0.3609375 0.2078125 0.359375 0.209375 0.3578125 0.2078125 0.35625 0.209375 0.340625 0.215625 0.325 0.2234375 0.3234375
3 0.26875 0.3515625 0.278125 0.3515625 0.2828125 0.371875 0.2921875 0.359375 0.3015625 0.3609375 0.3046875 0.3671875 0.303125 0.36875 0.3046875 0.3984375 0.3125 0.4140625 0.3125 0.41875 0.315625 0.421875 0.3140625 0.4265625 0.315625 0.434375 0.3125 0.4375 0.3140625 0.4453125 0.3109375 0.45 0.3125 0.4546875 0.309375 0.4625 0.3109375 0.4671875 0.3078125 0.475 0.309375 0.4765625 0.3015625 0.496875 0.3 0.5140625 0.290625 0.5375 0.2859375 0.5796875 0.2828125 0.590625 0.2796875 0.5921875 0.2796875 0.6 0.275 0.6046875 0.26875 0.60625 0.259375 0.603125 0.2515625 0.60625 0.246875 0.6046875 0.24375 0.5984375 0.2328125 0.6 0.2296875 0.596875 0.228125 0.5828125 0.2359375 0.553125 0.234375 0.5453125 0.2375 0.5421875 0.2359375 0.540625 0.2390625 0.5296875 0.2375 0.5265625 0.2421875 0.5140625 0.240625 0.5109375 0.24375 0.509375 0.2421875 0.5046875 0.246875 0.49375 0.2453125 0.4921875 0.2515625 0.4765625 0.253125 0.4625 0.25 0.4484375 0.253125 0.4421875 0.2515625 0.4328125 0.2578125 0.3984375 0.2578125 0.3875 0.2609375 0.3859375 0.259375 0.38125 0.2625 0.375 0.2609375 0.365625 0.2640625 0.3625 0.2640625 0.3578125 0.26875 0.353125
1 0.6515625 0.271875 0.6578125 0.278125 0.65625 0.28125 0.659375 0.2921875 0.665625 0.29375 0.6703125 0.303125 0.6703125 0.309375 0.6734375 0.315625 0.6703125 0.328125 0.671875 0.3296875 0.6703125 0.3390625 0.671875 0.3484375 0.66875 0.3703125 0.665625 0.371875 0.665625 0.38125 0.6609375 0.39375 0.659375 0.415625 0.653125 0.428125 0.653125 0.4375 0.65 0.4484375 0.646875 0.45 0.6453125 0.46875 0.6421875 0.471875 0.6421875 0.478125 0.6328125 0.49375 0.628125 0.5078125 0.6234375 0.5109375 0.6171875 0.5109375 0.6140625 0.50625 0.60625 0.5078125 0.6015625 0.5046875 0.596875 0.5046875 0.59375 0.5 0.5921875 0.490625 0.5953125 0.4796875 0.6046875 0.4671875 0.6125 0.4015625 0.615625 0.390625 0.61875 0.3875 0.61875 0.3796875 0.621875 0.378125 0.625 0.3671875 0.628125 0.3359375 0.6359375 0.321875 0.640625 0.2796875 0.6453125 0.2734375 0.65 0.271875
1 0.4234375 0.478125 0.434375 0.48125 0.4375 0.4796875 0.44375 0.4859375 0.4453125 0.490625 0.4390625 0.5140625 0.43125 0.578125 0.4265625 0.584375 0.4265625 0.5890625 0.4234375 0.5921875 0.4234375 0.6 0.4171875 0.6125 0.4125 0.6421875 0.40625 0.6484375 0.3859375 0.6453125 0.3828125 0.6484375 0.3765625 0.646875 0.3734375 0.6421875 0.371875 0.63125 0.38125 0.6078125 0.3828125 0.5890625 0.3859375 0.5859375 0.3859375 0.5765625 0.390625 0.5640625 0.4 0.496875 0.3984375 0.4875 0.4015625 0.4859375 0.4015625 0.4796875 0.40625 0.4765625 0.421875 0.478125
1 0.3671875 0.3890625 0.371875 0.39375 0.375 0.403125 0.3765625 0.415625 0.375 0.4375 0.3765625 0.440625 0.3734375 0.453125 0.3734375 0.4734375 0.3609375 0.5625 0.3578125 0.5734375 0.3546875 0.5765625 0.3546875 0.584375 0.3484375 0.596875 0.3484375 0.6015625 0.34375 0.6078125 0.3390625 0.621875 0.33125 0.6265625 0.3234375 0.6203125 0.3234375 0.615625 0.3171875 0.609375 0.3171875 0.596875 0.3203125 0.59375 0.3203125 0.5828125 0.3234375 0.578125 0.325 0.5609375 0.328125 0.559375 0.3296875 0.54375 0.3359375 0.5359375 0.3359375 0.528125 0.3390625 0.525 0.34375 0.5109375 0.3421875 0.509375 0.3453125 0.5046875 0.34375 0.5015625 0.346875 0.4921875 0.3453125 0.4609375 0.3546875 0.3953125 0.3609375 0.3890625 0.365625 0.3890625
9 0.515625 0.4671875 0.51875 0.484375 0.5140625 0.5171875 0.509375 0.5296875 0.5046875 0.5734375 0.5015625 0.578125 0.5015625 0.584375 0.4984375 0.5875 0.4984375 0.5953125 0.49375 0.6078125 0.490625 0.6390625 0.4859375 0.6515625 0.4859375 0.659375 0.4828125 0.6625 0.48125 0.671875 0.4765625 0.675 0.4734375 0.68125 0.465625 0.6796875 0.459375 0.6703125 0.4484375 0.6734375 0.44375 0.6640625 0.4453125 0.65 0.45625 0.634375 0.4578125 0.6265625 0.4609375 0.625 0.465625 0.5921875 0.4625 0.5828125 0.4640625 0.58125 0.4625 0.559375 0.4671875 0.528125 0.4703125 0.525 0.4703125 0.5171875 0.4734375 0.5140625 0.4734375 0.5046875 0.4765625 0.5015625 0.478125 0.4828125 0.48125 0.4734375 0.4921875 0.471875 0.4984375 0.4625 0.50625 0.4625 0.5140625 0.4671875
7 0.553125 0.265625 0.559375 0.2625 0.5890625 0.265625 0.5953125 0.2671875 0.6015625 0.275 0.6015625 0.2875 0.5953125 0.321875 0.5921875 0.3546875 0.5859375 0.3703125 0.584375 0.3859375 0.58125 0.3890625 0.578125 0.4203125 0.575 0.425 0.571875 0.4421875 0.559375 0.4671875 0.5578125 0.4859375 0.5546875 0.4875 0.5546875 0.490625 0.5453125 0.4921875 0.5421875 0.490625 0.540625 0.4859375 0.5296875 0.4890625 0.5140625 0.4859375 0.509375 0.478125 0.509375 0.4734375 0.51875 0.4390625 0.5234375 0.3984375 0.528125 0.3921875 0.5296875 0.378125 0.534375 0.3703125 0.534375 0.3640625 0.5390625 0.359375 0.5390625 0.3515625 0.5421875 0.3484375 0.5515625 0.284375 0.55 0.2734375 0.553125 0.2671875
4 0.4765625 0.190625 0.48125 0.19375 0.484375 0.2 0.4828125 0.2015625 0.4875 0.209375 0.4859375 0.2171875 0.4890625 0.21875 0.490625 0.2296875 0.49375 0.234375 0.471875 0.390625 0.46875 0.3953125 0.4671875 0.4125 0.4640625 0.415625 0.4609375 0.4421875 0.45625 0.4484375 0.4546875 0.465625 0.45 0.475 0.4421875 0.4796875 0.4203125 0.4765625 0.4140625 0.4671875 0.4171875 0.446875 0.4265625 0.4328125 0.4328125 0.390625 0.4359375 0.3875 0.4359375 0.378125 0.440625 0.365625 0.4421875 0.3453125 0.446875 0.3328125 0.453125 0.2875 0.4546875 0.25625 0.4578125 0.2515625 0.4578125 0.2453125 0.4625 0.240625 0.4625 0.234375 0.465625 0.2328125 0.4640625 0.2265625 0.465625 0.221875 0.4625 0.215625 0.4640625 0.2 0.46875 0.1921875 0.475 0.190625
0 0.7725732715711522 0.3028977104495096 0.7406976899592992 0.29841788960315563 0.722802375901616 0.30239693521870076 0.7176572944886738 0.3081679091727876 0.6806366314638786 0.30945906228052034 0.5927837441915393 0.27925345719844863 0.5526317584493657 0.27198694660966677 0.5143822513241959 0.23576450599659152 0.4855267123511613 0.2252150564730604 0.4749015184805437 0.22372178285760908 0.4731677461949606 0.22834866804626444 0.4727764797064201 0.22342312813451884 0.45046357257812286 0.22028725354207096 0.4259131557880883 0.23307208745029145 0.39839774099398817 0.27466352402126015 0.3879951072804903 0.30242483515319235 0.37306360041781855 0.30844393370343975 0.3775924735669924 0.3301861462851246 0.36965110048140554 0.34043467806632155 0.3674135908196682 0.35635538656698984 0.3776463273926914 0.3837697758681459 0.38681535376959886 0.4418814934052072 0.39542678894465294 0.45770340467126014 0.41936099747091926 0.4724317572988112 0.46353930979516617 0.4818876481838405 0.4974286501025829 0.4720388313795931 0.524215385745301 0.4741799445681546 0.5808639443043084 0.49512951625367163 0.6369537208524084 0.5046359372656306 0.6630129681527984 0.519662944616272 0.6974598996620686 0.5521039340830329 0.7244141508271533 0.560762658033407 0.7531584097216281 0.5566848151832463 0.7717249766778326 0.5479295570175007 0.809306803331643 0.4963882433884252 0.8302783954719517 0.47822988748382367 0.8352559613625271 0.46594130276792445 0.8340833527059592 0.42031802743523716 0.8179241925519669 0.3579768766672262 0.8190429473828356 0.3500165224168921 0.800533806679492 0.31981544337330814 0.7725732715711522 0.3028977104495096
0 0.5502746330456907 0.48920695191879593 0.5022937451055443 0.47596960988745246 0.4760657914737337 0.485271647372449 0.45308163144691527 0.4869119853302017 0.4184659936062243 0.47880004069907856 0.3920154798172939 0.4588474934366915 0.3731713080692166 0.41561119286948267 0.2977886670316378 0.3968992685878988 0.26938062999095064 0.383165677364234 0.2581966541094256 0.3702292530752246 0.23616373339110908 0.35739162602083063 0.1998705587086421 0.34579688496648353 0.16284989568384686 0.34708803807421634 0.10921780733649611 0.4126088045038734 0.08981247195940355 0.41962266445800694 0.08377238668176656 0.4317619218123611 0.08382743131651946 0.45449889579793223 0.08886004184184768 0.464947285067604 0.08807631805571273 0.4859428608415632 0.08175743717714895 0.4769372150604131 0.106919298994736 0.5600258170062224 0.12526092417571277 0.5837092852879939 0.14751759586020302 0.594954841492321 0.1948834663456352 0.6048587144619858 0.23772046368189365 0.5930203748499657 0.27468489126288187 0.5998389033541123 0.29079019759117525 0.6085964245391018 0.3271396077174492 0.6120814839815695 0.35364635695018654 0.6239243496320771 0.38043309259290453 0.6260654628206387 0.4087848941897848 0.6479087356561828 0.41571879252306276 0.6602478504990117 0.4299228110434063 0.667114646110844 0.47113731617264154 0.6745304840611712 0.5033491196382823 0.6611988708336998 0.5449572728741661 0.6118469375008717 0.5679976683447915 0.6020969179312398 0.5723039813368456 0.594584545765541 0.5695088804732548 0.5682154479952009 0.5723614075897063 0.5556282085562112 0.5578223580246292 0.5357261914207541 0.5559222610257334 0.5029888102501465 0.5502746330456907 0.48920695191879593