9 0.6331775393336773 0.23710974171967342 0.6555096029923598 0.240987008820808 0.6785183334994368 0.0877720830532196 0.6514376896251517 0.08618062394360075 0.6331775393336773 0.23710974171967342
9 0.5714740741242347 0.09855652540563975 0.5549193825434373 0.22684997527601883 0.6016410948992355 0.23046472982755756 0.6152889850121956 0.09659672456615294 0.5692790244797962 0.08791759264055168 0.5714740741242347 0.09855652540563975
7 0.47551922966834753 0.21421523456462116 0.5136704188890557 0.22105281149342343 0.5282569154586139 0.09100697290247269 0.4958944958487487 0.08498295448667817 0.47551922966834753 0.21421523456462116
4 0.3913815449201872 0.2090322621574447 0.41474319713351127 0.2108397513086972 0.4254967024410501 0.0765649667907887 0.4017280472202559 0.07765345451580793 0.3913815449201872 0.2090322621574447
4 0.40021950320484667 0.37905680678123777 0.40320230004951946 0.33308888388358404 0.40821712096149954 0.2891469535659318 0.4132515177004087 0.2533253594394281 0.41475168424981845 0.23440304628154246 0.3907018714309284 0.2281234641557929 0.3775833297639951 0.28020326691874015 0.36722072398220157 0.32919281780247267 0.3732569567017028 0.37700625469443305 0.3910425312726407 0.3783466630539948 0.40021950320484667 0.37905680678123777
4 0.6053267835982363 0.5534196893887645 0.5853066353205321 0.7123781452326362 0.6111326669876943 0.7142673470587428 0.6298471028595972 0.5522274074627296 0.6043500269521028 0.5521216005411187 0.6053267835982363 0.5534196893887645
9 0.65 0.3375 0.05625 0.1484375
9 0.578125 0.3265625 0.0515625 0.134375
9 0.4875 0.31796875 0.05625 0.1375
9 0.49765625 0.8546875 0.040625 0.134375
6 0.4375 0.8421875 0.0453125 0.1359375
2 0.37890625 0.83515625 0.0421875 0.1359375
3 0.56875 0.85625 0.0515625 0.159375
3 0.3234375 0.8203125 0.0375 0.1546875
3 0.36328125 0.6 0.0546875 0.1546875
1 0.44296875 0.62109375 0.0546875 0.15625
7 0.52890625 0.62734375 0.0625 0.1515625
0 0.4044412724532531 0.6716510343959745 0.4294927182088256 0.6897834384715295 0.48678145472438095 0.6864702263371425 0.537082283114849 0.7097747167215442 0.585739412481549 0.710118962306489 0.6028046898999367 0.715764364634534 0.6486993654119998 0.701108719670356 0.6579764113725257 0.6813068024841821 0.6820295969160007 0.6603345022934382 0.6873996201041704 0.6221248018918342 0.6741122950238856 0.5780459481960116 0.656349950620126 0.5658085115015258 0.6235877156672437 0.5563335286616768 0.5635623393839022 0.5560150971635827 0.42642049531198084 0.538364584922708 0.3765929829407108 0.5232441997548141 0.33771202964058566 0.5226503891168449 0.30908056842623327 0.5299911186423593 0.27482951897068686 0.5657653725029027 0.27082781566641023 0.6057908947207473 0.2843130776260181 0.6369094306498615 0.30687744866682876 0.6611863671595101 0.35078417957017893 0.6722276067625753 0.4044412724532531 0.6716510343959745
0 0.40080971546117594 0.37403704178087926 0.41192839732479314 0.3642350516274539 0.43148074945794257 0.3637359215214051 0.4863082253455867 0.3779354887377533 0.4981239741945759 0.37472553295076894 0.5067813954302818 0.38243632214807866 0.5270050004619525 0.37716097949182936 0.5354386707314849 0.386463839539206 0.5424782070302735 0.3825826308537005 0.5493198064497389 0.3916617399349033 0.5663850838681266 0.39730714226294805 0.5897928305999309 0.39247930153904625 0.6537252296556286 0.4112055162525706 0.6636993426015265 0.3979956334328378 0.680988370986088 0.4020489649108157 0.7023049167617768 0.3774450210875907 0.7212548824414746 0.31192055118182604 0.7088883753127355 0.27284166100237783 0.6636133245254923 0.25998459958307213 0.6072454059614826 0.26829777523383325 0.452590782538826 0.2481860023650475 0.4298284746186923 0.23686938362210724 0.3802505273004466 0.2315251745207881 0.35865860238488284 0.23498469536079694 0.335973736725301 0.2577728173677813 0.3258016869000801 0.28394301795422255 0.3291148990344671 0.34123175446977794 0.33802188532319755 0.3587187197336624 0.36829704556131804 0.37433823500760505 0.40080971546117594 0.37403704178087926
0 0.6082867185317993 0.22623268023357435 0.6535617693190425 0.2390897416528802 0.698811006019435 0.2405785561555443 0.7128900786170121 0.23281613878453325 0.7178384139596851 0.2091588269997045 0.7394045247883982 0.19433105924305422 0.7509190804106615 0.15860843355621196 0.7239743705782964 0.10773960861462539 0.705988275208363 0.09709424277020631 0.6598182205564249 0.09060546475116782 0.6159631178267763 0.10230071898138578 0.5832008828738939 0.09282573614153691 0.5634247797745706 0.09491693709765237 0.4048889476664085 0.06776562793007815 0.36173091192213164 0.0860529165267371 0.33678272251396174 0.11339350011774832 0.32934731245652704 0.1431953443366707 0.35858116012433083 0.20087995461087216 0.41363238697814886 0.21348745097715355 0.43567181382606 0.20684378843701112 0.6082867185317993 0.22623268023357435
0 0.28694637440599763 0.8954187189986577 0.3458529958584705 0.9036975047470859 0.3965496980075847 0.9010813595980709 0.4147595443436917 0.9101346545924232 0.46000878104408427 0.9116234690950872 0.5289411436161562 0.929428865857066 0.5769270200843349 0.9345493239922111 0.6148871554329146 0.9301431711138063 0.6561777411872496 0.8904877085677573 0.6617715153415931 0.8506859373160862 0.6339059875576825 0.7948171488581254 0.585894297002653 0.7783284438063385 0.5351975948535388 0.7809445889553536 0.5135798558511243 0.7730358628787207 0.5015403560359614 0.7778378895157718 0.4753701554495203 0.767665839690551 0.45992276296805007 0.7736124352453215 0.4257922081312747 0.762321630589232 0.3916874673813501 0.7623990728497839 0.38303004614564395 0.7546882836524741 0.36643808474645445 0.7572269865409373 0.3388995642761201 0.7452391148994759 0.30183443279223543 0.7432769843776135 0.27275546964553565 0.7538018556032615 0.22124120589227841 0.7968910249024685 0.21788494139967232 0.8207720876534712 0.222239466104376 0.8359957291687674 0.24273845027592178 0.8518648094957346 0.25689496513405086 0.8782071328746481 0.28694637440599763 0.8954187189986577