0 0.16171875 0.209375 0.1828125 0.1515625
3 0.6890625 0.5140625 0.6984375 0.5140625 0.6984375 0.5328125 0.709375 0.534375 0.7109375 0.54375 0.7203125 0.5453125 0.7203125 0.5640625 0.721875 0.565625 0.73125 0.5640625 0.73125 0.5734375 0.7421875 0.575 0.74375 0.5859375 0.7640625 0.5859375 0.7640625 0.6046875 0.765625 0.60625 0.775 0.6046875 0.775 0.6140625 0.765625 0.615625 0.7640625 0.625 0.7453125 0.625 0.7453125 0.60625 0.734375 0.6046875 0.734375 0.596875 0.73125 0.59375 0.7234375 0.5953125 0.7234375 0.5875 0.7140625 0.5859375 0.7109375 0.575 0.7015625 0.575 0.7015625 0.55625 0.690625 0.5546875 0.6890625 0.515625
3 0.8515625 0.6859375 0.8609375 0.6859375 0.8625 0.6953125 0.871875 0.6953125 0.871875 0.7140625 0.88125 0.715625 0.8828125 0.7359375 0.89375 0.7375 0.89375 0.7546875 0.896875 0.7578125 0.9046875 0.7578125 0.90625 0.775 0.915625 0.7765625 0.915625 0.8046875 0.9171875 0.80625 0.909375 0.8078125 0.9078125 0.80625 0.9078125 0.7890625 0.896875 0.7875 0.896875 0.778125 0.8859375 0.7765625 0.8859375 0.76875 0.8765625 0.7671875 0.8734375 0.75625 0.8640625 0.75625 0.8625 0.746875 0.853125 0.746875 0.853125 0.728125 0.84375 0.7265625 0.8421875 0.71875 0.8421875 0.7078125 0.8515625 0.70625 0.8515625 0.6875
3 0.546875 0.3625 0.5484375 0.38125 0.5578125 0.3828125 0.559375 0.39375 0.56875 0.39375 0.5703125 0.4046875 0.5796875 0.4046875 0.5828125 0.4140625 0.5890625 0.4125 0.5921875 0.4234375 0.6015625 0.4234375 0.6015625 0.4328125 0.6125 0.434375 0.6125 0.4421875 0.621875 0.44375 0.621875 0.453125 0.603125 0.453125 0.603125 0.44375 0.5921875 0.4421875 0.590625 0.4328125 0.5828125 0.434375 0.5828125 0.425 0.571875 0.4234375 0.5703125 0.4125 0.5609375 0.4125 0.5578125 0.403125 0.55 0.403125 0.5484375 0.3921875 0.5390625 0.39375 0.5375 0.3640625 0.5453125 0.3625
3 0.3765625 0.1921875 0.3859375 0.1921875 0.3859375 0.2 0.3953125 0.2015625 0.3953125 0.221875 0.396875 0.2234375 0.40625 0.221875 0.4078125 0.240625 0.41875 0.2421875 0.41875 0.2515625 0.428125 0.253125 0.4296875 0.2625 0.4390625 0.2625 0.4390625 0.2703125 0.4421875 0.2734375 0.45 0.2734375 0.4515625 0.28125 0.4609375 0.284375 0.4609375 0.290625 0.43125 0.2921875 0.43125 0.284375 0.421875 0.2828125 0.41875 0.2609375 0.3984375 0.2625 0.3984375 0.24375 0.3890625 0.2421875 0.3875 0.2234375 0.3765625 0.221875 0.3765625 0.19375
1 0.790625 0.75 0.8203125 0.7484375 0.821875 0.76875 0.8328125 0.7703125 0.834375 0.7796875 0.84375 0.7796875 0.84375 0.7890625 0.853125 0.790625 0.8546875 0.809375 0.865625 0.8109375 0.865625 0.8296875 0.85625 0.83125 0.8546875 0.840625 0.846875 0.840625 0.846875 0.821875 0.8359375 0.8203125 0.8359375 0.8125 0.8328125 0.809375 0.8234375 0.8078125 0.8234375 0.790625 0.821875 0.7890625 0.8140625 0.790625 0.8140625 0.78125 0.803125 0.7796875 0.8015625 0.7609375 0.790625 0.759375 0.790625 0.7515625
1 0.65 0.5578125 0.6578125 0.5578125 0.659375 0.5671875 0.66875 0.5671875 0.6703125 0.596875 0.68125 0.5984375 0.68125 0.60625 0.690625 0.6078125 0.6921875 0.61875 0.7015625 0.61875 0.703125 0.628125 0.7125 0.628125 0.7140625 0.6375 0.7234375 0.6390625 0.7234375 0.6578125 0.715625 0.6578125 0.7140625 0.6484375 0.69375 0.6484375 0.69375 0.640625 0.690625 0.6375 0.684375 0.6375 0.684375 0.6328125 0.68125 0.628125 0.6734375 0.628125 0.6703125 0.61875 0.6609375 0.61875 0.6609375 0.5984375 0.6515625 0.596875 0.65 0.559375
1 0.4875 0.396875 0.50625 0.3953125 0.5078125 0.40625 0.5171875 0.40625 0.5203125 0.415625 0.528125 0.415625 0.528125 0.4359375 0.5390625 0.4375 0.5390625 0.453125 0.5421875 0.4578125 0.5453125 0.45625 0.5515625 0.4578125 0.5515625 0.475 0.5609375 0.4765625 0.5609375 0.4984375 0.5625 0.5 0.5625 0.50625 0.5546875 0.50625 0.5546875 0.5015625 0.5515625 0.496875 0.54375 0.4984375 0.5421875 0.496875 0.5421875 0.478125 0.53125 0.4765625 0.53125 0.46875 0.521875 0.4671875 0.5203125 0.45625 0.509375 0.45625 0.5078125 0.4453125 0.5 0.446875 0.4984375 0.4453125 0.4984375 0.428125 0.4890625 0.4265625 0.4875 0.3984375
1 0.3265625 0.2453125 0.3453125 0.2453125 0.3453125 0.2640625 0.35625 0.265625 0.35625 0.2734375 0.359375 0.2765625 0.365625 0.275 0.3671875 0.29375 0.378125 0.2953125 0.378125 0.3046875 0.3890625 0.30625 0.3890625 0.315625 0.3984375 0.3171875 0.4 0.3234375 0.4 0.3359375 0.3921875 0.3359375 0.390625 0.325 0.38125 0.325 0.378125 0.315625 0.36875 0.315625 0.3671875 0.3046875 0.359375 0.30625 0.359375 0.2875 0.3484375 0.2859375 0.3453125 0.275 0.3359375 0.275 0.3359375 0.25625 0.3265625 0.2546875 0.3265625 0.246875
9 0.7609375 0.7734375 0.7703125 0.7734375 0.7703125 0.790625 0.7734375 0.79375 0.78125 0.7921875 0.7828125 0.803125 0.790625 0.803125 0.790625 0.8078125 0.79375 0.8125 0.803125 0.8125 0.8046875 0.8234375 0.8140625 0.8234375 0.8140625 0.840625 0.8171875 0.84375 0.8234375 0.8421875 0.825 0.853125 0.825 0.8625 0.815625 0.865625 0.815625 0.8734375 0.80625 0.8734375 0.8046875 0.8640625 0.7953125 0.8640625 0.79375 0.84375 0.784375 0.8421875 0.7828125 0.8328125 0.775 0.834375 0.7734375 0.8328125 0.7734375 0.8140625 0.7625 0.8125 0.7609375 0.809375 0.7609375 0.775
9 0.5984375 0.6 0.6078125 0.6 0.6078125 0.609375 0.61875 0.6109375 0.61875 0.628125 0.621875 0.63125 0.6296875 0.6328125 0.63125 0.6421875 0.6375 0.640625 0.640625 0.6421875 0.640625 0.659375 0.6515625 0.6609375 0.6515625 0.6703125 0.6609375 0.671875 0.6640625 0.6828125 0.6734375 0.6828125 0.6734375 0.7015625 0.6640625 0.7015625 0.6625 0.690625 0.64375 0.690625 0.64375 0.684375 0.640625 0.68125 0.6328125 0.6828125 0.63125 0.6625 0.621875 0.6609375 0.6203125 0.6515625 0.6109375 0.6515625 0.609375 0.640625 0.6 0.640625 0.5984375 0.6015625
9 0.446875 0.440625 0.45625 0.4390625 0.45625 0.446875 0.465625 0.4484375 0.465625 0.4546875 0.46875 0.459375 0.478125 0.459375 0.4796875 0.4703125 0.4890625 0.4703125 0.4890625 0.4890625 0.4984375 0.490625 0.5 0.5 0.509375 0.5 0.5125 0.509375 0.521875 0.509375 0.521875 0.51875 0.503125 0.51875 0.5015625 0.5203125 0.5015625 0.5109375 0.4921875 0.509375 0.4921875 0.503125 0.4890625 0.5 0.46875 0.5 0.46875 0.490625 0.459375 0.4890625 0.459375 0.4796875 0.4578125 0.478125 0.4484375 0.4796875 0.446875 0.4421875
9 0.2953125 0.278125 0.3140625 0.278125 0.315625 0.2796875 0.315625 0.296875 0.3171875 0.2984375 0.3265625 0.296875 0.3265625 0.3171875 0.3359375 0.31875 0.3359375 0.3234375 0.3390625 0.328125 0.3484375 0.328125 0.3484375 0.3484375 0.359375 0.35 0.359375 0.36875 0.3390625 0.36875 0.3390625 0.359375 0.3296875 0.3578125 0.328125 0.3484375 0.31875 0.3484375 0.3171875 0.3390625 0.3078125 0.3390625 0.3078125 0.3296875 0.2984375 0.328125 0.296875 0.325 0.296875 0.309375 0.2859375 0.3078125 0.2859375 0.2890625 0.2953125 0.2890625 0.296875 0.2875 0.2953125 0.2796875
4 0.3765625 0.5140625 0.396875 0.5140625 0.3984375 0.525 0.4171875 0.5234375 0.41875 0.534375 0.4375 0.534375 0.4375 0.5421875 0.4484375 0.54375 0.4515625 0.5546875 0.459375 0.553125 0.4609375 0.5625 0.4703125 0.5640625 0.471875 0.5734375 0.48125 0.5734375 0.48125 0.5828125 0.4640625 0.5828125 0.4609375 0.5859375 0.4625 0.59375 0.453125 0.5953125 0.45 0.584375 0.440625 0.584375 0.4390625 0.5734375 0.4203125 0.5734375 0.41875 0.5640625 0.4 0.565625 0.4 0.5484375 0.396875 0.54375 0.3875 0.54375 0.3875 0.525 0.3765625 0.5234375 0.3765625 0.515625
4 0.234375 0.290625 0.253125 0.290625 0.253125 0.3203125 0.2640625 0.321875 0.265625 0.359375 0.26875 0.3625 0.275 0.3609375 0.2765625 0.390625 0.2875 0.3921875 0.2875 0.4015625 0.2984375 0.403125 0.3 0.421875 0.309375 0.4234375 0.309375 0.44375 0.3015625 0.44375 0.3015625 0.434375 0.290625 0.4328125 0.2890625 0.421875 0.2796875 0.421875 0.2796875 0.4171875 0.2765625 0.4125 0.275 0.4140625 0.26875 0.4125 0.2671875 0.403125 0.2578125 0.403125 0.2578125 0.384375 0.246875 0.3828125 0.24375 0.3 0.234375 0.2984375 0.234375 0.2921875
9 0.1234375 0.1390625 0.153125 0.1375 0.1546875 0.146875 0.1640625 0.146875 0.165625 0.1484375 0.165625 0.1671875 0.175 0.16875 0.1765625 0.178125 0.1859375 0.1765625 0.1859375 0.1859375 0.175 0.1890625 0.1765625 0.1984375 0.1875 0.2 0.1875 0.20625 0.178125 0.2078125 0.178125 0.2 0.16875 0.1984375 0.165625 0.1875 0.1453125 0.1875 0.1453125 0.16875 0.14375 0.1671875 0.1359375 0.16875 0.1359375 0.15 0.1328125 0.146875 0.125 0.146875 0.1234375 0.140625
0 0.8358072658216876 0.863501930988645 0.9165450797720547 0.7877213917932941 0.9118191062602579 0.6523872173011249 0.8809516793398954 0.6638881476878604 0.7704370477411191 0.7824005806142933 0.7395696208207567 0.7939015110010288 0.709429266748363 0.8262230836173285 0.6990189456335807 0.826586620041313 0.6993824820575651 0.8369969411560951 0.6792889126759695 0.8585446562336285 0.6796524490999538 0.8689549773484109 0.8358072658216876 0.863501930988645
0 0.5406829103679407 0.7695777397123852 0.5826877312510541 0.77853391513123 0.6031448370566342 0.767396521168479 0.6429684393958414 0.7138907698986301 0.6533787605106236 0.7135272334746458 0.7136594686554109 0.648884088242046 0.724069789770193 0.6485205518180617 0.8048076037205604 0.5727400126227107 0.8037169944486072 0.541509049278364 0.7929431369098405 0.5314622645875662 0.7810786700991207 0.4901845165524216 0.7598944914455719 0.4805012682856081 0.7286635281012251 0.4815918775575613 0.5880085424300551 0.632425883100294 0.5775982213152728 0.6327894195242785 0.5374110825520813 0.6758848496793449 0.5377746189760657 0.6862951707941273 0.51768104959447 0.7078428858716606 0.519498731714392 0.7598944914455718 0.5406829103679407 0.7695777397123852
0 0.3787115108624569 0.608465648235635 0.3998956895160058 0.6181488965024485 0.4311266528603525 0.6170582872304953 0.4512202222419483 0.5955105721529621 0.46163054335673054 0.5951470357289778 0.5014541456959376 0.541641284459129 0.5118644668107198 0.5412777480351446 0.5721451749555071 0.4766346028025448 0.5825554960702892 0.47627106637856037 0.6227426348334807 0.4331756362234939 0.6431997406390609 0.4220382422607428 0.6410185220951545 0.35957631557204933 0.6191072705936368 0.3290724250756714 0.5878763072492901 0.3301630343476245 0.56741920144371 0.34130042831037566 0.5272320626805185 0.384395858465442 0.4863178510693583 0.40667064639094413 0.3854864677373953 0.5039989006638282 0.38585000416137966 0.5144092217786105 0.365756434779784 0.5359569368561438 0.36793765332369033 0.5984188635448373 0.3787115108624569 0.608465648235635
0 0.2792020380456665 0.4451723382149786 0.389716669644443 0.3266599052885456 0.43063088125560317 0.3043851173630435 0.4912751258243747 0.2501522932452261 0.48982098012843717 0.20851100878609702 0.4567723346641685 0.157550012484139 0.415494586629024 0.1694144792948587 0.32470998798785883 0.2559688760289762 0.3038893457582943 0.256695948876945 0.3042528821822787 0.2671062699917272 0.284159312800683 0.28865398506926054 0.24324510118952275 0.3109287729947625 0.22315153180792704 0.33247648807229574 0.22351506823191145 0.342886809187078 0.20342149885031566 0.3644345242646113 0.194465323431471 0.4064393451477247 0.205602717394222 0.4268964509533048 0.19591946912740854 0.4480806296068537 0.2792020380456665 0.4451723382149786