6 0.4390625 0.45390625 0.07265625 0.04296875
3 0.56640625 0.4625 0.07109375 0.034375
3 0.43671875 0.38671875 0.08828125 0.03515625
3 0.5734375 0.59140625 0.08984375 0.0375
3 0.434375 0.57578125 0.08125 0.0171875
4 0.13828125 0.40703125 0.0890625 0.025
4 0.56171875 0.39375 0.0875 0.025
4 0.709375 0.3953125 0.08671875 0.021875
9 0.71015625 0.4578125 0.06953125 0.0328125
9 0.71015625 0.5203125 0.07109375 0.03203125
9 0.709375 0.5921875 0.084375 0.0328125
9 0.4359375 0.5140625 0.07109375 0.03125
8 0.2953125 0.453125 0.071875 0.03125
8 0.84765625 0.45625 0.0734375 0.0265625
1 0.2953125 0.5140625 0.07265625 0.0265625
1 0.5671875 0.528125 0.07421875 0.03515625
7 0.14296875 0.478125 0.0671875 0.03046875
7 0.14765625 0.60234375 0.09375 0.03046875
7 0.85078125 0.52421875 0.07265625 0.03515625
4 0.29921875 0.58046875 0.09296875 0.02109375
11 0.14296875 0.5375 0.07421875 0.02734375
4 0.85078125 0.5875 0.0921875 0.02734375
12 0.8484375 0.3921875 0.084375 0.03828125
12 0.29140625 0.38671875 0.08828125 0.0375
0 0.8125 0.4203125 0.8140625 0.475 0.809375 0.6234375 0.81875 0.64375 0.8375 0.659375 0.865625 0.6625 0.8875 0.6328125 0.89375 0.6046875 0.89375 0.58125 0.8828125 0.55 0.8796875 0.4171875 0.8890625 0.3875 0.8859375 0.3625 0.8765625 0.3375 0.84375 0.315625 0.834375 0.315625 0.8109375 0.3375 0.803125 0.3609375 0.8015625 0.396875 0.8125 0.4203125
0 0.675 0.4234375 0.6765625 0.54375 0.675 0.5671875 0.6671875 0.58125 0.6671875 0.609375 0.671875 0.6328125 0.6890625 0.659375 0.6953125 0.665625 0.7125 0.66875 0.74375 0.640625 0.753125 0.609375 0.7515625 0.578125 0.7421875 0.55625 0.7421875 0.4203125 0.7515625 0.3953125 0.7515625 0.3796875 0.740625 0.340625 0.7203125 0.321875 0.696875 0.321875 0.6734375 0.3453125 0.6671875 0.3640625 0.665625 0.396875 0.675 0.4234375
0 0.5296875 0.4265625 0.534375 0.5453125 0.534375 0.5671875 0.528125 0.5828125 0.5296875 0.625 0.534375 0.640625 0.5484375 0.6546875 0.5609375 0.6625 0.575 0.6625 0.6046875 0.6375 0.6140625 0.596875 0.6015625 0.5484375 0.5953125 0.4328125 0.603125 0.4015625 0.6015625 0.3546875 0.5875 0.334375 0.565625 0.3234375 0.55 0.3234375 0.528125 0.340625 0.5203125 0.3578125 0.51875 0.3953125 0.5296875 0.4265625
0 0.4015625 0.5484375 0.3921875 0.5953125 0.39375 0.6328125 0.428125 0.6703125 0.440625 0.6703125 0.46875 0.6421875 0.475 0.6234375 0.475 0.5765625 0.46875 0.5546875 0.46875 0.4765625 0.4703125 0.4234375 0.478125 0.3984375 0.4765625 0.3609375 0.46875 0.34375 0.4484375 0.3234375 0.434375 0.31875 0.421875 0.3234375 0.4046875 0.3421875 0.39375 0.36875 0.403125 0.4671875 0.4015625 0.5484375
0 0.2609375 0.41875 0.2578125 0.4515625 0.2640625 0.5390625 0.2546875 0.5828125 0.2578125 0.6171875 0.2640625 0.6359375 0.2890625 0.6609375 0.3 0.6640625 0.309375 0.6609375 0.334375 0.6328125 0.340625 0.615625 0.340625 0.5703125 0.33125 0.5515625 0.3296875 0.5328125 0.3265625 0.43125 0.3265625 0.4109375 0.334375 0.39375 0.3328125 0.3546875 0.3203125 0.3296875 0.2984375 0.3171875 0.2890625 0.3203125 0.2796875 0.315625 0.2578125 0.3375 0.2515625 0.3546875 0.25 0.3984375 0.2609375 0.41875
0 0.1078125 0.4359375 0.1109375 0.559375 0.1015625 0.6015625 0.1046875 0.63125 0.109375 0.646875 0.1328125 0.6703125 0.1390625 0.6734375 0.15 0.6640625 0.1609375 0.6703125 0.184375 0.640625 0.1875 0.625 0.1875 0.5875 0.178125 0.5625 0.178125 0.4734375 0.1734375 0.453125 0.1734375 0.4296875 0.18125 0.4078125 0.178125 0.35625 0.16875 0.3421875 0.15 0.3296875 0.1265625 0.33125 0.1015625 0.3515625 0.0984375 0.3609375 0.096875 0.4109375 0.1078125 0.4359375