9 0.3734375 0.27890625 0.04296875 0.22734375
1 0.41893115942028986 0.38592896174863384 0.4585615942028986 0.3808087431693989 0.45516304347826086 0.26127322404371583 0.4585615942028986 0.16906010928961748 0.4257246376811595 0.157103825136612 0.4166666666666667 0.25956284153005466 0.41893115942028986 0.38592896174863384
12 0.5423478260869565 0.26127322404371583 0.5446123188405797 0.1844262295081967 0.5015869565217391 0.1844262295081967 0.5015869565217391 0.2646885245901639 0.5004528985507246 0.3773934426229508 0.5423478260869565 0.3808087431693989 0.5423478260869565 0.26127322404371583
3 0.6623659420289856 0.1639344262295082 0.625 0.1639344262295082 0.6204710144927537 0.26127322404371583 0.625 0.3671475409836066 0.6306630434782609 0.3978852459016394 0.6634963768115942 0.39959016393442626 0.655572463768116 0.2544426229508197 0.6623659420289856 0.1639344262295082
3 0.6684420289855073 0.8375136612021856 0.6684420289855073 0.5966338797814207 0.6462572463768116 0.5966338797814207 0.6462572463768116 0.8375136612021856 0.6684420289855073 0.8375136612021856
7 0.5811884057971014 0.6245136612021858 0.5811884057971014 0.8140983606557377 0.6085471014492754 0.8129836065573771 0.6063297101449276 0.6200491803278688 0.5811884057971014 0.6245136612021858
1 0.5445760869565217 0.8213278688524589 0.5450989906652122 0.8221165105114675 0.5418297101449274 0.6226174863387978 0.5171268115942029 0.6217923497267759 0.5198731884057971 0.8221584699453552 0.5445760869565217 0.8213278688524589
1 0.4572898550724638 0.6234480874316939 0.4561920289855073 0.8147049180327869 0.4830905797101449 0.8171857923497268 0.48199275362318844 0.6242732240437159 0.4572898550724638 0.6234480874316939
3 0.4012971014492754 0.8354043715846993 0.4001992753623188 0.6010928961748634 0.37275 0.6035792349726775 0.37494565217391307 0.8337486338797813 0.4012971014492754 0.8354043715846993
0 0.32971014492753625 0.34972677595628415 0.36594202898550726 0.3825136612021858 0.552536231884058 0.3770491803278688 0.641304347826087 0.3989071038251366 0.6884057971014493 0.39344262295081966 0.7789855072463768 0.2896174863387978 0.7753623188405798 0.25136612021857924 0.6811594202898551 0.16939890710382513 0.46014492753623193 0.17486338797814208 0.42028985507246375 0.15300546448087432 0.37318840579710144 0.15300546448087432 0.28260869565217395 0.2349726775956284 0.2898550724637681 0.28415300546448086 0.32971014492753625 0.34972677595628415
0 0.31521739130434784 0.7486338797814207 0.3369565217391305 0.8142076502732241 0.3804347826086957 0.8360655737704917 0.5108695652173914 0.8142076502732241 0.6702898550724637 0.8306010928961749 0.6992753623188406 0.8142076502732241 0.7210144927536233 0.7540983606557377 0.7427536231884059 0.73224043715847 0.7065217391304348 0.628415300546448 0.6811594202898551 0.6010928961748634 0.5559021739130434 0.6229508196721312 0.427536231884058 0.6174863387978142 0.3804347826086957 0.6010928961748634 0.34420289855072467 0.6174863387978142 0.32608695652173914 0.644808743169399 0.31521739130434784 0.6885245901639344 0.31521739130434784 0.7486338797814207