9 0.6036937499999999 0.2265625 0.6051140625 0.07599375 0.5788359375 0.078125 0.5816765625 0.2258515625 0.6036937499999999 0.2265625
9 0.5504265625 0.223721875 0.5454546875 0.0930390625 0.5 0.090909375 0.5035515625 0.1008515625 0.5049718750000001 0.2265625 0.5504265625 0.223721875
7 0.46448906250000005 0.2265625 0.4609375 0.09943125 0.42897656250000005 0.09801093749999999 0.426846875 0.2251421875 0.46448906250000005 0.2265625
4 0.3678984375 0.2301140625 0.3600859375 0.09943125 0.33735781249999997 0.10369375 0.34517031249999997 0.231534375 0.3678984375 0.2301140625
4 0.3381703125 0.350446875 0.350446875 0.395646875 0.3677453125 0.39453125 0.3766734375 0.3939734375 0.3733265625 0.3493296875 0.372209375 0.3063609375 0.372209375 0.2712046875 0.37109375 0.252790625 0.3470984375 0.25 0.3415171875 0.301896875 0.3381703125 0.350446875
4 0.625 0.6880578125000001 0.62109375 0.5295765625 0.596540625 0.5329234375 0.59765625 0.534040625 0.5998890625 0.6897328125 0.625 0.6880578125000001
9 0.6109375 0.3203125 0.03515625 0.140625
9 0.540625 0.31953125 0.03359375 0.1265625
9 0.45234375 0.32265625 0.0359375 0.1296875
9 0.534375 0.83828125 0.02109375 0.12890625
6 0.47578125 0.83515625 0.02578125 0.1296875
2 0.41796875 0.8359375 0.0234375 0.1296875
3 0.60390625 0.8296875 0.0296875 0.15234375
3 0.36171875 0.8296875 0.01640625 0.14921875
3 0.37109375 0.61171875 0.03359375 0.14609375
1 0.45 0.62109375 0.0328125 0.14765625
7 0.53359375 0.615625 0.0421875 0.14296875
0 0.3 0.6578125 0.325 0.678125 0.36875 0.6828125 0.4203125 0.675 0.446875 0.6890625 0.5015625 0.678125 0.553125 0.69375 0.6 0.6875 0.6171875 0.690625 0.659375 0.6703125 0.665625 0.65 0.6859375 0.6265625 0.6859375 0.5890625 0.6671875 0.5484375 0.6484375 0.5390625 0.615625 0.534375 0.5578125 0.5421875 0.4234375 0.54375 0.3734375 0.5359375 0.3359375 0.540625 0.309375 0.5515625 0.28125 0.590625 0.2828125 0.6296875 0.3 0.6578125
0 0.303125 0.3671875 0.3140625 0.3828125 0.3453125 0.39375 0.3765625 0.3890625 0.3859375 0.378125 0.4046875 0.375 0.459375 0.38125 0.4703125 0.3765625 0.4796875 0.3828125 0.4984375 0.375 0.5078125 0.3828125 0.5140625 0.378125 0.521875 0.3859375 0.5390625 0.3890625 0.5609375 0.38125 0.625 0.390625 0.6328125 0.3765625 0.65 0.378125 0.6671875 0.3515625 0.6765625 0.2859375 0.659375 0.25 0.6140625 0.24375 0.5609375 0.259375 0.409375 0.2609375 0.3859375 0.253125 0.3375 0.2546875 0.3171875 0.2609375 0.2984375 0.2859375 0.2921875 0.3125 0.303125 0.3671875
0 0.3125 0.228125 0.3671875 0.2328125 0.3875 0.2234375 0.55625 0.21875 0.6015625 0.225 0.6453125 0.2203125 0.6578125 0.2109375 0.659375 0.1875 0.678125 0.1703125 0.684375 0.134375 0.6515625 0.0890625 0.6328125 0.08125 0.5875 0.08125 0.546875 0.0984375 0.5140625 0.09375 0.4953125 0.0984375 0.3390625 0.09375 0.3 0.1171875 0.2796875 0.146875 0.2765625 0.1765625 0.3125 0.228125
0 0.2671875 0.8578125 0.2890625 0.8703125 0.30625 0.89375 0.3375 0.90625 0.3953125 0.90625 0.44375 0.896875 0.4625 0.903125 0.50625 0.8984375 0.575 0.90625 0.621875 0.9046875 0.6578125 0.8953125 0.6921875 0.8515625 0.6921875 0.8125 0.6578125 0.7625 0.609375 0.753125 0.5609375 0.7625 0.5390625 0.7578125 0.528125 0.7640625 0.5015625 0.7578125 0.4875 0.765625 0.453125 0.759375 0.4203125 0.7640625 0.4109375 0.7578125 0.3953125 0.7625 0.3671875 0.7546875 0.33125 0.7578125 0.3046875 0.771875 0.2609375 0.8203125 0.2609375 0.84375 0.2671875 0.8578125