9 0.10829729729729728 0.5682680412371134 0.10829729729729728 0.5494072164948454 0.053675675675675674 0.5506649484536081 0.05461776061776062 0.5682680412371134 0.10829729729729728 0.5682680412371134
9 0.08286872586872587 0.6160412371134021 0.11394594594594594 0.6185567010309277 0.1177142857142857 0.5984432989690721 0.08852123552123552 0.5984432989690721 0.04991119691119691 0.5959278350515463 0.052737451737451736 0.6223298969072164 0.08286872586872587 0.6160412371134021
9 0.35408108108108105 0.5267783505154638 0.3531389961389961 0.5066649484536082 0.30134749034749037 0.5003762886597938 0.30134749034749037 0.525520618556701 0.35408108108108105 0.5267783505154638
9 0.35502316602316597 0.5770670103092783 0.35502316602316597 0.551922680412371 0.30134749034749037 0.551922680412371 0.30134749034749037 0.5506649484536081 0.3004054054054054 0.5758092783505153 0.35502316602316597 0.5770670103092783
9 0.36161776061776063 0.6172989690721649 0.35973359073359074 0.5984432989690721 0.2966370656370656 0.5984432989690721 0.2975791505791506 0.6185567010309277 0.36161776061776063 0.6172989690721649
9 0.48215444015444014 0.561979381443299 0.47556370656370656 0.5380927835051545 0.42000000000000004 0.5406082474226804 0.42000000000000004 0.5607216494845361 0.48215444015444014 0.561979381443299
9 0.7128725868725868 0.5770670103092783 0.7119305019305019 0.5582113402061856 0.6629613899613899 0.5544381443298969 0.6629613899613899 0.5732989690721649 0.7128725868725868 0.5770670103092783
9 0.7175830115830116 0.6147835051546392 0.7175830115830116 0.5996958762886597 0.6554285714285715 0.5984432989690721 0.6563706563706564 0.6110154639175258 0.7175830115830116 0.6147835051546392
7 0.7156988416988417 0.5343247422680413 0.7156988416988417 0.5066649484536082 0.6629613899613899 0.5041494845360825 0.6629613899613899 0.5355773195876289 0.7156988416988417 0.5343247422680413
7 0.5904517374517374 0.5292938144329897 0.5885675675675676 0.5104329896907216 0.5405405405405406 0.5028917525773197 0.5414826254826255 0.5242628865979381 0.5904517374517374 0.5292938144329897
12 0.8362586872586872 0.46977319587628863 0.8336254826254826 0.44986082474226796 0.7748339768339767 0.44868556701030926 0.7757104247104246 0.47094845360824744 0.8362586872586872 0.46977319587628863
12 0.9371698841698842 0.5224948453608247 0.9371698841698842 0.48969072164948446 0.8915405405405405 0.49086082474226805 0.8924169884169884 0.5189793814432989 0.9371698841698842 0.5224948453608247
12 0.4817490347490347 0.4674329896907216 0.4808687258687258 0.44399999999999995 0.4176911196911197 0.44399999999999995 0.41856756756756763 0.46508762886597943 0.4817490347490347 0.4674329896907216
12 0.2421891891891892 0.48265979381443297 0.24043629343629344 0.4592319587628865 0.1798880308880309 0.45103092783505155 0.18076447876447874 0.4779742268041237 0.2421891891891892 0.48265979381443297
4 0.10881081081081082 0.48265979381443297 0.10881081081081082 0.46391752577319584 0.04913899613899614 0.4592319587628865 0.05264864864864864 0.480319587628866 0.10881081081081082 0.48265979381443297
3 0.09125868725868726 0.529520618556701 0.11232046332046333 0.529520618556701 0.10881081081081082 0.5107783505154638 0.0816061776061776 0.5096082474226804 0.05352895752895753 0.5084329896907216 0.05879150579150579 0.5306958762886598 0.09125868725868726 0.529520618556701
3 0.5477374517374518 0.6229226804123711 0.564100386100386 0.6229226804123711 0.581111969111969 0.6211752577319587 0.592891891891892 0.6220515463917525 0.5935482625482627 0.6045773195876288 0.5863474903474903 0.6010824742268042 0.5614826254826255 0.6037061855670103 0.5372702702702703 0.6028298969072164 0.53596138996139 0.6237989690721648 0.5477374517374518 0.6229226804123711
4 0.22184555984555984 0.6115670103092784 0.24278378378378376 0.6133144329896907 0.24016602316602315 0.5949690721649484 0.2133359073359073 0.5984639175257731 0.18127027027027026 0.595840206185567 0.18192664092664093 0.6124432989690721 0.22184555984555984 0.6115670103092784
8 0.4443127413127413 0.5194278350515463 0.46153667953667954 0.5194278350515463 0.48054826254826255 0.5154639175257731 0.479953667953668 0.49563917525773193 0.4561930501930502 0.49563917525773193 0.4419382239382239 0.49643298969072164 0.42174131274131266 0.49563917525773193 0.4253050193050193 0.5162577319587628 0.4443127413127413 0.5194278350515463
8 0.7971505791505791 0.5083247422680411 0.8137799227799227 0.5075360824742268 0.8292239382239381 0.5075360824742268 0.8298185328185328 0.49167525773195875 0.8072471042471042 0.48929381443298964 0.7918030888030888 0.48929381443298964 0.7793281853281854 0.48929381443298964 0.7781389961389962 0.49008762886597934 0.7769536679536679 0.49008762886597934 0.7769536679536679 0.5083247422680411 0.7971505791505791 0.5083247422680411
8 0.20789961389961387 0.5210154639175257 0.21918532818532815 0.5210154639175257 0.23462934362934362 0.5210154639175257 0.23759845559845555 0.5067422680412371 0.22037451737451735 0.5067422680412371 0.20789961389961387 0.5067422680412371 0.18413899613899615 0.5059484536082474 0.18473359073359072 0.5194278350515463 0.20789961389961387 0.5210154639175257
1 0.5524208494208495 0.5693917525773196 0.5643011583011582 0.570180412371134 0.5785559845559846 0.5717680412371134 0.591030888030888 0.5717680412371134 0.5928108108108108 0.5630463917525772 0.591030888030888 0.5527371134020618 0.5815250965250965 0.5527371134020618 0.569054054054054 0.5527371134020618 0.5601428571428572 0.5527371134020618 0.5482625482625483 0.5519432989690721 0.5411351351351351 0.5519432989690721 0.5405405405405406 0.5685979381443299 0.5524208494208495 0.5693917525773196
4 0.5506370656370657 0.47819072164948456 0.5637065637065637 0.475020618556701 0.5833088803088803 0.4797783505154639 0.591030888030888 0.4710567010309278 0.5886563706563706 0.45915979381443295 0.5660810810810811 0.4551958762886598 0.5417297297297297 0.4615360824742267 0.5369768339768339 0.47819072164948456 0.5506370656370657 0.47819072164948456
4 0.3136332046332046 0.4710567010309278 0.32967181467181467 0.47026288659793813 0.3468957528957529 0.4694690721649484 0.35937065637065635 0.4694690721649484 0.3617451737451737 0.4551958762886598 0.34749034749034746 0.4559896907216495 0.33204633204633205 0.45677835051546384 0.3136332046332046 0.45677835051546384 0.29700000000000004 0.4536082474226804 0.2964054054054054 0.47026288659793813 0.3136332046332046 0.4710567010309278
4 0.4199575289575289 0.6114175257731957 0.42471042471042464 0.6122113402061855 0.43955984555984556 0.6122113402061855 0.45381467181467183 0.6122113402061855 0.471042471042471 0.6114175257731957 0.479953667953668 0.6034896907216495 0.479953667953668 0.593180412371134 0.47044787644787645 0.5963505154639175 0.45738223938223943 0.5947680412371134 0.44252895752895754 0.5947680412371134 0.42174131274131266 0.5900103092783505 0.42114671814671817 0.5995257731958763 0.4199575289575289 0.6114175257731957
0 0.41698841698841693 0.46907216494845355 0.42471042471042464 0.48969072164948446 0.42084942084942084 0.5051546391752577 0.42471042471042464 0.5103092783505154 0.42084942084942084 0.5309278350515464 0.42084942084942084 0.5567010309278351 0.42471042471042464 0.5618556701030928 0.42084942084942084 0.5721649484536082 0.42084942084942084 0.6237113402061856 0.42857142857142855 0.634020618556701 0.43629343629343625 0.634020618556701 0.44015444015444016 0.6391752577319587 0.44401544401544396 0.634020618556701 0.4594594594594595 0.634020618556701 0.4749034749034749 0.6237113402061856 0.4749034749034749 0.5670103092783505 0.471042471042471 0.5567010309278351 0.4749034749034749 0.5515463917525774 0.4749034749034749 0.4587628865979381 0.4787644787644788 0.4484536082474227 0.471042471042471 0.42783505154639173 0.4517374517374518 0.41237113402061853 0.44401544401544396 0.41237113402061853 0.42084942084942084 0.43298969072164945 0.41698841698841693 0.4432989690721649 0.41698841698841693 0.46907216494845355
0 0.1776061776061776 0.4587628865979381 0.1776061776061776 0.4742268041237113 0.18532818532818532 0.48969072164948446 0.18532818532818532 0.61340206185567 0.18146718146718147 0.6237113402061856 0.18532818532818532 0.634020618556701 0.20077220077220076 0.6443298969072164 0.21235521235521232 0.6443298969072164 0.21621621621621623 0.6494845360824743 0.2393822393822394 0.6237113402061856 0.2393822393822394 0.4536082474226804 0.2355212355212355 0.4432989690721649 0.21235521235521232 0.41752577319587625 0.20077220077220076 0.422680412371134 0.18146718146718147 0.4432989690721649 0.18146718146718147 0.4536082474226804 0.1776061776061776 0.4587628865979381
0 0.05019305019305019 0.4742268041237113 0.05405405405405406 0.47938144329896903 0.05405405405405406 0.4948453608247423 0.05791505791505791 0.5 0.05405405405405406 0.6237113402061856 0.0694980694980695 0.6391752577319587 0.09266409266409266 0.6391752577319587 0.10810810810810811 0.6288659793814433 0.11196911196911197 0.6185567010309277 0.10810810810810811 0.5360824742268041 0.10424710424710423 0.5309278350515464 0.10810810810810811 0.4432989690721649 0.09266409266409266 0.422680412371134 0.0694980694980695 0.422680412371134 0.06177606177606178 0.42783505154639173 0.05019305019305019 0.4432989690721649 0.05019305019305019 0.4742268041237113
0 0.3011583011583011 0.4536082474226804 0.3011583011583011 0.48969072164948446 0.305019305019305 0.4948453608247423 0.305019305019305 0.5463917525773196 0.3011583011583011 0.5876288659793814 0.29729729729729726 0.5927835051546391 0.29729729729729726 0.6185567010309277 0.3088803088803089 0.6391752577319587 0.3166023166023166 0.6443298969072164 0.33204633204633205 0.6443298969072164 0.35135135135135137 0.634020618556701 0.3590733590733591 0.6082474226804123 0.3552123552123552 0.5979381443298969 0.3552123552123552 0.5670103092783505 0.35135135135135137 0.5618556701030928 0.3552123552123552 0.43814432989690716 0.3243243243243243 0.41237113402061853 0.3011583011583011 0.43814432989690716 0.29729729729729726 0.4484536082474227 0.3011583011583011 0.4536082474226804
0 0.5366795366795366 0.46391752577319584 0.5366795366795366 0.48969072164948446 0.5405405405405406 0.4948453608247423 0.5366795366795366 0.5154639175257731 0.5366795366795366 0.5618556701030928 0.5405405405405406 0.5670103092783505 0.5405405405405406 0.5773195876288659 0.5328185328185329 0.5876288659793814 0.5328185328185329 0.6288659793814433 0.5405405405405406 0.6391752577319587 0.5482625482625483 0.6391752577319587 0.5521235521235521 0.6443298969072164 0.5714285714285714 0.6443298969072164 0.5752895752895753 0.6391752577319587 0.583011583011583 0.6391752577319587 0.5907335907335908 0.6288659793814433 0.5907335907335908 0.5927835051546391 0.5868725868725868 0.5876288659793814 0.5868725868725868 0.48453608247422675 0.5907335907335908 0.47938144329896903 0.5907335907335908 0.4432989690721649 0.583011583011583 0.43298969072164945 0.5675675675675675 0.422680412371134 0.555984555984556 0.422680412371134 0.5366795366795366 0.4432989690721649 0.5328185328185329 0.4587628865979381 0.5366795366795366 0.46391752577319584
0 0.6640926640926641 0.5051546391752577 0.6640926640926641 0.5309278350515464 0.6602316602316602 0.5876288659793814 0.6563706563706564 0.5927835051546391 0.6563706563706564 0.6288659793814433 0.667953667953668 0.6443298969072164 0.6988416988416988 0.6443298969072164 0.7142857142857142 0.634020618556701 0.7142857142857142 0.5515463917525774 0.7104247104247104 0.5463917525773196 0.7142857142857142 0.4432989690721649 0.7065637065637065 0.43298969072164945 0.6949806949806949 0.42783505154639173 0.6911196911196911 0.41752577319587625 0.6833976833976834 0.41752577319587625 0.6602316602316602 0.4432989690721649 0.6602316602316602 0.5 0.6640926640926641 0.5051546391752577
0 0.7722007722007722 0.4742268041237113 0.7799227799227799 0.48969072164948446 0.7760617760617761 0.5257731958762887 0.7760617760617761 0.5979381443298969 0.7722007722007722 0.6030927835051546 0.7722007722007722 0.61340206185567 0.7760617760617761 0.6237113402061856 0.7915057915057915 0.6391752577319587 0.8146718146718147 0.6391752577319587 0.8262548262548263 0.6237113402061856 0.8301158301158301 0.6237113402061856 0.8262548262548263 0.5051546391752577 0.8339768339768339 0.4536082474226804 0.8301158301158301 0.4484536082474227 0.8301158301158301 0.43814432989690716 0.8146718146718147 0.41752577319587625 0.7953667953667953 0.41752577319587625 0.7760617760617761 0.43298969072164945 0.7722007722007722 0.4432989690721649 0.7722007722007722 0.4742268041237113
0 0.8841698841698842 0.4484536082474227 0.8880308880308879 0.4536082474226804 0.8880308880308879 0.5309278350515464 0.8918918918918919 0.5360824742268041 0.8918918918918919 0.5463917525773196 0.8880308880308879 0.5515463917525774 0.8880308880308879 0.5773195876288659 0.8841698841698842 0.5824742268041236 0.8841698841698842 0.6185567010309277 0.9073359073359073 0.6391752577319587 0.9266409266409266 0.6391752577319587 0.942084942084942 0.6185567010309277 0.942084942084942 0.5824742268041236 0.9382239382239381 0.5773195876288659 0.942084942084942 0.43814432989690716 0.918918918918919 0.41237113402061853 0.8880308880308879 0.43298969072164945 0.8880308880308879 0.4432989690721649 0.8841698841698842 0.4484536082474227