4 0.23804161938636295 0.5456174800845275 0.2331794704116889 0.5731920971688693 0.3223086146920663 0.5872358273370804 0.3211951100744151 0.553591113089413 0.23804161938636295 0.5456174800845275
9 0.25346935625815953 0.47810229281656846 0.2523099172023803 0.5046576548254713 0.3220676521410055 0.5286628247593999 0.3240898450505006 0.490554590381478 0.25346935625815953 0.47810229281656846
9 0.3346351398074578 0.45646460456766497 0.3380878156768331 0.4311480104277227 0.2654754423537169 0.4166723471417047 0.26204400336460304 0.4361330046957937 0.3346351398074578 0.45646460456766497
9 0.27236957245076077 0.3376140797184471 0.2666495637288082 0.37005386119131123 0.3523570572329463 0.39018283295261735 0.358929087855644 0.359570947287777 0.27236957245076077 0.3376140797184471
12 0.09452769812825021 0.5136235327159439 0.09165743368435122 0.5432215155213942 0.18362539873168782 0.5744872337429863 0.18963625480917054 0.5337380228267845 0.09452769812825021 0.5136235327159439
8 0.11763212576761709 0.4625112377757567 0.11846833005083043 0.49109062828507194 0.18481533772431089 0.5011172530913011 0.1871185897764616 0.4680750052310353 0.11763212576761709 0.4625112377757567
7 0.12907609357786348 0.3909493190655805 0.12307596945335149 0.4183177618047395 0.19654130841730877 0.4346159686827321 0.19856255758670782 0.39651308652085915 0.12907609357786348 0.3909493190655805
4 0.12514220932078265 0.3200201556023453 0.12227778272341702 0.3429250782112497 0.2119690452891053 0.3671007814147731 0.21711620377277616 0.33790979508363944 0.12514220932078265 0.3200201556023453
4 0.3861161103106489 0.5717270079891498 0.37812315791526585 0.5970774372232492 0.46753336133829865 0.6161871539091164 0.4695506601413565 0.5847666275116914 0.3861161103106489 0.5717270079891498
11 0.8372837895431438 0.49743187371498915 0.8347004220884336 0.5254027828415498 0.9056019700234303 0.5429210669241155 0.9099020007127935 0.5052144768044613 0.8372837895431438 0.49743187371498915
7 0.8364816524468681 0.42872154588594735 0.8375951570645194 0.4623662601336149 0.9238745570668432 0.47925178896923964 0.930738378785167 0.44032512164501253 0.8364816524468681 0.42872154588594735
7 0.8352420202078994 0.5622909400148987 0.828960836940732 0.5845933962364015 0.8987185718793572 0.6085985661703301 0.9010208801914118 0.5755616705261135 0.8352420202078994 0.5622909400148987
4 0.9041017988076515 0.6446682903973739 0.818103457947983 0.6328487480794054 0.8101056114461626 0.6648868852940018 0.8975346622913912 0.6685924680817175 0.9041017988076515 0.6446682903973739
8 0.6760447172076172 0.5593023012780843 0.6697625902003537 0.5816101097156362 0.7395252192454163 0.5989275716690678 0.7398316926603544 0.5705496660681905 0.6760447172076172 0.5593023012780843
12 0.6543553734944025 0.6223691128455585 0.6492072712706356 0.6515654513927411 0.7340569050274952 0.6765595875425697 0.7406396676031635 0.6325669337006864 0.6543553734944025 0.6223691128455585
1 0.7572464199564888 0.511745552501837 0.6803594302162922 0.5015325872169394 0.6760642936333666 0.5325514693560968 0.7535231898717487 0.5395209917153128 0.7572464199564888 0.511745552501837
6 0.6071350538033957 0.5438073829166272 0.5296810516714509 0.5301501525769144 0.528225871153704 0.5717026520096516 0.5991323131951379 0.5825332281117204 0.6071350538033957 0.5438073829166272
3 0.3984130437617365 0.5019876328709484 0.3981065703467983 0.5303655384718258 0.46701623375101964 0.5458604568332829 0.47302219572206505 0.511798953897578 0.3984130437617365 0.5019876328709484
3 0.4141766186870953 0.3659682921191304 0.40930562523964253 0.4069129729484172 0.48989043079229644 0.42279439113837236 0.4987500874077367 0.37920873377080594 0.4141766186870953 0.3659682921191304
9 0.5402622656279814 0.47014110623575744 0.5371011538285523 0.5080485184845455 0.610571386898947 0.5176590173820412 0.612593579808442 0.47955078300411935 0.5402622656279814 0.47014110623575744
4 0.7703963190484174 0.4438287209756101 0.6872477224668028 0.4291673799902278 0.6809567509867606 0.46484525217272443 0.7655351138138393 0.4713979858439029 0.7703963190484174 0.4438287209756101
3 0.5484375 0.403125 0.6328125 0.4171875 0.6328125 0.4234375 0.6359375 0.425 0.634375 0.4375 0.6328125 0.4390625 0.63125 0.4375 0.628125 0.44375 0.54375 0.4296875 0.540625 0.428125 0.540625 0.4234375 0.54375 0.409375 0.5484375 0.4046875
0 0.20404634740469157 0.37607328842934323 0.214395184127947 0.3613421988905495 0.21252385610237495 0.3499749874885185 0.2181862966784705 0.31786169119464214 0.20129588794894304 0.28177171907633225 0.16841035408652424 0.2704544892907026 0.14019506420480568 0.2985911097601454 0.13360503569915413 0.3139849786030114 0.12794259512305858 0.3460982748968877 0.13355657919977446 0.38019990910298074 0.11562551737547189 0.48189201403358917 0.11844058549705987 0.48790700938664094 0.11372188501698025 0.5146680896315379 0.10431678838974072 0.524046963121352 0.10148556810169293 0.5401036112682902 0.09678301978807309 0.5447930480131975 0.09582312752559739 0.5722169075621666 0.1033245917943451 0.5956141096703009 0.1258612889335084 0.6216624289947242 0.13713771358632001 0.623650766906941 0.15406042664876723 0.6155974520252714 0.1728706199032463 0.5968397050456428 0.18701056917702527 0.5386281078109416 0.17856536481226157 0.5205831217517869 0.1823403251963253 0.49917425755586925 0.18704287350994497 0.49448482081096196 0.18422780538835712 0.48846982545791046 0.20404634740469157 0.37607328842934323
0 0.3591496809218447 0.33168009334735676 0.350704476557081 0.3136351072882017 0.32722403932190186 0.29293900401275785 0.29337861319700737 0.30904563377609734 0.27738348806411617 0.3338183761087775 0.26983356729598873 0.3766361045006127 0.2773350315647366 0.40003330660874703 0.27074500305908494 0.41542717545161284 0.26602630257900534 0.4421882556965099 0.2688413707005933 0.4482032510495615 0.25470142142681423 0.5064148482842625 0.2546852692603544 0.5284864917842523 0.23774640403144728 0.558611450165912 0.23397144364738356 0.5800203143618295 0.2367703596025116 0.6081069532148711 0.2611783847672469 0.6455224839413254 0.2856187142649018 0.6387947276678002 0.31383400414662044 0.6106581071983572 0.3232552529403199 0.5792075902085532 0.3176412688636039 0.5451059560024601 0.34312225145603387 0.40059612268001654 0.3525273480832734 0.39121724919020223 0.3600772688514008 0.3483995207983671 0.3591496809218447 0.33168009334735676
0 0.48690070382099593 0.42042952018578267 0.4972495405442515 0.4056984306469891 0.5010406530947751 0.3622179229510817 0.49635425694761504 0.344835716195999 0.48320650426923156 0.33148016688175125 0.45313603852840084 0.3261779324491732 0.42680822883871405 0.3436101208206573 0.4145719119234267 0.3690456424574097 0.409853211443347 0.3958067227023067 0.4173546757120949 0.41920392481044094 0.4069735346559197 0.47807830134921436 0.4097886027775077 0.484093296702266 0.4012949419133644 0.5322632411430804 0.4041100100349523 0.5382782364961322 0.40033504965088856 0.5596871006920496 0.389986212927633 0.5744181902308434 0.3814925520634897 0.6225881346716579 0.3889940163322376 0.6459853367797922 0.3965116327674453 0.6473108953879366 0.405900577228225 0.6600036653981123 0.43221223475145176 0.6646431205266181 0.45383749612751895 0.6519003689000411 0.4651300729467903 0.631817063312268 0.4717362536189018 0.5943515509694123 0.46517852944617 0.5656021328122985 0.4755596705023451 0.5067277562735253 0.47274460238075705 0.5007127609204736 0.48690070382099593 0.42042952018578267
0 0.6052466300929078 0.5185578205140231 0.6099491784065274 0.513868383769116 0.6137402909570511 0.4703878760732086 0.6325666363779899 0.42955848559359017 0.6401165571461174 0.38674075720175505 0.6260412165381778 0.3566657804364969 0.6091346556421904 0.34264745181817674 0.5978582309893788 0.34065911390596 0.5809355179269317 0.34871242878762987 0.5564790362628168 0.3775118285611449 0.5479853753986734 0.4256817730019594 0.5517280314498174 0.44841619580602143 0.5470093309697378 0.47517727605091836 0.5423067826561181 0.47986671279582566 0.5366443420800225 0.511980009089702 0.5394594102016104 0.5179950044427535 0.5272069411198632 0.5655021695794958 0.5290782691454352 0.5768693809815268 0.5187294324221797 0.5916004705203205 0.5093081836284804 0.6230509875101246 0.5111633594875926 0.6564898424121456 0.5327563165307398 0.6878903777855483 0.5600117141499826 0.6871776168650746 0.5882270040317014 0.6590409963956317 0.5976482528254007 0.6275904794058277 0.5929780088447008 0.5881366291507552 0.5967529692287645 0.5667277649548376 0.6014555175423841 0.5620383282099305 0.5995841895168122 0.5506711168078995 0.6052466300929078 0.5185578205140231
0 0.7509287148163616 0.5056151424218408 0.760349963610061 0.4741646254320367 0.7706988003333165 0.45943353589324304 0.7735461727878239 0.421305244246315 0.7538406959367085 0.37920027677495344 0.7322315867271014 0.36987138490154053 0.701201228723795 0.3919930100179318 0.6899086519045234 0.41207631560570485 0.6823587311363961 0.45489404399753985 0.6898601954051439 0.4782912461056742 0.6709853934848253 0.5853355670852621 0.6738004616064133 0.5913505624383137 0.6690817611263337 0.6181116426832107 0.6587329244030783 0.6328427322220044 0.6521267437309668 0.67030824456486 0.6586844679036986 0.6990576627219738 0.6727759606780981 0.7070609959872423 0.678406096921274 0.7190909866933455 0.6906262616701014 0.7157271085565828 0.6972001380092931 0.7224048832137068 0.7282304960125998 0.7002832580973155 0.7423704452863789 0.6420716608626145 0.733925240921615 0.6240266748034596 0.7461777100033621 0.5765195096667173 0.7433626418817744 0.5705045143136658 0.7537437829379495 0.5116301377748924 0.7509287148163616 0.5056151424218408
0 0.9285848976391378 0.46519862316428784 0.9257698295175499 0.4591836278112361 0.9304885299976295 0.43242254756633924 0.9229870657288817 0.4090253454582048 0.9032654367113064 0.3889920214868331 0.8863427236488592 0.39704533636850287 0.8797688473096675 0.390367561711379 0.8524972975239647 0.41315196613184246 0.8459072690183131 0.4285458349747084 0.8402448284422175 0.46065913126858477 0.8468025526149494 0.48940854942569845 0.8288714907906469 0.5911006543563069 0.8316865589122348 0.5971156497093585 0.8250803782401231 0.6345811620522144 0.8156752816128838 0.6439600355420285 0.8081253608447563 0.6867777639338637 0.8090529487743124 0.7034971913848741 0.8278308376958717 0.7288827314052251 0.8400510024446992 0.7255188532684625 0.8513274270975109 0.7275071911806793 0.8541424952190988 0.7335221865337309 0.8842291131263893 0.7167527774663192 0.8898754015360252 0.7067111246724327 0.8993128024961845 0.6531889641826387 0.8908675981314206 0.6351439781234838 0.912573620339787 0.5120430089969579 0.909758552218199 0.5060280136439061 0.9285848976391378 0.46519862316428784