4 0.6636603053435114 0.6167663043478261 0.7538740458015267 0.6184130434782609 0.7538740458015267 0.5904130434782608 0.6705992366412213 0.5838260869565218 0.6636603053435114 0.6167663043478261
9 0.6740687022900763 0.5591250000000001 0.7469351145038169 0.5475978260869565 0.7504045801526718 0.5212445652173914 0.6786946564885497 0.5212445652173914 0.6740687022900763 0.5591250000000001
9 0.7492480916030535 0.4586630434782609 0.6752251908396947 0.4603097826086957 0.6742292323673593 0.48584131167036587 0.7492480916030535 0.47842391304347825 0.7492480916030535 0.4586630434782609
9 0.6682862595419847 0.4174891304347826 0.7561870229007635 0.4125489130434783 0.7561870229007635 0.3796086956521739 0.6671297709923665 0.3862010869565218 0.6682862595419847 0.4174891304347826
12 0.8024503816793892 0.6282934782608696 0.8984503816793893 0.6134728260869565 0.9007633587786259 0.5838260869565218 0.8036068702290077 0.5871195652173913 0.8024503816793892 0.6282934782608696
8 0.8140190839694658 0.5558315217391304 0.8810992366412215 0.5574782608695652 0.8868854961832062 0.5294782608695653 0.8174885496183206 0.5228913043478262 0.8140190839694658 0.5558315217391304
7 0.8140190839694658 0.488304347826087 0.8891984732824427 0.48501086956521744 0.8880419847328245 0.4570163043478261 0.8186450381679389 0.45042934782608696 0.8140190839694658 0.488304347826087
4 0.8105496183206107 0.4191358695652174 0.9030763358778626 0.41090217391304346 0.904232824427481 0.38784782608695656 0.8105496183206107 0.3894945652173913 0.8105496183206107 0.4191358695652174
4 0.515614503816794 0.6200597826086957 0.6069847328244274 0.6167663043478261 0.6035152671755726 0.5904130434782608 0.5190839694656488 0.5887663043478261 0.515614503816794 0.6200597826086957
11 0.09692366412213742 0.4718369565217391 0.16979007633587787 0.46689673913043483 0.17210305343511453 0.4389021739130435 0.09923664122137402 0.43395652173913046 0.09692366412213742 0.4718369565217391
7 0.08998473282442747 0.40596195652173916 0.1778854961832061 0.4043152173913044 0.18482442748091604 0.371375 0.08998473282442747 0.3664347826086957 0.08998473282442747 0.40596195652173916
7 0.09229770992366415 0.5377119565217391 0.16516412213740458 0.5261847826086956 0.16285114503816794 0.5031304347826087 0.09576717557251913 0.5047771739130436 0.09229770992366415 0.5377119565217391
4 0.16979007633587787 0.6085326086956522 0.16747709923664122 0.5755923913043478 0.08073282442748093 0.5722989130434782 0.08304580152671752 0.597 0.16979007633587787 0.6085326086956522
8 0.2507519083969466 0.5558315217391304 0.3224618320610687 0.5508913043478262 0.3201488549618321 0.5278315217391304 0.25537786259541984 0.5278315217391304 0.2507519083969466 0.5558315217391304
12 0.2426564885496183 0.633233695652174 0.3305572519083969 0.6233532608695652 0.3305572519083969 0.5937065217391304 0.2438129770992367 0.5887663043478261 0.2426564885496183 0.633233695652174
1 0.3247748091603053 0.5014836956521739 0.3259312977099237 0.47019021739130434 0.24843893129770991 0.46689673913043483 0.2472824427480916 0.49489673913043486 0.3247748091603053 0.5014836956521739
6 0.4635687022900764 0.5657119565217391 0.46935114503816794 0.5245380434782609 0.3907022900763359 0.5245380434782609 0.3918587786259542 0.5640652173913043 0.4635687022900764 0.5657119565217391
3 0.5283358778625955 0.5508913043478262 0.5988893129770992 0.5475978260869565 0.6035152671755726 0.5195978260869565 0.5283358778625955 0.516304347826087 0.5283358778625955 0.5508913043478262
3 0.5271793893129771 0.42572282608695655 0.6092977099236642 0.42407608695652177 0.6116106870229008 0.38290760869565216 0.5260229007633589 0.38126086956521743 0.5271793893129771 0.42572282608695655
9 0.3918587786259542 0.49819021739130437 0.46588167938931296 0.5014836956521739 0.46935114503816794 0.4636032608695652 0.39648473282442753 0.4603097826086957 0.3918587786259542 0.49819021739130437
4 0.3317137404580153 0.43395652173913046 0.3317137404580153 0.39772826086956525 0.2472824427480916 0.39772826086956525 0.2472824427480916 0.42572282608695655 0.3317137404580153 0.43395652173913046
3 0.3828125 0.4015625 0.3859375 0.4 0.3859375 0.3953125 0.471875 0.3953125 0.471875 0.4 0.4765625 0.4015625 0.4765625 0.421875 0.3859375 0.421875 0.3859375 0.4171875 0.3828125 0.415625 0.3828125 0.403125
0 0.8091603053435115 0.6521739130434783 0.8244274809160306 0.673913043478261 0.8396946564885497 0.6847826086956521 0.8511450381679391 0.6847826086956521 0.8778625954198473 0.6630434782608695 0.8893129770992367 0.6413043478260869 0.8931297709923663 0.6141304347826086 0.8893129770992367 0.6086956521739131 0.8893129770992367 0.592391304347826 0.8816793893129772 0.5815217391304348 0.8816793893129772 0.5543478260869565 0.8854961832061068 0.5489130434782609 0.8854961832061068 0.44565217391304346 0.8969465648854962 0.4130434782608696 0.8969465648854962 0.3804347826086957 0.8931297709923663 0.3641304347826087 0.8702290076335878 0.33152173913043476 0.8358778625954197 0.3369565217391305 0.8129770992366412 0.3695652173913044 0.8129770992366412 0.4021739130434783 0.8091603053435115 0.4130434782608696 0.816793893129771 0.42934782608695654 0.816793893129771 0.5434782608695652 0.8129770992366412 0.5489130434782609 0.816793893129771 0.5543478260869565 0.816793893129771 0.5760869565217391 0.8053435114503816 0.592391304347826 0.8091603053435115 0.6521739130434783
0 0.66793893129771 0.6413043478260869 0.6908396946564885 0.673913043478261 0.7137404580152672 0.6847826086956521 0.7442748091603054 0.6521739130434783 0.751908396946565 0.625 0.751908396946565 0.6032608695652174 0.7404580152671756 0.5706521739130435 0.7442748091603054 0.5489130434782609 0.7404580152671756 0.4891304347826087 0.7442748091603054 0.4836956521739131 0.7442748091603054 0.45652173913043476 0.7404580152671756 0.44021739130434784 0.751908396946565 0.41847826086956524 0.751908396946565 0.375 0.7404580152671756 0.3478260869565218 0.7099236641221374 0.32608695652173914 0.6832061068702291 0.34239130434782605 0.6717557251908397 0.3586956521739131 0.66793893129771 0.375 0.66793893129771 0.41847826086956524 0.6755725190839695 0.42934782608695654 0.6755725190839695 0.5760869565217391 0.6641221374045803 0.6086956521739131 0.66793893129771 0.6413043478260869
0 0.5229007633587786 0.657608695652174 0.5419847328244275 0.673913043478261 0.5687022900763359 0.673913043478261 0.5801526717557252 0.6630434782608695 0.5877862595419847 0.6630434782608695 0.5992366412213741 0.6413043478260869 0.5992366412213741 0.592391304347826 0.5916030534351144 0.5760869565217391 0.5916030534351144 0.5543478260869565 0.5954198473282444 0.5489130434782609 0.5954198473282444 0.5 0.5992366412213741 0.4945652173913044 0.5992366412213741 0.43478260869565216 0.6106870229007634 0.4130434782608696 0.6106870229007634 0.3858695652173913 0.6030534351145038 0.3586956521739131 0.5801526717557252 0.3369565217391305 0.549618320610687 0.3369565217391305 0.5343511450381679 0.3478260869565218 0.5267175572519085 0.3641304347826087 0.5229007633587786 0.40760869565217395 0.5305343511450382 0.42391304347826086 0.5305343511450382 0.5054347826086957 0.5267175572519085 0.5108695652173914 0.5267175572519085 0.5706521739130435 0.5152671755725191 0.5978260869565217 0.5152671755725191 0.6358695652173914 0.5229007633587786 0.657608695652174
0 0.3893129770992366 0.6413043478260869 0.4122137404580153 0.673913043478261 0.4389312977099237 0.6793478260869565 0.4656488549618321 0.6521739130434783 0.4732824427480916 0.6195652173913043 0.4694656488549619 0.5869565217391305 0.46183206106870234 0.5706521739130435 0.4656488549618321 0.5597826086956521 0.46183206106870234 0.5108695652173914 0.4656488549618321 0.5054347826086957 0.4656488549618321 0.4728260869565218 0.46183206106870234 0.46739130434782605 0.46183206106870234 0.44021739130434784 0.4694656488549619 0.41847826086956524 0.4694656488549619 0.3695652173913044 0.45038167938931295 0.3369565217391305 0.4351145038167939 0.32608695652173914 0.42366412213740456 0.32608695652173914 0.40458015267175573 0.3369565217391305 0.3854961832061069 0.3641304347826087 0.3854961832061069 0.40760869565217395 0.3969465648854962 0.45108695652173914 0.3931297709923664 0.4945652173913044 0.3969465648854962 0.5 0.3969465648854962 0.532608695652174 0.3931297709923664 0.5434782608695652 0.3969465648854962 0.5489130434782609 0.3969465648854962 0.5706521739130435 0.3854961832061069 0.6086956521739131 0.3893129770992366 0.6413043478260869
0 0.24427480916030536 0.657608695652174 0.27099236641221375 0.6847826086956521 0.2786259541984733 0.6793478260869565 0.2900763358778626 0.6847826086956521 0.2977099236641222 0.673913043478261 0.31297709923664124 0.6684782608695652 0.3244274809160305 0.6413043478260869 0.3244274809160305 0.6032608695652174 0.316793893129771 0.5869565217391305 0.316793893129771 0.5597826086956521 0.32061068702290074 0.5543478260869565 0.32061068702290074 0.44565217391304346 0.33206106870229013 0.42391304347826086 0.33206106870229013 0.3804347826086957 0.3244274809160305 0.3586956521739131 0.2977099236641222 0.33152173913043476 0.2748091603053435 0.3369565217391305 0.2480916030534351 0.375 0.24427480916030536 0.4130434782608696 0.25190839694656486 0.42934782608695654 0.25572519083969464 0.4619565217391305 0.25190839694656486 0.46739130434782605 0.25190839694656486 0.5271739130434783 0.2480916030534351 0.532608695652174 0.25190839694656486 0.5815217391304348 0.24045801526717558 0.5978260869565217 0.24427480916030536 0.657608695652174
0 0.08778625954198471 0.6467391304347826 0.11450381679389317 0.6684782608695652 0.11832061068702293 0.6630434782608695 0.12977099236641224 0.6630434782608695 0.14122137404580154 0.6684782608695652 0.16412213740458012 0.6467391304347826 0.16793893129770993 0.6304347826086957 0.16793893129770993 0.5869565217391305 0.16030534351145037 0.5760869565217391 0.16030534351145037 0.5380434782608695 0.16412213740458012 0.532608695652174 0.16412213740458012 0.42934782608695654 0.17557251908396948 0.4021739130434783 0.17557251908396948 0.3695652173913044 0.1717557251908397 0.3532608695652174 0.14885496183206107 0.32608695652173914 0.14122137404580154 0.33152173913043476 0.12595419847328246 0.32065217391304346 0.10305343511450382 0.3369565217391305 0.09160305343511448 0.3586956521739131 0.09160305343511448 0.3858695652173913 0.08778625954198471 0.39130434782608703 0.09923664122137402 0.43478260869565216 0.09541984732824424 0.44021739130434784 0.09541984732824424 0.5652173913043479 0.08396946564885495 0.5815217391304348 0.08396946564885495 0.6358695652173914 0.08778625954198471 0.6467391304347826