9 0.553125 0.046875 0.559375 0.053125 0.5625 0.0671875 0.5625 0.1015625 0.5578125 0.1078125 0.5484375 0.1078125 0.5421875 0.1 0.540625 0.0546875 0.54375 0.05 0.5515625 0.046875
9 0.5078125 0.09375 0.5109375 0.0921875 0.5125 0.0859375 0.5171875 0.0484375 0.5203125 0.0453125 0.528125 0.0453125 0.5328125 0.05 0.5328125 0.0765625 0.5296875 0.08125 0.5265625 0.103125 0.5171875 0.1078125 0.5078125 0.1 0.5078125 0.0953125
9 0.5328125 0.1390625 0.5359375 0.1421875 0.5375 0.1828125 0.5359375 0.184375 0.5359375 0.2 0.53125 0.2046875 0.521875 0.2046875 0.5171875 0.1984375 0.51875 0.1421875 0.525 0.1375 0.53125 0.1390625
9 0.4953125 0.896875 0.4984375 0.9015625 0.4984375 0.9484375 0.496875 0.9625 0.490625 0.965625 0.484375 0.965625 0.478125 0.959375 0.4796875 0.903125 0.4875 0.8953125 0.49375 0.896875
3 0.49375 0.0375 0.5 0.04375 0.5 0.053125 0.4984375 0.0546875 0.496875 0.10625 0.4921875 0.1125 0.484375 0.1125 0.4796875 0.1078125 0.4828125 0.0421875 0.4875 0.0375 0.4921875 0.0375
3 0.5625 0.1453125 0.5671875 0.1515625 0.5671875 0.1984375 0.5640625 0.2046875 0.5609375 0.20625 0.5546875 0.20625 0.55 0.2015625 0.55 0.1484375 0.5578125 0.14375 0.5609375 0.1453125
3 0.5421875 0.2296875 0.546875 0.2328125 0.5453125 0.234375 0.546875 0.2359375 0.546875 0.296875 0.5421875 0.3015625 0.534375 0.3015625 0.5296875 0.296875 0.5296875 0.2359375 0.5328125 0.23125 0.540625 0.2296875
3 0.578125 0.3046875 0.5828125 0.3109375 0.5828125 0.3234375 0.5796875 0.3265625 0.5796875 0.3640625 0.575 0.371875 0.565625 0.371875 0.5625 0.36875 0.5625 0.3234375 0.565625 0.3203125 0.565625 0.3078125 0.5703125 0.303125 0.5765625 0.3046875
3 0.5359375 0.3796875 0.5421875 0.384375 0.5421875 0.4125 0.540625 0.4140625 0.540625 0.440625 0.534375 0.4453125 0.5265625 0.44375 0.5234375 0.4390625 0.525 0.3921875 0.5265625 0.384375 0.534375 0.3796875
3 0.5453125 0.5546875 0.5484375 0.559375 0.5484375 0.5890625 0.5453125 0.5921875 0.54375 0.6140625 0.5390625 0.6203125 0.528125 0.61875 0.5265625 0.5984375 0.528125 0.590625 0.53125 0.5875 0.53125 0.559375 0.5375 0.553125 0.54375 0.5546875
3 0.4765625 0.5484375 0.4796875 0.553125 0.478125 0.61875 0.471875 0.6234375 0.4640625 0.621875 0.4609375 0.6171875 0.4609375 0.5890625 0.4625 0.5875 0.4625 0.5546875 0.4671875 0.5484375 0.475 0.5484375
3 0.54375 0.6375 0.5484375 0.6421875 0.55 0.68125 0.5484375 0.6828125 0.5484375 0.703125 0.5421875 0.7078125 0.534375 0.70625 0.53125 0.7015625 0.53125 0.6796875 0.5328125 0.678125 0.53125 0.6453125 0.534375 0.6390625 0.5421875 0.6375
3 0.4875 0.63125 0.490625 0.6359375 0.490625 0.6796875 0.4890625 0.68125 0.490625 0.7046875 0.484375 0.709375 0.4765625 0.7078125 0.4734375 0.703125 0.471875 0.6796875 0.4734375 0.678125 0.4734375 0.6359375 0.4796875 0.6296875 0.4859375 0.63125
3 0.521875 0.7265625 0.5265625 0.73125 0.5265625 0.7703125 0.525 0.784375 0.521875 0.790625 0.51875 0.7921875 0.5140625 0.7921875 0.5078125 0.7859375 0.5078125 0.76875 0.509375 0.7671875 0.509375 0.734375 0.5125 0.728125 0.5203125 0.7265625
4 0.6046875 0.1359375 0.6078125 0.140625 0.60625 0.1453125 0.60625 0.203125 0.6 0.2109375 0.59375 0.2109375 0.5890625 0.2078125 0.5890625 0.1421875 0.59375 0.134375 0.603125 0.1359375
4 0.59375 0.225 0.5984375 0.234375 0.596875 0.2359375 0.596875 0.2921875 0.5921875 0.2984375 0.5828125 0.2984375 0.5796875 0.29375 0.5796875 0.2328125 0.5859375 0.2234375 0.5921875 0.225
4 0.6125 0.303125 0.61875 0.3078125 0.61875 0.3171875 0.615625 0.325 0.615625 0.35 0.61875 0.3640625 0.61875 0.3765625 0.615625 0.38125 0.60625 0.38125 0.603125 0.378125 0.5984375 0.3515625 0.5984375 0.321875 0.6015625 0.3078125 0.603125 0.3046875 0.6109375 0.303125
4 0.5828125 0.3796875 0.584375 0.38125 0.584375 0.4046875 0.58125 0.4140625 0.5796875 0.44375 0.571875 0.4484375 0.5671875 0.446875 0.5625 0.4390625 0.5640625 0.4375 0.5640625 0.4109375 0.5671875 0.4015625 0.5671875 0.3859375 0.571875 0.378125 0.58125 0.3796875
4 0.59609375 0.5046875 0.0234375 0.0859375
4 0.5703125 0.7265625 0.5734375 0.73125 0.5734375 0.7703125 0.571875 0.771875 0.571875 0.7921875 0.5671875 0.8 0.559375 0.8 0.5546875 0.796875 0.5546875 0.76875 0.55625 0.7671875 0.55625 0.73125 0.5625 0.725 0.56875 0.7265625
1 0.51796875 0.92890625 0.021875 0.0734375
1 0.5171875 0.8796875 0.515625 0.8765625 0.5171875 0.8515625 0.5140625 0.8390625 0.5140625 0.8171875 0.5171875 0.8125 0.525 0.8125 0.528125 0.815625 0.528125 0.8328125 0.53125 0.8484375 0.5296875 0.875 0.5234375 0.88125 0.51875 0.8796875
11 0.48828125 0.84609375 0.01875 0.059375
2 0.4859375 0.728125 0.4890625 0.73125 0.4890625 0.740625 0.49375 0.7609375 0.4921875 0.7890625 0.4890625 0.7921875 0.48125 0.7921875 0.478125 0.7890625 0.478125 0.7703125 0.475 0.765625 0.475 0.734375 0.4796875 0.728125 0.484375 0.728125
2 0.4890625 0.5015625 0.0171875 0.0703125
8 0.528125 0.471875 0.53125 0.4734375 0.534375 0.48125 0.534375 0.5015625 0.5328125 0.503125 0.534375 0.5265625 0.528125 0.5328125 0.525 0.5328125 0.51875 0.5234375 0.51875 0.5 0.5203125 0.4984375 0.51875 0.478125 0.521875 0.4734375 0.5265625 0.471875
1 0.55625 0.465625 0.5609375 0.4671875 0.5640625 0.4734375 0.565625 0.5015625 0.5625 0.5328125 0.559375 0.5359375 0.553125 0.5359375 0.5484375 0.53125 0.5515625 0.4984375 0.55 0.46875 0.5546875 0.4671875
7 0.459375 0.8125 0.465625 0.81875 0.465625 0.8296875 0.4625 0.834375 0.4609375 0.8453125 0.4625 0.853125 0.4609375 0.86875 0.453125 0.8765625 0.446875 0.875 0.440625 0.8671875 0.4421875 0.8328125 0.446875 0.828125 0.446875 0.81875 0.4578125 0.8125
0 0.6027575644872024 0.10865200157795049 0.6138445001560807 0.10412782509932117 0.6299769892254568 0.08082092044055864 0.6225281647298236 0.057102402422426125 0.6054547285738141 0.04422385205754979 0.5755027420529284 0.048418737848683245 0.5000699795355236 0.0455294875276989 0.49077465856264324 0.03750440432894786 0.47190960771063584 0.03717511364145194 0.43693950867987696 0.058580640041718104 0.43509301220262986 0.07427407486109958 0.46604082759139825 0.10312046895160379 0.4880500535854068 0.10350464142034906 0.5023360461775357 0.09589117158096797 0.6027575644872024 0.10865200157795049
0 0.5744679450145864 0.19779449798436627 0.5869348820200927 0.20430237539336601 0.6120882831561025 0.20474142964336056 0.6216305721446049 0.19861772470310607 0.6299026233589778 0.17517361559122008 0.62405332732497 0.14991045089271166 0.6069250093877111 0.1401760756698367 0.5078011697427984 0.14316356227348498 0.49064541091491487 0.1350012746216107 0.47649662277590926 0.13475430660598872 0.4351832916798988 0.15919424458575743 0.4333916769839009 0.17174350426313767 0.47688875205004966 0.20238151304963986 0.49420915622168105 0.20111127527551048 0.5021793576391828 0.1949601294446313 0.5744679450145864 0.19779449798436627
0 0.46432000828743963 0.29179841836230225 0.4879836445243229 0.2874937690086704 0.6026911554261185 0.2926411291662717 0.6156245875722439 0.272423517868261 0.6145189951418626 0.2456705882706259 0.600617175018479 0.23127483211599847 0.4936328975185632 0.23412511426652335 0.4639004381226748 0.22574329948965177 0.4528409433444212 0.22869538839728049 0.42570384127804084 0.2518102068216705 0.4224499025735409 0.2580436753244236 0.42860104840442015 0.2660138767419253 0.4410679854099263 0.27252175415092506 0.45025354282030816 0.28683518763367855 0.46432000828743963 0.29179841836230225
0 0.4882385693453398 0.36298141330732464 0.5260509937212287 0.3589237319693145 0.6202116026375176 0.3700027108327978 0.6426050011002713 0.34837765730753445 0.6520924083075245 0.3453981275092811 0.6522570536512724 0.33596560208327747 0.6291147943362577 0.31040058758789774 0.6087874194757482 0.3037555057257747 0.5741191702418609 0.307868068845034 0.517578899467088 0.30373602164054503 0.5004231406392046 0.29557373398867065 0.4831301773581978 0.2952718841917994 0.44341637472381246 0.3181671754911921 0.44010755423806325 0.3275448191359466 0.44474149427919124 0.33234340452082234 0.4572084312846975 0.33885128192982217 0.4710553696268317 0.3563912132264508 0.4882385693453398 0.36298141330732464
0 0.5089855143706141 0.435681614042098 0.5905968636095229 0.44496897820958337 0.6097912051490261 0.42643321804507195 0.6131274665254 0.415483486829317 0.6102302593990206 0.40127981690906206 0.5932940276961344 0.3805408286891828 0.5350444648972377 0.3842417784490723 0.4597489068329561 0.373492090273085 0.44711732448370195 0.3764167382900889 0.4279229829441986 0.3949524984546004 0.4230969566686982 0.40115852606672886 0.42447695800532614 0.4121905799543578 0.4429578363885883 0.43452909663586237 0.45542477339409465 0.4410369740448622 0.5089855143706141 0.435681614042098
0 0.4995335048593808 0.5267254887070105 0.6173303091219283 0.5350719057878623 0.6367441777864289 0.5039594450553461 0.6353641764498008 0.49292739116771694 0.619945150536666 0.47536001898046365 0.6027345099275332 0.4703419064705906 0.5806429612616506 0.4746739967148471 0.5020660236022445 0.4717298646126136 0.4786219144903585 0.4634578133982406 0.45319410444810215 0.4787396348582522 0.4435694927877257 0.4895796025115085 0.44334996566272844 0.5021563030795135 0.4742703401608724 0.5325747847410184 0.4915633034418791 0.5328766345378896 0.4995335048593808 0.5267254887070105
0 0.4792140868042664 0.6097168392825472 0.5891504532118108 0.6179260519102758 0.5986653013096885 0.6133744345410219 0.6086192036575608 0.5836694160357582 0.5995708507003024 0.5614955446980016 0.5886760012657967 0.5550151081796264 0.4785475486238796 0.5578105085489021 0.47236896190237576 0.5514123947024011 0.4566755270829942 0.5495658982251539 0.4392728002394889 0.5555523987122851 0.4216779871616108 0.5725435121964206 0.42292078404511557 0.5914360039390526 0.44142910331900226 0.6122024330495565 0.4508067469637568 0.6155112535353058 0.47124388538676476 0.6158679851134263 0.4792140868042664 0.6097168392825472
0 0.6018174332570847 0.703065748759931 0.6242931543917126 0.6767244325216657 0.6245126815167099 0.6641477319536608 0.6122927125268255 0.6434910664056556 0.5919927785569409 0.6352738969725318 0.5619859102548058 0.6426129579056664 0.4959582322727799 0.6414604404994307 0.46934250712826825 0.6347055950748091 0.4566834838883893 0.6392023306628135 0.42946405915013497 0.6670334118002054 0.427754767126011 0.6748664087645839 0.4556132891540276 0.7005137459318375 0.4665630203697825 0.7038500073082115 0.5138628519529242 0.6968127961719481 0.6018174332570847 0.703065748759931
0 0.45556636417817326 0.7932943535114985 0.4729690910216786 0.7873078530243672 0.5154703372199446 0.784904581929232 0.5767268707077193 0.7891189518055949 0.5862417188055968 0.7845673344363411 0.5927495962145967 0.7721003974308347 0.5932435322458406 0.7438028211528236 0.5902640024475873 0.7343154139455705 0.5793965939037062 0.7262628898561949 0.555815280338697 0.7258512764968251 0.5352683783531904 0.7317828952027069 0.467668612800164 0.7306029369058465 0.45045797219103123 0.7255848243959735 0.4283664235251486 0.72991691464023 0.4234580745777741 0.7408392049653605 0.4043734966007696 0.7530866148458694 0.40109211700564495 0.7608921709196231 0.43515666664578995 0.7913655343623773 0.45556636417817326 0.7932943535114985
0 0.572046005690737 0.87710097400038 0.5847050289306159 0.8726042384123754 0.5961761370682395 0.8460708359397376 0.5887273125726064 0.822352317921605 0.5685097012745957 0.8094188857754796 0.5400749205434612 0.8167853875992387 0.47247515499043474 0.8156054293023784 0.45843613041392794 0.809070111002754 0.44114316713292123 0.8087682612058827 0.4269120563220416 0.8132375559032626 0.4013744827172866 0.8348077276472766 0.39966519069316264 0.8426407246116551 0.42280745000817727 0.868205739107035 0.4415352964070614 0.8763954676495338 0.4841188652772012 0.8692759338413966 0.572046005690737 0.87710097400038
0 0.5958548031861387 0.9545723192294048 0.6056440601902628 0.9342998261501446 0.6014491743991296 0.9043478396292588 0.5874924724944968 0.8930962586166327 0.5433642569439808 0.8986162639631449 0.4459771502138167 0.892198666031414 0.4348627736543137 0.8982949300810439 0.4187577254755623 0.9200297471688058 0.4184833165693157 0.9357506228788119 0.4416255758843303 0.9613156373741916 0.5376875630591158 0.9535570062762924 0.5847678675172603 0.9590964957080341 0.5958548031861387 0.9545723192294048