8 0.5921875 0.4796875 0.5953125 0.48125 0.6 0.4953125 0.6 0.50625 0.59375 0.5078125 0.55 0.515625 0.5421875 0.5078125 0.540625 0.4984375 0.54375 0.496875 0.54375 0.490625 0.5671875 0.4859375 0.5703125 0.4828125 0.590625 0.48125
8 0.21875 0.5625 0.2234375 0.565625 0.225 0.571875 0.2234375 0.584375 0.21875 0.584375 0.2171875 0.5875 0.2125 0.5875 0.209375 0.590625 0.1765625 0.596875 0.1703125 0.590625 0.16875 0.584375 0.1703125 0.571875 0.2171875 0.5625
8 0.85 0.43125 0.8515625 0.4375 0.85 0.4484375 0.834375 0.4515625 0.8203125 0.4515625 0.8109375 0.4546875 0.8 0.453125 0.796875 0.4421875 0.7984375 0.4390625 0.8421875 0.4296875 0.8484375 0.43125
9 0.709375 0.35 0.7140625 0.3609375 0.7125 0.365625 0.7140625 0.36875 0.7109375 0.371875 0.65625 0.3828125 0.6515625 0.3828125 0.6484375 0.3796875 0.646875 0.375 0.6484375 0.3625 0.6546875 0.359375 0.7078125 0.35
9 0.703125 0.3953125 0.7046875 0.396875 0.7109375 0.3953125 0.7109375 0.3984375 0.715625 0.4015625 0.7171875 0.4171875 0.709375 0.421875 0.6859375 0.425 0.66875 0.43125 0.6640625 0.4296875 0.6578125 0.40625 0.6609375 0.403125 0.690625 0.4 0.7015625 0.3953125
9 0.6703125 0.4625 0.68125 0.45625 0.7046875 0.4515625 0.7078125 0.453125 0.7203125 0.4515625 0.7234375 0.459375 0.721875 0.4609375 0.7234375 0.4703125 0.721875 0.4734375 0.7140625 0.4765625 0.678125 0.4828125 0.6734375 0.478125 0.671875 0.4640625
9 0.328125 0.425 0.33125 0.43125 0.3296875 0.44375 0.3203125 0.4453125 0.3109375 0.45 0.303125 0.45 0.278125 0.45625 0.2703125 0.45625 0.2703125 0.453125 0.2671875 0.4515625 0.265625 0.44375 0.26875 0.4359375 0.3171875 0.425 0.3203125 0.4265625 0.3265625 0.425
9 0.96875 0.3546875 0.975 0.3609375 0.9734375 0.371875 0.934375 0.3828125 0.928125 0.3828125 0.925 0.3796875 0.9234375 0.365625 0.9265625 0.3625 0.9671875 0.3546875
9 0.3296875 0.4671875 0.334375 0.4796875 0.334375 0.4875 0.33125 0.4921875 0.315625 0.49375 0.290625 0.5 0.28125 0.4984375 0.278125 0.4921875 0.2765625 0.4765625 0.2828125 0.4734375 0.296875 0.471875 0.3046875 0.4734375 0.328125 0.46875
9 0.5875 0.4359375 0.5921875 0.446875 0.59375 0.4546875 0.5921875 0.45625 0.55 0.465625 0.5390625 0.4640625 0.5359375 0.4421875 0.540625 0.440625 0.546875 0.4421875 0.5796875 0.434375 0.5859375 0.4359375
9 0.9515625 0.3 0.96875 0.2984375 0.971875 0.3203125 0.921875 0.33125 0.915625 0.3296875 0.909375 0.33125 0.90625 0.325 0.9078125 0.309375 0.928125 0.3046875 0.934375 0.30625 0.9515625 0.3015625
12 0.078125 0.5984375 0.0609375 0.04375
12 0.2078125 0.6171875 0.071875 0.0328125
12 0.58359375 0.5515625 0.0609375 0.040625
12 0.834375 0.490625 0.0609375 0.0421875
3 0.95859375 0.40703125 0.0578125 0.03125
3 0.05859375 0.496875 0.0640625 0.028125
3 0.4296875 0.40859375 0.0703125 0.034375
1 0.06796875 0.5421875 0.0671875 0.0390625
1 0.44140625 0.46328125 0.0578125 0.034375
7 0.18828125 0.5234375 0.0578125 0.0328125
7 0.315625 0.534375 0.0640625 0.04375
7 0.44921875 0.5125 0.059375 0.034375
3 0.815625 0.3953125 0.05625 0.028125
4 0.553125 0.396875 0.0734375 0.0328125
4 0.803125 0.340625 0.0640625 0.03125
4 0.328125 0.584375 0.06875 0.03125
4 0.1796875 0.46953125 0.0703125 0.0390625
0 0.9710012696133621 0.5151365517421199 0.9845888143143045 0.514216205830693 1 0.49136818345457856 1 0.45769378941002514 0.9897068795518311 0.42546028810142617 0.9708302172080451 0.30178995269389797 0.962632630207862 0.286175349909528 0.942136748475497 0.278113709140961 0.9205807461362745 0.2823037715394324 0.9052418642789515 0.30077259518836996 0.9096610560393261 0.3412129167990067 0.9318112633339707 0.4109019774600994 0.9410185509120537 0.4848276920848069 0.9515189169227106 0.5034362904291748 0.9710012696133621 0.5151365517421199
0 0.844981563630216 0.5396323011485682 0.866999653157059 0.5112611449082102 0.8684286778212499 0.49205451314460547 0.8453115330500347 0.41739099040523076 0.8289667790786261 0.315598969829115 0.8164393549845409 0.3042676125735033 0.7912913236660841 0.2988310633076007 0.7830005535356139 0.30044262576855124 0.7689509216470511 0.32554406552186477 0.7993880706083518 0.45557129610672265 0.802747141761869 0.5082633208843979 0.8211693738456629 0.5322152853643816 0.835032639473652 0.5415661761017089 0.844981563630216 0.5396323011485682
0 0.7379393600487715 0.5466727559477929 0.7423623802729603 0.5251633451737141 0.7151017646684172 0.42033073747245686 0.7098554101269028 0.3490767059155571 0.693735957053583 0.3281187369955714 0.6808396289021644 0.3237423083365261 0.6492881108412345 0.3384793283107984 0.643253528156095 0.35169796895440725 0.6723190588968588 0.48352161096065266 0.6773720607631032 0.5360753783430343 0.6898528932920447 0.5560198182213061 0.7189152660819265 0.5727411331776768 0.7379393600487715 0.5466727559477929
0 0.6173096117663845 0.5546335566584444 0.5868258712399403 0.43321940869624687 0.5798747711071885 0.37090077225419754 0.5726441215835756 0.3602606315481097 0.5561091728877788 0.35487067384735055 0.5395276326268386 0.35809379876925157 0.518891976199043 0.3758714058686654 0.553608542225288 0.5721782059321407 0.5789857029056481 0.596499074469458 0.5925732476065904 0.5955787285580311 0.6155582746100037 0.572182034395955 0.6173096117663845 0.5546335566584444
0 0.49230343482495237 0.5754906855205146 0.4754034105356363 0.5151059240316059 0.4581849022179442 0.3911132761318875 0.4526124067204254 0.3801508229336095 0.4340969915063445 0.3734250236989465 0.41387683070102604 0.37563461957913374 0.39356348676542063 0.3950703807046415 0.4236317316693879 0.5320525398860656 0.42929358183337935 0.5877385602237388 0.448407030466697 0.6063937501332501 0.4729104368007738 0.6085139913469647 0.49230343482495237 0.5754906855205146
0 0.3562416215549552 0.619146475125424 0.36066464177914404 0.5976370643513452 0.33119443029441364 0.47258429584476946 0.3271907341565161 0.4165759630149061 0.31733499313023894 0.40128367272272625 0.300477731942252 0.3942355609958731 0.2825603501474078 0.3994391524360584 0.2622470062118024 0.41887491356156614 0.29862172626414135 0.6148594011328515 0.30981330882432245 0.6281712249067471 0.33095381554106773 0.6395491737275021 0.34090273969763185 0.6376152987743615 0.3562416215549552 0.619146475125424
0 0.24058633535085044 0.6261403383595053 0.22073890706667978 0.5594452732584105 0.20149334066556018 0.4427298664474485 0.19062407059756917 0.4310761966996468 0.1591657356669261 0.4285870514285987 0.1404639541922713 0.4563135826845766 0.17688526580975367 0.6436849876332016 0.20060427246401985 0.6683281686627088 0.22082443326933823 0.6661185727825216 0.23616331512666155 0.6476497491335842 0.24058633535085044 0.6261403383595053
0 0.1214749663991271 0.6596180744459474 0.0926493798987769 0.5378816139915596 0.08606718382335854 0.4686080489529442 0.050741098986434106 0.44622105536876766 0.03812049176206211 0.45211586335847664 0.022412705847405248 0.4775396156039803 0.04318048004300264 0.5578222254060173 0.05980095494145794 0.6698854826308874 0.084855803129628 0.6925481971421106 0.09678519380447628 0.6919501637228738 0.1214749663991271 0.6596180744459474