8 0.459375 0.5015625 0.4640625 0.5078125 0.465625 0.515625 0.4640625 0.5234375 0.45625 0.5265625 0.4390625 0.5265625 0.4375 0.528125 0.43125 0.5265625 0.4140625 0.528125 0.409375 0.5171875 0.4109375 0.5046875 0.4578125 0.5015625
8 0.7734375 0.4796875 0.7890625 0.475 0.8109375 0.475 0.8125 0.4734375 0.8203125 0.4734375 0.825 0.4796875 0.821875 0.4984375 0.784375 0.5 0.7828125 0.5015625 0.775 0.5015625 0.771875 0.4984375 0.7734375 0.48125
8 0.190625 0.5234375 0.2171875 0.5265625 0.21875 0.5390625 0.1875 0.5421875 0.16875 0.540625 0.16875 0.5265625 0.1890625 0.5234375
9 0.3453125 0.6109375 0.35 0.6140625 0.35 0.6265625 0.346875 0.6296875 0.3390625 0.6328125 0.3109375 0.6328125 0.309375 0.634375 0.2875 0.634375 0.2859375 0.6203125 0.2890625 0.6140625 0.34375 0.6109375
9 0.340625 0.565625 0.34375 0.5890625 0.3375 0.5921875 0.309375 0.590625 0.3078125 0.59375 0.29375 0.5921875 0.290625 0.5796875 0.290625 0.571875 0.29375 0.56875 0.3265625 0.5671875 0.3375 0.5640625 0.3390625 0.565625
9 0.2921875 0.51875 0.30625 0.515625 0.3359375 0.515625 0.3390625 0.5203125 0.3390625 0.534375 0.3359375 0.5375 0.30625 0.540625 0.2921875 0.5390625 0.290625 0.5359375 0.2921875 0.5203125
9 0.715625 0.5984375 0.715625 0.60625 0.7125 0.6109375 0.696875 0.6140625 0.66875 0.6140625 0.6671875 0.615625 0.6546875 0.6125 0.65625 0.596875 0.665625 0.596875 0.671875 0.59375 0.7109375 0.5921875 0.7140625 0.5984375
9 0.04375 0.5953125 0.040625 0.5859375 0.04375 0.5796875 0.0671875 0.578125 0.071875 0.575 0.0875 0.575 0.090625 0.578125 0.0921875 0.5859375 0.090625 0.59375 0.06875 0.596875 0.046875 0.596875 0.0453125 0.5953125
9 0.6859375 0.565625 0.05625 0.028125
9 0.4125 0.5703125 0.4109375 0.5640625 0.4125 0.55 0.4546875 0.5484375 0.45625 0.546875 0.4609375 0.546875 0.4640625 0.5515625 0.4625 0.571875 0.45625 0.5734375 0.453125 0.5703125 0.428125 0.5703125 0.4265625 0.571875 0.4140625 0.5703125
9 0.0921875 0.625 0.1 0.628125 0.1 0.640625 0.096875 0.646875 0.0734375 0.646875 0.071875 0.6453125 0.040625 0.65 0.0375 0.646875 0.0375 0.6296875 0.040625 0.6265625 0.090625 0.625
12 0.9140625 0.48671875 0.0546875 0.034375
12 0.79453125 0.45234375 0.065625 0.021875
12 0.434375 0.4640625 0.0546875 0.03125
12 0.1921875 0.4890625 0.053125 0.0328125
3 0.06484375 0.55 0.053125 0.0234375
3 0.91875 0.58515625 0.059375 0.01875
3 0.559375 0.61796875 0.065625 0.0234375
1 0.915625 0.53984375 0.0609375 0.0296875
1 0.55703125 0.565625 0.053125 0.0265625
7 0.80078125 0.54296875 0.0515625 0.025
7 0.6828125 0.51640625 0.0578125 0.034375
7 0.55546875 0.51875 0.053125 0.0265625
3 0.196875 0.57890625 0.0515625 0.0203125
4 0.4421875 0.61328125 0.06875 0.021875
4 0.20078125 0.63203125 0.059375 0.0203125
4 0.67890625 0.4671875 0.065625 0.021875
4 0.80234375 0.59453125 0.0625 0.0296875
0 0.05410142647495486 0.4465860099218465 0.02840335804892018 0.47512660632273757 0.03762690541517963 0.5290308560937979 0.039027819405138234 0.6473305261266529 0.04464962158835419 0.6630322633132613 0.06278265126247697 0.6732794058445867 0.08352096428453694 0.6721925569130239 0.10031633373519795 0.6569156218787372 0.10150035309570674 0.6184622980023863 0.08992911700589926 0.5502843583646355 0.09103631593493157 0.4798423337673031 0.08365205137593211 0.4610336906489595 0.06694706902172738 0.44751243465796636 0.05410142647495486 0.4465860099218465
0 0.1638328125883019 0.46482977668989517 0.1599666894483796 0.4826283913081525 0.171788736830086 0.5555920954894555 0.17369805673633282 0.6530698487362845 0.1839384159351682 0.6653302649352922 0.2067736063888769 0.6737313413268677 0.21474988062813077 0.6733133225070359 0.23121083502292636 0.651655368081346 0.2198203731260313 0.5258810463930355 0.22360967583447713 0.47609373105379654 0.20950997682820924 0.45123848359991525 0.1977579665454894 0.44065692601272455 0.18818643745838493 0.4411585485965226 0.1638328125883019 0.46482977668989517
0 0.28238329391305605 0.4682146272434887 0.29411495419830636 0.5699765224500717 0.2896500380456398 0.6373952448796354 0.3019872746761242 0.6591435864017814 0.3134884736669451 0.6649393794454199 0.34497555180412826 0.6552910299268386 0.3523665996956175 0.6437062271720516 0.3424970689004072 0.5164301201600352 0.34468183674320196 0.46654933529665127 0.3356187135723853 0.4462290410944232 0.3106030419230613 0.4267447845318588 0.2893563229847134 0.4486535502494477 0.28238329391305605 0.4682146272434887
0 0.41593954898272845 0.5747894203235833 0.41424712370593164 0.6340646609859605 0.4196181145972484 0.6449806336290166 0.43439342704773704 0.6522044739925732 0.45034597552624456 0.6513684363529095 0.47201071328442434 0.6374359448745743 0.4653359788320949 0.4490286653002523 0.44477165667045765 0.42291257805438587 0.43192601412368525 0.42198615331826606 0.4073215779617031 0.4408716168680861 0.4033718510578145 0.45707497663849284 0.41593954898272845 0.5747894203235833
0 0.5310622759848617 0.512768822115296 0.5308679351269696 0.6311520959121173 0.5346436711704357 0.6421516723191398 0.5510978422327414 0.650887163766581 0.5703245041709168 0.6514791734468353 0.5919056381651301 0.6359514271206492 0.5817760160602204 0.5037124822769693 0.5838028563928827 0.45081826100599515 0.5683587138306632 0.43083238185963263 0.5456907309048871 0.42562181516375863 0.5231831721745539 0.45399520403671706 0.5310622759848617 0.512768822115296
0 0.6493755126826964 0.4505810163790757 0.6605151632876924 0.5715695735238342 0.6568930681071794 0.6245473985587745 0.6641101251382461 0.6401655319814167 0.678969041352701 0.6489846271928241 0.6964332409150931 0.6464697309413433 0.7180143749093063 0.6309419846151573 0.7097443856091262 0.4426183088048017 0.701015677494175 0.42867903399397667 0.6827154402921195 0.41524138176694975 0.6731439112050149 0.415743004350748 0.656348541754354 0.43101993938503486 0.6493755126826964 0.4505810163790757
0 0.7753870789979266 0.5047632107719945 0.7780488327798706 0.6165982576494803 0.7866939371308552 0.6289422776124545 0.8158265432120005 0.6354136841003137 0.8369896583863822 0.6119096635348741 0.8275424330581831 0.43164586572773855 0.8085733657443965 0.4054461747179056 0.7893467038062211 0.40485416503765126 0.7725513343555601 0.42013110007193805 0.7655783052839027 0.4396921770659789 0.7753870789979266 0.5047632107719945
0 0.8925027296702728 0.5418156206583868 0.8895494646014909 0.6075554844761333 0.9196853158502327 0.6331699491382017 0.932280147105106 0.6293106093307691 0.9503363563477523 0.6075690511411129 0.9414540073698483 0.529652374888325 0.940638319727654 0.42251948879042506 0.9201576013299834 0.39799865639240944 0.9089072136310614 0.39698862789232314 0.8815302865932096 0.42401757320932976 0.8925027296702728 0.5418156206583868