9 0.41875 0.7390625 0.06875 0.2515625
1 0.48667222795002435 0.8671420114021092 0.5210824531528699 0.8510579484271004 0.5086491093289048 0.7513156074510364 0.5009795660607761 0.6212808975279625 0.4575943408414126 0.6194779272576395 0.46713995859226626 0.7568173995323135 0.48667222795002435 0.8671420114021092
12 0.5466502750701914 0.6210196770348319 0.558577793098963 0.743212964836001 0.5661976951791868 0.8303088441548795 0.6127717583281613 0.8262341416150036 0.6030248298808012 0.743058801790655 0.5916764258771998 0.6133459504766254 0.5466502750701914 0.6210196770348319
3 0.7210341603885544 0.5814921343244116 0.6856546180847304 0.5864516800378838 0.6824426518972302 0.620342729870379 0.6875915624802273 0.735660171376777 0.701735198095444 0.8408575419694019 0.7421830560537911 0.8373188129341397 0.7262366341858265 0.7397480633021596 0.7210341603885544 0.5814921343244116
3 0.6836663200624189 0.3693046138644931 0.7076808875286227 0.3672036114517218 0.6848123619568399 0.10581516807920868 0.6607977944906361 0.10791617049197995 0.6836663200624189 0.3693046138644931
7 0.6223061662246818 0.1381060566697862 0.5925851131281534 0.13948738779533923 0.6105838115739108 0.3452134524119762 0.6382225992359225 0.3476770432898125 0.6223061662246818 0.1381060566697862
1 0.5414968178413071 0.3542333899648119 0.5681588572233303 0.3509985209422302 0.5527578459380589 0.13420440340547257 0.55226668518072 0.13510971195127244 0.5254474541912413 0.13654787267908147 0.5414968178413071 0.3542333899648119
1 0.48610313608508465 0.14542741194088776 0.45722154033003043 0.15066692776259277 0.4765673607260358 0.3581035206128644 0.503229400108059 0.3548686515902827 0.48610313608508465 0.14542741194088776
3 0.3869410187140279 0.3876703388333291 0.4168903372997558 0.3877687917034315 0.3958337643062083 0.13340391495437548 0.3674660581214543 0.13769622843420212 0.3869410187140279 0.3876703388333291
0 0.32435951170958627 0.7961971013704816 0.4301919337159116 0.876564735420664 0.4811782765316308 0.8721040084296423 0.522245429874383 0.84461062574641 0.7620078226542415 0.8296092525189378 0.856198745540353 0.7317418433501309 0.8564892826296407 0.6898905980841784 0.7485817238912285 0.5858040426508591 0.6970765968924874 0.5843350392960969 0.603062087548796 0.6164607153930824 0.40055894528811714 0.6282023265886542 0.3644513866818483 0.6672120371179916 0.32753450680327023 0.7421432625674974 0.32435951170958627 0.7961971013704816
0 0.33251501442823256 0.3473497312911081 0.3547190671955411 0.37528271879271297 0.3954956834490059 0.38964058137543334 0.44492567371565983 0.36739066334705883 0.5833603618109547 0.34930407941935826 0.7210238721955211 0.36116055520198603 0.7458841358734918 0.3291099735548224 0.7752475001004776 0.21301376853029041 0.7496402051457507 0.19135364421993292 0.7204014209098717 0.1281854074890862 0.6874688573972867 0.11314127921543929 0.5164560496469947 0.14602831545317368 0.3731879635790696 0.1346621765067127 0.3281987838658773 0.1624986920354083 0.310892035839499 0.23571425325759793 0.31659866185273844 0.30094128706122414 0.33251501442823256 0.3473497312911081