9 0.7078125 0.515625 0.715625 0.515625 0.7171875 0.5203125 0.7390625 0.521875 0.7390625 0.525 0.74375 0.5265625 0.7421875 0.5578125 0.7171875 0.55625 0.7140625 0.5609375 0.634375 0.559375 0.6265625 0.5578125 0.6265625 0.5546875 0.621875 0.553125 0.6203125 0.5484375 0.6171875 0.5484375 0.61875 0.5453125 0.6234375 0.54375 0.6234375 0.521875 0.66875 0.5234375 0.6703125 0.51875 0.70625 0.5203125 0.7078125 0.5171875
9 0.690625 0.353125 0.7453125 0.3546875 0.746875 0.359375 0.7640625 0.359375 0.7703125 0.365625 0.76875 0.3859375 0.7640625 0.3875 0.7640625 0.3953125 0.6234375 0.390625 0.6234375 0.3875 0.61875 0.3859375 0.6203125 0.3546875 0.6828125 0.35625 0.684375 0.3578125 0.6890625 0.3578125 0.690625 0.3546875
9 0.640625 0.4265625 0.6484375 0.4265625 0.65 0.43125 0.6859375 0.4328125 0.6875 0.428125 0.690625 0.428125 0.6921875 0.4328125 0.7 0.4328125 0.7015625 0.428125 0.709375 0.428125 0.7109375 0.4328125 0.746875 0.434375 0.7453125 0.4703125 0.6875 0.46875 0.684375 0.4640625 0.6796875 0.4625 0.6453125 0.4625 0.6421875 0.4578125 0.6359375 0.4578125 0.6328125 0.4515625 0.6265625 0.4515625 0.6265625 0.4296875 0.6390625 0.43125 0.640625 0.428125
9 0.7984375 0.375 0.815625 0.375 0.815625 0.378125 0.81875 0.38125 0.825 0.38125 0.8265625 0.3859375 0.853125 0.3859375 0.85625 0.38125 0.8609375 0.38125 0.8625 0.3828125 0.8859375 0.3828125 0.8859375 0.3859375 0.890625 0.3875 0.8921875 0.3828125 0.9046875 0.3828125 0.9078125 0.3890625 0.9375 0.3890625 0.9375 0.3921875 0.9421875 0.39375 0.9421875 0.4109375 0.9390625 0.4109375 0.9375 0.415625 0.934375 0.415625 0.93125 0.4203125 0.925 0.4203125 0.9234375 0.415625 0.83125 0.4125 0.8296875 0.4078125 0.7984375 0.40625 0.7984375 0.403125 0.79375 0.4015625 0.79375 0.3796875 0.796875 0.3796875 0.7984375 0.3765625
9 0.80625 0.4453125 0.9046875 0.4484375 0.9125 0.45 0.9140625 0.4546875 0.921875 0.4546875 0.9203125 0.490625 0.9171875 0.490625 0.915625 0.4953125 0.8328125 0.4921875 0.83125 0.4875 0.8 0.4859375 0.8 0.4828125 0.7953125 0.48125 0.7953125 0.4609375 0.8015625 0.4578125 0.8015625 0.45 0.8046875 0.45 0.80625 0.446875
7 0.8578125 0.534375 0.859375 0.5359375 0.9140625 0.5375 0.9140625 0.5453125 0.91875 0.546875 0.9171875 0.559375 0.9125 0.5609375 0.9125 0.56875 0.8625 0.5671875 0.8609375 0.571875 0.84375 0.5703125 0.8421875 0.565625 0.796875 0.5640625 0.796875 0.5609375 0.7921875 0.559375 0.79375 0.5328125 0.85625 0.534375
2 0.1421875 0.5421875 0.14375 0.54375 0.2046875 0.5453125 0.2046875 0.571875 0.1546875 0.5703125 0.153125 0.575 0.1453125 0.575 0.1453125 0.571875 0.140625 0.56875 0.096875 0.56875 0.084375 0.5671875 0.084375 0.5640625 0.0796875 0.5625 0.0796875 0.5421875 0.0875 0.540625 0.090625 0.5359375 0.096875 0.5359375 0.1 0.5421875 0.140625 0.5421875
3 0.3203125 0.5953125 0.321875 0.596875 0.409375 0.5984375 0.4109375 0.6 0.425 0.6 0.4265625 0.5953125 0.4484375 0.5953125 0.4484375 0.5984375 0.453125 0.6 0.453125 0.6265625 0.45 0.6265625 0.4484375 0.63125 0.4171875 0.63125 0.4140625 0.6359375 0.3078125 0.63125 0.309375 0.6296875 0.3046875 0.6265625 0.3046875 0.590625 0.3171875 0.590625 0.31875 0.5953125
3 0.078125 0.3453125 0.1453125 0.346875 0.1515625 0.3484375 0.153125 0.353125 0.1890625 0.353125 0.190625 0.3484375 0.1921875 0.35 0.2296875 0.35 0.23125 0.3515625 0.2296875 0.3765625 0.2265625 0.3765625 0.225 0.38125 0.1984375 0.38125 0.196875 0.3765625 0.1875 0.375 0.1609375 0.375 0.159375 0.3796875 0.1453125 0.3796875 0.14375 0.378125 0.08125 0.3765625 0.08125 0.3734375 0.0765625 0.371875 0.078125 0.346875
3 0.06875 0.6015625 0.1140625 0.603125 0.115625 0.6078125 0.140625 0.6078125 0.1421875 0.609375 0.1703125 0.609375 0.171875 0.6046875 0.175 0.6046875 0.175 0.6078125 0.1796875 0.609375 0.18125 0.6046875 0.1859375 0.6046875 0.19375 0.60625 0.19375 0.609375 0.1984375 0.6109375 0.2 0.60625 0.221875 0.60625 0.221875 0.6234375 0.21875 0.6234375 0.2171875 0.628125 0.1765625 0.6265625 0.1734375 0.63125 0.140625 0.63125 0.1390625 0.6296875 0.10625 0.6296875 0.1046875 0.625 0.0734375 0.6234375 0.0734375 0.6203125 0.06875 0.61875 0.06875 0.603125
4 0.35 0.3453125 0.3515625 0.35 0.36875 0.35 0.3703125 0.3515625 0.375 0.346875 0.4140625 0.346875 0.4296875 0.3484375 0.43125 0.353125 0.4578125 0.353125 0.4625 0.3546875 0.4625 0.365625 0.4609375 0.3765625 0.4578125 0.3765625 0.45625 0.3796875 0.4484375 0.3796875 0.446875 0.375 0.4296875 0.375 0.428125 0.3796875 0.3125 0.375 0.3125 0.371875 0.3078125 0.3703125 0.3078125 0.3625 0.309375 0.353125 0.3125 0.353125 0.3140625 0.3484375 0.321875 0.3484375 0.3234375 0.34375 0.3484375 0.3453125
4 0.68046875 0.63984375 0.15625 0.040625
4 0.85546875 0.659375 0.14375 0.0375
7 0.38984375 0.4515625 0.1296875 0.0484375
1 0.14296875 0.5 0.1375 0.03125
1 0.3828125 0.53515625 0.1296875 0.0359375
9 0.14296875 0.4359375 0.140625 0.0234375
0 0.06481909471862947 0.6624814782155116 0.11877907864937702 0.739177730921842 0.14218653526217684 0.7446708828527123 0.2163228673475858 0.649069124400191 0.22773859056803003 0.3221655828518887 0.16808600840091165 0.2733250134393767 0.11590466045952545 0.2808542916843602 0.07152071026445526 0.33541331639974464 0.06481909471862947 0.6624814782155116
0 0.29549947062819715 0.5442918850280399 0.30101372373042445 0.6567023398081016 0.32799371569579827 0.6950504661612665 0.38878787018496097 0.7112006814189483 0.4370705192531892 0.6801565299387644 0.4623024019769043 0.3630869503799502 0.4454029524019356 0.3063878621875257 0.36591544897459144 0.2849091152664383 0.3125925287111608 0.325128747666252 0.2964932245638009 0.38067549398642414 0.29549947062819715 0.5442918850280399
0 0.5942668901185162 0.6388884928296253 0.6069414772997428 0.6814128089739437 0.6438389298952295 0.7060800240813967 0.7051223296652683 0.7082200875584368 0.7389364921890573 0.6860221764629533 0.7565340589267484 0.3172527998401911 0.6671290948692914 0.309454964164816 0.5993376880614214 0.35852083694933007 0.6131385841908411 0.5039508864191511 0.5942668901185162 0.6388884928296253
0 0.7719352459113858 0.6871745183352058 0.841016043427741 0.7363443282826468 0.8891356107356773 0.7099702273960101 0.9141738849513976 0.6687628733914087 0.9392426859148209 0.3563633444261417 0.8890183190969394 0.30785201554855907 0.7981456191968536 0.3420846352151086 0.7719352459113858 0.6871745183352058