6 0.45546875 0.446875 0.0796875 0.05625
3 0.58125 0.48046875 0.0765625 0.046875
3 0.46640625 0.3796875 0.0953125 0.0515625
3 0.56328125 0.61015625 0.096875 0.0546875
3 0.42734375 0.56796875 0.084375 0.0328125
4 0.16484375 0.34140625 0.09375 0.0421875
4 0.58984375 0.4109375 0.0921875 0.0421875
4 0.73671875 0.440625 0.090625 0.0390625
9 0.72578125 0.503125 0.0765625 0.046875
9 0.7125 0.565625 0.0765625 0.0453125
9 0.6984375 0.6375 0.090625 0.05
9 0.440625 0.50625 0.0765625 0.0453125
8 0.3125 0.41796875 0.078125 0.0453125
8 0.8625 0.528125 0.078125 0.040625
1 0.3 0.4796875 0.0765625 0.040625
1 0.56875 0.54609375 0.08125 0.0484375
7 0.15546875 0.4140625 0.071875 0.0421875
7 0.1359375 0.53828125 0.1 0.0484375
7 0.85234375 0.59609375 0.078125 0.0484375
4 0.29140625 0.54609375 0.096875 0.0390625
11 0.14375 0.47265625 0.0796875 0.0421875
4 0.840625 0.66015625 0.096875 0.0453125
12 0.875 0.46484375 0.0921875 0.0546875
12 0.32109375 0.35078125 0.0953125 0.0546875
0 0.797181009166931 0.7097651353615528 0.8128499555917033 0.7289809762805927 0.8402907037048856 0.7375489386356294 0.8678591981182533 0.7121845091908137 0.8795434372461397 0.6853495039200965 0.8840865085646289 0.6619774281237236 0.8792369682843072 0.6286945604465981 0.9018647623162293 0.4956470547580193 0.916968149638198 0.4678596539433427 0.9186978156050701 0.4423236969180797 0.9141949280262427 0.4155762542078862 0.8857142218085772 0.3874020169520533 0.876365391490028 0.3855847884246576 0.8487531157963983 0.4028556545161165 0.836419352545785 0.4247133732063263 0.82789517147101 0.46024768467286564 0.8342590688574949 0.485739860417867 0.8252167075007784 0.5405775753639697 0.7917695073244058 0.687692107810634 0.797181009166931 0.7097651353615528
0 0.6581564425330237 0.618061072044995 0.6527047569508367 0.6461075630006425 0.6528361007916221 0.6703882530607134 0.6648268088813413 0.7002081912634948 0.6698478767421102 0.7076522304941245 0.6863816561503184 0.714100092900533 0.7229961094610029 0.6921110303695377 0.7384023682042041 0.6627654911684362 0.7429016582424315 0.6312998520187063 0.7377930278211389 0.6076686860813625 0.7641428414683761 0.4721106464623994 0.778337614526647 0.44899766080699727 0.781366328738973 0.43341627694274865 0.7780311455648145 0.3923427173334987 0.7614098035960823 0.36970772822037645 0.7380377277997094 0.36516465690188726 0.7101225806848473 0.3839936613797711 0.7002555700843566 0.40147983633193896 0.6923371318520469 0.4338978710256286 0.6965371480096417 0.4622034521222469 0.6747741869611554 0.582482979298194 0.6686729772562415 0.6055521836733343 0.6581564425330237 0.618061072044995
0 0.5191792547199783 0.5926636539417175 0.5125598647331226 0.6350362617964214 0.514205565680071 0.6515262599243679 0.5255029683668014 0.668275348193285 0.5364537183520371 0.6784890114952703 0.550476963829861 0.6812148542863639 0.5849275359116551 0.6620391971069856 0.6021510231822523 0.6233448275873349 0.5990749301490642 0.5726195662383032 0.615254861774578 0.45610583995793286 0.6291029821313545 0.4264574293355987 0.6366309863819081 0.3794104063216202 0.6265450693801082 0.35642876450700345 0.6068512319187883 0.34128159590477286 0.5912698480545397 0.3382528816924467 0.5661243250110329 0.3511522040458637 0.5550020474453499 0.36677736919037407 0.5461749949493424 0.4038698190433382 0.5510245352296641 0.4371526867204637 0.5326807223752603 0.5564798183524513 0.5284405224780038 0.5782937557623993 0.5191792547199783 0.5926636539417175
0 0.40249759839976085 0.6605356326226228 0.41496270549115977 0.6629586039924836 0.44846088202899426 0.6403637986190232 0.458327892629485 0.6228776236668552 0.4674140352664633 0.5761334720741094 0.46542168161802044 0.5531080489792308 0.480565252679651 0.47520112965798766 0.4924210193879846 0.4225272959407748 0.5050576540598306 0.39911143886414013 0.5107684297829885 0.36141324616871073 0.5063093234844229 0.34275936681187424 0.4899908529369236 0.3185662393123271 0.4768762217227976 0.311165981361959 0.46350250036770096 0.3134174251513727 0.4427285210622361 0.3287835001549123 0.42667273819630774 0.3531517527755067 0.4169406689772024 0.45313169964766875 0.3996332166866817 0.533852024320529 0.38119824373115424 0.5787789473858793 0.3754874680079965 0.6164771400813086 0.40249759839976085 0.6605356326226228
0 0.24650503709562716 0.5396611552260107 0.24295814260135945 0.5745459425698228 0.24555623909226756 0.5944550888918516 0.2656405105353436 0.6242312458143712 0.27594173639785247 0.6294676225358492 0.28589630955886686 0.6281685742903951 0.31627820932385164 0.6049680260744694 0.3258423485031098 0.5890399895087264 0.3346256197188555 0.5438539763024053 0.3289112464550976 0.5233390871379113 0.3309875651234641 0.5043385550795804 0.34755793073073404 0.40245381711949896 0.35149525920675806 0.38219801809597576 0.3626175367724411 0.36657285295146524 0.3686311839168315 0.32731652186961113 0.3610120195651544 0.2999633363169524 0.34162105352506716 0.28325802932829697 0.3316664803640528 0.2845570775737509 0.32322626430920137 0.27806543388708077 0.2971721270019968 0.2956391713997723 0.28760798782273855 0.31156720796551535 0.27756944964180064 0.3548922113641789 0.28453908987075077 0.3772681103363304 0.2750625132520162 0.4093832736087874 0.2643342672086894 0.49785050893351 0.24650503709562716 0.5396611552260107
0 0.08753473794062931 0.5588877887668507 0.08918043888757783 0.5753777868947971 0.10800944336546156 0.6032929340096593 0.11363625406869582 0.6076206964674394 0.12636045130106555 0.6003919660975185 0.13605593432110913 0.6087446195918463 0.1651825671209017 0.583683061568263 0.17132755810607753 0.5687074205464796 0.17859647221566022 0.5313120992722828 0.17409358463683278 0.5045646565620895 0.19135725564709158 0.41575076853587223 0.19062016896384096 0.39458635524865115 0.1951632402823301 0.37121427945227825 0.20719413211171095 0.3509146991484932 0.21407261223953739 0.2988903895540075 0.2074496247120817 0.283049915548788 0.19117493544484426 0.2669503514025979 0.1674999882272387 0.26396541847053345 0.13863244556841697 0.279375274754335 0.13369894026817156 0.2881183622304189 0.12244891640230318 0.3376759191747819 0.1285099423675554 0.36472623330620796 0.10769937686302888 0.48842490867623745 0.09017301817119923 0.5286774165823132 0.08753473794062931 0.5588877887668507