8 0.478125 0.8734375 0.4984375 0.8765625 0.5 0.8796875 0.49375 0.925 0.496875 0.9359375 0.49375 0.9484375 0.4859375 0.946875 0.4734375 0.9484375 0.4625 0.946875 0.459375 0.94375 0.4625 0.9203125 0.4609375 0.909375 0.465625 0.8765625 0.46875 0.8734375 0.4765625 0.8734375
8 0.5515625 0.278125 0.553125 0.2796875 0.565625 0.278125 0.575 0.2828125 0.5734375 0.2953125 0.5703125 0.3015625 0.571875 0.3046875 0.5703125 0.35 0.5640625 0.3546875 0.5375 0.3515625 0.534375 0.3421875 0.5375 0.321875 0.5359375 0.3109375 0.5390625 0.296875 0.5390625 0.28125 0.5421875 0.278125 0.55 0.278125
7 0.4140625 0.865625 0.4265625 0.86875 0.425 0.89375 0.4203125 0.9203125 0.421875 0.9234375 0.4203125 0.940625 0.3890625 0.9375 0.384375 0.9328125 0.3890625 0.903125 0.3875 0.8921875 0.3890625 0.8796875 0.3921875 0.8765625 0.3921875 0.8671875 0.4125 0.865625
7 0.55 0.1109375 0.5703125 0.115625 0.565625 0.146875 0.5671875 0.1515625 0.565625 0.178125 0.5671875 0.1796875 0.565625 0.184375 0.559375 0.1875 0.5453125 0.184375 0.5328125 0.184375 0.528125 0.18125 0.5296875 0.15625 0.5328125 0.1421875 0.53125 0.13125 0.534375 0.1125 0.5484375 0.1109375
7 0.4234375 0.090625 0.4265625 0.09375 0.4328125 0.09375 0.4375 0.0984375 0.434375 0.1125 0.4359375 0.1203125 0.4328125 0.1515625 0.434375 0.1625 0.43125 0.1796875 0.41875 0.1828125 0.3953125 0.178125 0.3921875 0.165625 0.39375 0.159375 0.3921875 0.1484375 0.396875 0.121875 0.3953125 0.1109375 0.3984375 0.0921875 0.421875 0.090625
9 0.346875 0.696875 0.3703125 0.7015625 0.3765625 0.7109375 0.3671875 0.7859375 0.3578125 0.7921875 0.33125 0.790625 0.3265625 0.7875 0.3265625 0.7734375 0.3296875 0.7625 0.328125 0.759375 0.33125 0.75625 0.3328125 0.7375 0.3359375 0.7328125 0.3390625 0.6984375 0.3453125 0.696875
9 0.4859375 0.725 0.5015625 0.728125 0.5125 0.7265625 0.51875 0.7328125 0.509375 0.7984375 0.4828125 0.796875 0.4765625 0.7953125 0.475 0.7921875 0.4796875 0.7546875 0.4796875 0.73125 0.48125 0.7265625 0.484375 0.725
9 0.4671875 0.421875 0.4890625 0.425 0.49375 0.4296875 0.49375 0.4359375 0.4875 0.45 0.4859375 0.4625 0.4875 0.465625 0.4859375 0.496875 0.4765625 0.5 0.465625 0.4984375 0.4609375 0.4953125 0.45 0.4953125 0.4453125 0.4890625 0.4484375 0.4609375 0.4515625 0.4578125 0.4515625 0.4484375 0.4546875 0.4453125 0.45625 0.434375 0.4609375 0.4234375 0.465625 0.421875
9 0.4359375 0.7171875 0.4453125 0.7203125 0.44375 0.7296875 0.4453125 0.7359375 0.4421875 0.7421875 0.44375 0.7453125 0.4390625 0.7671875 0.440625 0.7703125 0.4390625 0.7859375 0.4375 0.7890625 0.4296875 0.7921875 0.409375 0.790625 0.40625 0.784375 0.4109375 0.75 0.4078125 0.7390625 0.4109375 0.71875 0.41875 0.715625 0.434375 0.7171875
6 0.5296875 0.43125 0.5640625 0.4359375 0.565625 0.440625 0.5640625 0.453125 0.5609375 0.45625 0.5609375 0.465625 0.5578125 0.46875 0.55625 0.490625 0.5515625 0.50625 0.5390625 0.50625 0.5140625 0.5015625 0.5140625 0.48125 0.5171875 0.475 0.5171875 0.4640625 0.521875 0.45 0.521875 0.4390625 0.525 0.4328125 0.528125 0.43125
3 0.6078125 0.4203125 0.609375 0.421875 0.6203125 0.4203125 0.6296875 0.4265625 0.6328125 0.43125 0.63125 0.4328125 0.6328125 0.45625 0.6265625 0.4640625 0.621875 0.465625 0.6203125 0.4703125 0.6171875 0.5 0.6234375 0.5046875 0.621875 0.51875 0.6125 0.5234375 0.6015625 0.521875 0.5890625 0.5234375 0.5828125 0.5203125 0.58125 0.515625 0.578125 0.5140625 0.5796875 0.49375 0.58125 0.4890625 0.584375 0.4875 0.5859375 0.4796875 0.590625 0.434375 0.59375 0.4296875 0.6 0.428125 0.60625 0.421875
3 0.36875 0.5453125 0.3875 0.55625 0.3875 0.5609375 0.390625 0.5625 0.390625 0.571875 0.39375 0.5765625 0.390625 0.5984375 0.390625 0.6125 0.39375 0.61875 0.3921875 0.634375 0.3796875 0.646875 0.3765625 0.646875 0.3671875 0.6375 0.3546875 0.6390625 0.3484375 0.6328125 0.3453125 0.625 0.3484375 0.60625 0.3484375 0.5984375 0.3453125 0.596875 0.3453125 0.59375 0.346875 0.58125 0.3484375 0.5765625 0.3515625 0.575 0.353125 0.55625 0.35625 0.55 0.3625 0.5453125 0.3671875 0.5453125
3 0.509375 0.5703125 0.5203125 0.571875 0.5296875 0.5828125 0.525 0.61875 0.525 0.6359375 0.5234375 0.640625 0.5171875 0.646875 0.509375 0.65 0.5015625 0.6453125 0.49375 0.646875 0.4859375 0.6421875 0.4828125 0.628125 0.4875 0.578125 0.490625 0.578125 0.4953125 0.571875 0.5078125 0.5703125
12 0.5546875 0.8609375 0.5640625 0.8625 0.56875 0.8671875 0.5703125 0.8734375 0.565625 0.903125 0.565625 0.9203125 0.56875 0.921875 0.56875 0.928125 0.5640625 0.9609375 0.5546875 0.9671875 0.540625 0.965625 0.5359375 0.9609375 0.528125 0.959375 0.521875 0.953125 0.5203125 0.9421875 0.521875 0.93125 0.5203125 0.925 0.5234375 0.921875 0.521875 0.9125 0.525 0.909375 0.5234375 0.90625 0.525 0.9046875 0.5234375 0.9015625 0.525 0.878125 0.53125 0.871875 0.5359375 0.871875 0.5453125 0.8640625 0.553125 0.8625
12 0.6171875 0.2671875 0.61875 0.2703125 0.625 0.271875 0.6296875 0.28125 0.6359375 0.278125 0.640625 0.2703125 0.6546875 0.2703125 0.6609375 0.2765625 0.6609375 0.2875 0.6578125 0.29375 0.6640625 0.3046875 0.6625 0.33125 0.659375 0.3484375 0.65625 0.35 0.6515625 0.359375 0.64375 0.3671875 0.6390625 0.36875 0.628125 0.3671875 0.625 0.3703125 0.6125 0.3671875 0.609375 0.359375 0.603125 0.353125 0.603125 0.340625 0.6078125 0.3125 0.5984375 0.303125 0.6 0.278125 0.6078125 0.2703125 0.615625 0.26875
4 0.5640625 0.7234375 0.58125 0.7265625 0.5875 0.7328125 0.5875 0.74375 0.5765625 0.7546875 0.5796875 0.759375 0.5796875 0.775 0.5765625 0.7890625 0.578125 0.8 0.575 0.8015625 0.5765625 0.8125 0.5734375 0.815625 0.5734375 0.8203125 0.5640625 0.8265625 0.553125 0.825 0.5484375 0.81875 0.5484375 0.8109375 0.540625 0.8 0.54375 0.7765625 0.546875 0.771875 0.55 0.740625 0.553125 0.7390625 0.5578125 0.7265625 0.5625 0.725
4 0.3375 0.8453125 0.346875 0.846875 0.3515625 0.8546875 0.35625 0.8578125 0.35625 0.8625 0.3515625 0.890625 0.353125 0.9140625 0.35 0.934375 0.3453125 0.940625 0.3453125 0.9453125 0.3359375 0.95 0.33125 0.9484375 0.321875 0.95 0.3125 0.940625 0.315625 0.9171875 0.321875 0.903125 0.3203125 0.9 0.321875 0.896875 0.3171875 0.890625 0.3171875 0.875 0.3265625 0.8515625 0.3359375 0.8453125
4 0.5734375 0.5578125 0.584375 0.5609375 0.5875 0.565625 0.596875 0.5671875 0.603125 0.5796875 0.5953125 0.6359375 0.596875 0.646875 0.5953125 0.653125 0.584375 0.659375 0.5734375 0.653125 0.56875 0.653125 0.559375 0.640625 0.559375 0.634375 0.5625 0.63125 0.5671875 0.59375 0.5671875 0.584375 0.5625 0.5765625 0.5625 0.56875 0.5640625 0.5640625 0.571875 0.5578125
4 0.4046875 0.2578125 0.4109375 0.2546875 0.4140625 0.25625 0.425 0.2546875 0.440625 0.2671875 0.4421875 0.2765625 0.4390625 0.2796875 0.4375 0.2890625 0.4328125 0.29375 0.43125 0.3046875 0.4328125 0.3140625 0.4421875 0.3265625 0.4421875 0.3390625 0.440625 0.3421875 0.434375 0.3453125 0.425 0.3453125 0.4171875 0.35 0.4109375 0.35 0.40625 0.346875 0.403125 0.3390625 0.3984375 0.3359375 0.3953125 0.3203125 0.4015625 0.2640625 0.4046875 0.259375
1 0.5046875 0.26875 0.509375 0.275 0.5046875 0.309375 0.5046875 0.3234375 0.509375 0.328125 0.509375 0.334375 0.50625 0.3453125 0.5 0.3484375 0.4859375 0.3484375 0.4828125 0.3453125 0.471875 0.3453125 0.4625 0.340625 0.4578125 0.3328125 0.459375 0.325 0.4609375 0.3265625 0.471875 0.315625 0.475 0.29375 0.4671875 0.2828125 0.46875 0.2734375 0.4765625 0.2671875 0.4859375 0.265625 0.5 0.265625 0.503125 0.26875
1 0.44375 0.5609375 0.4515625 0.565625 0.4546875 0.571875 0.459375 0.575 0.4578125 0.5765625 0.4609375 0.584375 0.459375 0.5875 0.4609375 0.5984375 0.459375 0.625 0.45625 0.628125 0.4546875 0.6375 0.4515625 0.6421875 0.446875 0.64375 0.415625 0.6390625 0.409375 0.6296875 0.415625 0.596875 0.4140625 0.5734375 0.425 0.5609375 0.4296875 0.559375 0.4421875 0.5609375
3 0.3828125 0.41875 0.3875 0.4125 0.3890625 0.4046875 0.3984375 0.3984375 0.4140625 0.4 0.41875 0.409375 0.4109375 0.48125 0.403125 0.4921875 0.39375 0.4921875 0.3875 0.4890625 0.384375 0.48125 0.3859375 0.4640625 0.3796875 0.4578125 0.38125 0.4546875 0.3796875 0.4421875 0.3828125 0.440625 0.38125 0.4296875 0.384375 0.428125 0.3828125 0.4265625 0.384375 0.4203125
11 0.4859375 0.0953125 0.496875 0.1 0.5 0.10625 0.4984375 0.1171875 0.5015625 0.1265625 0.4984375 0.159375 0.4953125 0.1671875 0.4875 0.1765625 0.4734375 0.175 0.4671875 0.1671875 0.465625 0.1609375 0.46875 0.128125 0.471875 0.1203125 0.46875 0.1140625 0.4703125 0.10625 0.4765625 0.1 0.484375 0.096875
4 0.6265625 0.1046875 0.634375 0.109375 0.6375 0.1171875 0.6359375 0.125 0.6375 0.1625 0.634375 0.1875 0.6296875 0.1984375 0.6234375 0.2015625 0.615625 0.2 0.609375 0.1953125 0.6078125 0.175 0.6109375 0.1609375 0.609375 0.15625 0.6109375 0.1140625 0.615625 0.1078125 0.6203125 0.1046875 0.625 0.1046875
0 0.4816802580009048 0.8717246045829354 0.3900108180648846 0.8672995877400325 0.35571569523871166 0.8545504572828889 0.3203877813667324 0.8502127348905022 0.2945338825449777 0.8521612065919376 0.27416976092006096 0.8650296008077263 0.2624236055690624 0.8772485044563696 0.2587055578041596 0.9075295734894947 0.28777709352197833 0.9350061220448783 0.3208030511535224 0.9441841310669578 0.34792611516990596 0.9458067808005868 0.3762885284412572 0.9373357408565074 0.5161244605253841 0.9527977906039411 0.5619889964330556 0.9686751101381649 0.5949851381249383 0.964188308047472 0.6291908131321274 0.9359430051662982 0.6304003464474339 0.9121845043758177 0.6126916656019523 0.8895184265104656 0.5935370772923418 0.8786283199357735 0.5466397503388641 0.8711624084663064 0.5216419002934157 0.8800465648287086 0.4816802580009048 0.8717246045829354
0 0.39493624577662617 0.7159240585140684 0.36441880259467857 0.7002234812493446 0.34423142323926187 0.6977447827394094 0.2969507958071228 0.7073082456086176 0.27658667418220606 0.7201766398244063 0.26758540742962655 0.7378555047302265 0.29668675908710657 0.7789968643983827 0.3276173186873767 0.7913328784372036 0.3614695091555658 0.7937817610074775 0.3744848297011931 0.7851339787938981 0.5326193013186241 0.8045504504550571 0.5751192740003928 0.8200146535709585 0.611273420709017 0.8176232495115396 0.6391929016223845 0.7988519616805905 0.6441801145819162 0.7721420140825292 0.634469725382869 0.7538732904888865 0.6192993749266453 0.7383494554936627 0.5850042521004724 0.7256003250365192 0.5314076146348503 0.7309729918431797 0.39493624577662617 0.7159240585140684
0 0.557553212747815 0.5736647530623937 0.4660903310209559 0.5675574546065396 0.40363935313259314 0.561597082480524 0.3609328222416631 0.5478151609775741 0.32100099588881353 0.5531580118445734 0.2958264035738651 0.5773892609326992 0.29396737969141373 0.5925297954492617 0.31695927952457204 0.6277980774419184 0.3544124073674864 0.642642605930336 0.385106592818934 0.6429960904693359 0.401279918381303 0.6364437062870304 0.5318483936243664 0.6439372803276909 0.5678257980634909 0.6568929689939959 0.611565120000227 0.6622634824321888 0.6342610138052402 0.6582196126994797 0.6596421643293499 0.6323060819984024 0.6638031444522365 0.612325260852147 0.6526170318493993 0.5921676974363915 0.6389224047969656 0.5785327022632804 0.6126255736172271 0.5701809260778459 0.5857090678100049 0.5668759947312656 0.557553212747815 0.5736647530623937
0 0.41045362066644736 0.40874582985076985 0.36187401210001824 0.4010733601721417 0.33540043865077973 0.40806867671243097 0.3058284920641222 0.4402982174469912 0.31618837183031434 0.46718490731455226 0.34756186378856824 0.4898211692402429 0.40307715701596425 0.4966375901425647 0.419043924369172 0.49176748757321054 0.5620378614700403 0.5093249353519183 0.5877150180222951 0.5227235563762068 0.6213606502813228 0.5268547205594322 0.6493099471343515 0.5217482438412555 0.6814202241102667 0.4966609459768234 0.67778947079588 0.47060048894590745 0.6552405033207057 0.4456324548401203 0.6259922253333869 0.4335029990104606 0.5709198644639748 0.4369868259950083 0.434655053814912 0.42025561105294573 0.41045362066644736 0.40874582985076985
0 0.5936414245006657 0.28438109951840473 0.4782729586245356 0.27363092063769073 0.406967640313432 0.2563375095789993 0.36556009055679217 0.2597915206238858 0.3292590175183291 0.291194828521801 0.3337160036693607 0.31052615910091147 0.35774069454832536 0.3373830330288113 0.3754195594541456 0.34638429978139074 0.4189523231817206 0.35343709483253505 0.4542504211140386 0.34411000611214926 0.5757878136648614 0.35561763394585766 0.6117652181039857 0.3685733226121626 0.6487754135889163 0.37311760321371046 0.6838669533120731 0.365472796106276 0.7021058609660547 0.3420975957944565 0.7035219524905224 0.31665681339102436 0.6843375482412506 0.2921018957035597 0.6616118384965761 0.2824809543234964 0.6195547981727914 0.2773169990944648 0.5936414245006657 0.28438109951840473
0 0.5563329125901708 0.11074345684108304 0.4680280358800534 0.10673155641650278 0.413752091907625 0.0898214458364726 0.3723445421509852 0.09327545688135923 0.34170998857886015 0.12025159456790395 0.34699320756653684 0.13285379869520883 0.3411201298910376 0.13896325051953062 0.343451902071134 0.1477877750026102 0.362842864529567 0.17066041107712326 0.37883944782243584 0.17945511962054153 0.4276256145980263 0.1854453076862183 0.44568777998250775 0.17741720010012263 0.5691140123554432 0.18744910453004088 0.6269610777629357 0.20309004991544216 0.6658601130699789 0.20615860711319992 0.6849848854399282 0.2033839025751197 0.7103660359640378 0.17747037187404255 0.7139073414594406 0.16253639556664118 0.6957557282559752 0.12957006981441976 0.6633494452519151 0.11534521595348587 0.6246569681540329 0.11059437714277669 0.592929991656779 0.11865230066853369 0.5563329125901708 0.11074345684108304