9 0.3375 0.0734375 0.340625 0.075 0.34375 0.08125 0.340625 0.0875 0.3421875 0.09375 0.346875 0.1015625 0.346875 0.1078125 0.3546875 0.121875 0.353125 0.1265625 0.35 0.1265625 0.346875 0.13125 0.3421875 0.128125 0.3375 0.128125 0.334375 0.121875 0.328125 0.0921875 0.3234375 0.0890625 0.325 0.0765625 0.3359375 0.0734375
9 0.6171875 0.984375 0.6109375 0.959375 0.6125 0.9546875 0.6078125 0.9390625 0.609375 0.9359375 0.6078125 0.93125 0.6125 0.928125 0.6203125 0.9265625 0.6234375 0.93125 0.621875 0.934375 0.625 0.9453125 0.6234375 0.9515625 0.63125 0.9796875 0.63125 0.9828125 0.6171875 0.9859375
9 0.3671875 0.065625 0.3703125 0.0671875 0.371875 0.075 0.375 0.078125 0.3796875 0.103125 0.384375 0.1046875 0.3859375 0.1109375 0.3859375 0.1171875 0.3734375 0.121875 0.365625 0.1171875 0.3625 0.1015625 0.359375 0.1 0.359375 0.09375 0.35625 0.090625 0.3515625 0.071875 0.35625 0.0671875 0.365625 0.065625
9 0.3859375 0.1671875 0.390625 0.1734375 0.3921875 0.1890625 0.3953125 0.19375 0.4 0.2140625 0.396875 0.2203125 0.384375 0.2234375 0.3796875 0.221875 0.36875 0.175 0.3734375 0.16875 0.384375 0.1671875
9 0.590625 0.9421875 0.59375 0.95 0.5921875 0.9546875 0.6 0.9890625 0.584375 0.99375 0.578125 0.978125 0.5734375 0.9578125 0.575 0.9546875 0.5734375 0.946875 0.5859375 0.940625 0.5890625 0.9421875
8 0.4125 0.3390625 0.415625 0.34375 0.4140625 0.35 0.4171875 0.3515625 0.415625 0.35625 0.41875 0.3703125 0.421875 0.371875 0.4203125 0.3765625 0.4234375 0.3890625 0.4171875 0.39375 0.4046875 0.396875 0.4015625 0.39375 0.390625 0.3453125 0.39375 0.3421875 0.4109375 0.3390625
2 0.559375 0.76875 0.5625 0.7734375 0.571875 0.8125 0.56875 0.821875 0.5578125 0.825 0.5484375 0.825 0.540625 0.79375 0.54375 0.790625 0.540625 0.7796875 0.5421875 0.771875 0.5578125 0.76875
2 0.4390625 0.2484375 0.4515625 0.24375 0.4578125 0.2453125 0.45625 0.246875 0.4578125 0.2609375 0.4625 0.2703125 0.465625 0.2890625 0.471875 0.303125 0.4703125 0.309375 0.4640625 0.3109375 0.459375 0.309375 0.4546875 0.3109375 0.4515625 0.3078125 0.4484375 0.2984375 0.446875 0.278125 0.4390625 0.25
2 0.425 0.2578125 0.428125 0.259375 0.428125 0.2640625 0.43125 0.265625 0.4390625 0.30625 0.4359375 0.3109375 0.4234375 0.3140625 0.41875 0.3140625 0.4171875 0.309375 0.4140625 0.3078125 0.40625 0.275 0.4078125 0.2734375 0.40625 0.2625 0.4109375 0.259375 0.4234375 0.2578125
2 0.49375 0.4921875 0.5 0.528125 0.5046875 0.5359375 0.50625 0.5484375 0.5109375 0.55625 0.5078125 0.5625 0.496875 0.5640625 0.4921875 0.5609375 0.4828125 0.5171875 0.4765625 0.503125 0.4828125 0.49375 0.4859375 0.4921875 0.4921875 0.49375
0 0.6224304192970187 0.9269227450778136 0.5656571333918808 0.9468491872962854 0.4860981327583084 0.9566927093636931 0.47065992920487876 0.9636665476909506 0.4648091916669005 0.9752462414790415 0.468202486897217 1 0.5569678041508224 1 0.6539354340941768 0.9776132586772448 0.6600350199093665 0.9642712896382049 0.6586641920522807 0.9509491773913183 0.6224304192970187 0.9269227450778136
0 0.4680421370246103 0.9301744306498602 0.4888356239804052 0.9390124687237794 0.5197120310872645 0.9250647920692643 0.5893098928576384 0.908996859616131 0.6235493555942232 0.9096161772856473 0.6369953313750131 0.9013974568812447 0.6562899624477438 0.8594368101219075 0.6211772082357239 0.8402660425830801 0.6074814231410899 0.8400183155152735 0.5442339175363824 0.8614394491247346 0.47152280945012687 0.8714068347260454 0.45695789737213255 0.8969321229226143 0.4680421370246103 0.9301744306498602
0 0.44475055693037546 0.8366719178538474 0.46828361735430457 0.8499919478546966 0.5157192465578353 0.8339260976476008 0.6053632495885095 0.823459093418602 0.6404697570624173 0.7761431632568998 0.5977617646075857 0.7536114223343839 0.5197388977733409 0.775034068665486 0.44972592074688106 0.7843785416296021 0.4372770999754298 0.804300819355999 0.44475055693037546 0.8366719178538474
0 0.39120396964483517 0.7450398515426083 0.4122472659144741 0.762344337088737 0.43154606147927976 0.7647081554630865 0.47176012528774625 0.746899886797195 0.5597855733935281 0.7368065554159434 0.5911574346360003 0.6954673085721603 0.557787098882776 0.6690749756382685 0.5417254131677551 0.6659638115684243 0.4639109132390158 0.6907480008076109 0.41348590125350687 0.6938654116155674 0.39381551508699125 0.7120452708831687 0.39120396964483517 0.7450398515426083
0 0.3963011147492067 0.6637363502042029 0.4158497196278564 0.6745666160507616 0.5001384392561653 0.6482877354205859 0.548944896316782 0.6455439974603767 0.5706075102559371 0.6286090202699206 0.5810641032547489 0.6074418604663785 0.5777010476250233 0.5928748661423467 0.5574050970508789 0.578807490446003 0.5280212990889714 0.5770671542332447 0.5056113394543216 0.5907650215739161 0.39965792364081987 0.6118166468277046 0.38633789363997073 0.6353497072516338 0.3963011147492067 0.6637363502042029
0 0.35458403056560134 0.5864214689031513 0.3717667348238641 0.5943882977476729 0.4657667840015276 0.5658673800310134 0.5097175762874668 0.564244660614046 0.526524525451945 0.5484307019668317 0.5358600999075146 0.5224078773886124 0.5328707171255364 0.509459437989473 0.5161855492489242 0.49626327152252714 0.48966518828905425 0.4921570346893819 0.4575438991050499 0.5080969391165369 0.36167548568865 0.5285250822087343 0.34984806483275255 0.5363701297653898 0.33814658975679573 0.5595295173415716 0.35458403056560134 0.5864214689031513
0 0.36353968543531157 0.4922933916995098 0.3747457063756552 0.4965255743125958 0.4602793080811093 0.4682544659097803 0.5119492021437633 0.46314482732918416 0.5383415350776553 0.42977449157595987 0.5382155892977145 0.4144601515564335 0.5063399449354792 0.3945420383221114 0.4926441598408453 0.3942943112543048 0.43661821963120195 0.4174578633225615 0.3594251196180165 0.4301648223920066 0.33726705154324815 0.4744913697717307 0.36353968543531157 0.4922933916995098
0 0.2848435650469871 0.4098772008020122 0.32929397596061444 0.42518737632946363 0.3634074929172585 0.4104923539794537 0.46251301618344326 0.38931686519176173 0.49948788789608745 0.3500937096545215 0.5042176068908238 0.3336583510917534 0.4829265835533785 0.3300496506402587 0.46300430582698143 0.3176008298688073 0.4476899658074552 0.3177267756487481 0.420424341398128 0.3325456615326613 0.3139733892029758 0.3588266244088745 0.2802356273401164 0.39730243425062006 0.2848435650469871 0.4098772008020122
0 0.31210294271820194 0.3285716172175691 0.3287881105948141 0.34176778368451494 0.4425844917189338 0.31038134671978057 0.4699760619082016 0.31087680085539365 0.48628547469102906 0.30029217983060386 0.5040874966188083 0.2740195459385405 0.5030903416094696 0.26231598861654626 0.4575189121526006 0.24215014831441756 0.37198531044714644 0.27042125671723294 0.31745197938245484 0.27789679591821603 0.3062480406881486 0.29582684587197344 0.31210294271820194 0.3285716172175691
0 0.2711311219840537 0.23233161319945927 0.30138821142139655 0.25262339928152877 0.40472591730066726 0.22024188955349316 0.44058393496214443 0.22048753437526228 0.4730768147478586 0.18400395230615643 0.47494309674055757 0.1699344943637752 0.43136389505632816 0.1510135361387917 0.33736384587866464 0.17953445385545103 0.2860676246637579 0.18626264736093967 0.27411634027395715 0.20095558746491213 0.2711311219840537 0.23233161319945927
0 0.25593231651428094 0.13696073616471005 0.27224381154314575 0.1485383477067635 0.29154260710795155 0.15090216608111295 0.3880324204399052 0.11839679281917408 0.4283724300283125 0.115902864172809 0.4527725351895645 0.0812876463424395 0.4510280344847314 0.06634697917066053 0.4198997358179907 0.049665975786123175 0.40620395072335685 0.0494182487183167 0.37246410661446 0.06573182599321896 0.27136635557563565 0.08566243270376565 0.25655163418379734 0.10272127342812523 0.2513243788074103 0.124385969613318 0.25593231651428094 0.13696073616471005
4 0.4234375 0.63671875 0.028125 0.065625
4 0.38515625 0.55390625 0.0296875 0.0703125
4 0.3890625 0.453125 0.028125 0.0625
4 0.33515625 0.38671875 0.03125 0.0671875
4 0.34375 0.30625 0.025 0.0609375
4 0.31015625 0.21171875 0.0296875 0.075
3 0.47734375 0.715625 0.0328125 0.059375
3 0.465625 0.628125 0.0296875 0.059375
1 0.42890625 0.5453125 0.03125 0.0625
3 0.37265625 0.3796875 0.0390625 0.065625
3 0.39296875 0.2921875 0.0265625 0.053125
3 0.3515625 0.20625 0.0296875 0.0609375
3 0.43046875 0.44609375 0.028125 0.0578125
1 0.55390625 0.97265625 0.0265625 0.0546875