9 0.7109375 0.5203125 0.7171875 0.5203125 0.71875 0.525 0.7265625 0.525 0.728125 0.5203125 0.73125 0.5203125 0.7328125 0.525 0.740625 0.525 0.740625 0.5328125 0.7453125 0.534375 0.7453125 0.5453125 0.7375 0.5453125 0.7359375 0.5546875 0.684375 0.5546875 0.6828125 0.559375 0.6296875 0.559375 0.6296875 0.55625 0.625 0.5546875 0.625 0.546875 0.621875 0.5453125 0.621875 0.5390625 0.625 0.5375 0.625 0.534375 0.628125 0.534375 0.6296875 0.5296875 0.6375 0.5296875 0.6390625 0.525 0.709375 0.525 0.7109375 0.521875
9 0.8796875 0.4984375 0.8828125 0.4984375 0.884375 0.503125 0.8921875 0.503125 0.89375 0.5125 0.896875 0.5125 0.8984375 0.515625 0.9046875 0.515625 0.9046875 0.5328125 0.896875 0.534375 0.896875 0.5453125 0.884375 0.5453125 0.8828125 0.5421875 0.8625 0.5421875 0.8609375 0.5328125 0.85625 0.534375 0.85625 0.5421875 0.7953125 0.5421875 0.79375 0.5375 0.778125 0.5375 0.778125 0.534375 0.7734375 0.5328125 0.771875 0.528125 0.76875 0.528125 0.76875 0.515625 0.771875 0.515625 0.7734375 0.5125 0.784375 0.5125 0.7859375 0.5078125 0.790625 0.50625 0.790625 0.503125 0.79375 0.503125 0.7953125 0.5078125 0.803125 0.5078125 0.8046875 0.503125 0.846875 0.503125 0.8484375 0.5078125 0.8609375 0.5078125 0.8625 0.503125 0.878125 0.503125 0.8796875 0.5
9 0.6125 0.6 0.753125 0.6 0.753125 0.603125 0.7578125 0.6046875 0.7578125 0.6265625 0.7546875 0.6265625 0.753125 0.6296875 0.621875 0.6296875 0.6203125 0.621875 0.6125 0.621875 0.6125 0.61875 0.6078125 0.6171875 0.6078125 0.609375 0.6125 0.6078125 0.6125 0.6015625
9 0.8984375 0.5828125 0.91875 0.5828125 0.91875 0.5859375 0.9234375 0.5875 0.9234375 0.5984375 0.90625 0.5984375 0.9046875 0.603125 0.7734375 0.603125 0.7734375 0.6 0.76875 0.5984375 0.76875 0.5921875 0.771875 0.5921875 0.7734375 0.5875 0.896875 0.5875 0.8984375 0.584375
9 0.625 0.4359375 0.6375 0.4359375 0.6390625 0.440625 0.740625 0.440625 0.740625 0.44375 0.7453125 0.4453125 0.7453125 0.4484375 0.740625 0.45 0.740625 0.475 0.7375 0.475 0.7359375 0.4796875 0.728125 0.4796875 0.7265625 0.475 0.65625 0.475 0.6546875 0.4703125 0.6390625 0.4703125 0.6375 0.465625 0.621875 0.465625 0.621875 0.4546875 0.625 0.453125 0.625 0.45 0.621875 0.4484375 0.621875 0.440625 0.625 0.4375
9 0.15625 0.525 0.2046875 0.525 0.20625 0.5296875 0.240625 0.5296875 0.240625 0.5328125 0.2453125 0.534375 0.2453125 0.5421875 0.2421875 0.5421875 0.240625 0.5453125 0.103125 0.5453125 0.1015625 0.5421875 0.0984375 0.5421875 0.0984375 0.534375 0.1015625 0.534375 0.103125 0.5296875 0.1546875 0.5296875 0.15625 0.5265625
4 0.3984375 0.5875 0.428125 0.5875 0.4296875 0.5921875 0.4359375 0.5921875 0.4375 0.596875 0.4453125 0.596875 0.446875 0.6 0.4765625 0.6 0.4765625 0.603125 0.48125 0.6046875 0.48125 0.6125 0.478125 0.6125 0.4765625 0.6171875 0.471875 0.61875 0.471875 0.6390625 0.46875 0.6390625 0.4671875 0.64375 0.4640625 0.6390625 0.45625 0.6390625 0.4546875 0.6296875 0.4296875 0.6296875 0.428125 0.6265625 0.425 0.6265625 0.4234375 0.621875 0.3359375 0.621875 0.334375 0.6296875 0.3296875 0.63125 0.3296875 0.6390625 0.3125 0.6390625 0.3125 0.609375 0.315625 0.609375 0.3171875 0.6046875 0.3203125 0.6046875 0.321875 0.6 0.325 0.6 0.3265625 0.596875 0.3390625 0.596875 0.340625 0.5921875 0.396875 0.5921875 0.3984375 0.5890625
4 0.790625 0.3390625 0.9015625 0.3390625 0.903125 0.346875 0.9359375 0.346875 0.9359375 0.359375 0.9328125 0.3609375 0.9328125 0.3640625 0.9109375 0.3640625 0.909375 0.36875 0.8984375 0.36875 0.896875 0.3640625 0.8796875 0.3640625 0.878125 0.36875 0.790625 0.36875 0.7890625 0.371875 0.7640625 0.371875 0.7625 0.36875 0.759375 0.36875 0.759375 0.365625 0.7625 0.365625 0.7640625 0.3609375 0.7671875 0.3609375 0.76875 0.35625 0.7734375 0.3546875 0.7734375 0.3515625 0.7796875 0.3515625 0.78125 0.34375 0.7890625 0.34375 0.790625 0.340625
4 0.675 0.346875 0.7265625 0.346875 0.728125 0.3515625 0.740625 0.3515625 0.7421875 0.35625 0.7578125 0.35625 0.759375 0.3609375 0.7671875 0.3609375 0.7671875 0.371875 0.7421875 0.371875 0.740625 0.3765625 0.684375 0.3765625 0.6828125 0.371875 0.6390625 0.371875 0.6375 0.3765625 0.6296875 0.3765625 0.628125 0.38125 0.6234375 0.3828125 0.6234375 0.3859375 0.6125 0.3859375 0.6109375 0.390625 0.603125 0.390625 0.603125 0.3875 0.5984375 0.3859375 0.5984375 0.378125 0.590625 0.3765625 0.590625 0.365625 0.59375 0.3640625 0.59375 0.3609375 0.5984375 0.359375 0.5984375 0.35625 0.6640625 0.35625 0.665625 0.3515625 0.6734375 0.3515625 0.675 0.3484375
1 0.33125 0.428125 0.4328125 0.428125 0.434375 0.43125 0.4453125 0.43125 0.446875 0.4359375 0.4640625 0.4359375 0.4640625 0.4390625 0.4671875 0.440625 0.4671875 0.4609375 0.4640625 0.4625 0.4640625 0.465625 0.459375 0.4671875 0.459375 0.4703125 0.4375 0.4703125 0.4359375 0.465625 0.3359375 0.465625 0.3359375 0.4578125 0.33125 0.45625 0.33125 0.4296875
1 0.1078125 0.4671875 0.2265625 0.4671875 0.2265625 0.4703125 0.23125 0.471875 0.2328125 0.4765625 0.2359375 0.4765625 0.2359375 0.484375 0.23125 0.4859375 0.23125 0.4921875 0.228125 0.4921875 0.2265625 0.496875 0.20625 0.496875 0.2046875 0.4921875 0.184375 0.4921875 0.1828125 0.4875 0.134375 0.4875 0.1328125 0.484375 0.103125 0.484375 0.103125 0.471875 0.10625 0.471875 0.1078125 0.46875
7 0.340625 0.5125 0.378125 0.5125 0.3796875 0.515625 0.4046875 0.515625 0.40625 0.5203125 0.459375 0.5203125 0.459375 0.5453125 0.45625 0.5453125 0.4546875 0.55 0.4375 0.55 0.4359375 0.5453125 0.3796875 0.5453125 0.378125 0.55 0.321875 0.55 0.321875 0.546875 0.3171875 0.5453125 0.3171875 0.5296875 0.325 0.5296875 0.3265625 0.5203125 0.334375 0.5203125 0.3359375 0.515625 0.340625 0.5140625
3 0.3046875 0.35625 0.4671875 0.35625 0.46875 0.3609375 0.4765625 0.3609375 0.4765625 0.371875 0.4734375 0.371875 0.471875 0.3765625 0.465625 0.3765625 0.4640625 0.38125 0.4609375 0.38125 0.459375 0.3859375 0.45625 0.3859375 0.4546875 0.390625 0.4515625 0.390625 0.45 0.3859375 0.33125 0.3859375 0.33125 0.3828125 0.3265625 0.38125 0.325 0.371875 0.3 0.371875 0.3 0.3609375 0.303125 0.3609375 0.3046875 0.3578125
3 0.09375 0.5875 0.2453125 0.5875 0.2453125 0.590625 0.2484375 0.5921875 0.2484375 0.603125 0.2453125 0.6046875 0.2453125 0.6125 0.2421875 0.6125 0.240625 0.6171875 0.1125 0.6171875 0.1109375 0.621875 0.0984375 0.621875 0.0984375 0.61875 0.09375 0.6171875 0.090625 0.6 0.0859375 0.5984375 0.090625 0.5953125 0.09375 0.5890625
3 0.09375 0.35625 0.253125 0.35625 0.253125 0.359375 0.2578125 0.3609375 0.2578125 0.3640625 0.2546875 0.3640625 0.253125 0.36875 0.25 0.36875 0.2484375 0.371875 0.09375 0.371875 0.090625 0.36875 0.090625 0.3609375 0.09375 0.3578125
3 0.1875 0.346875 0.2140625 0.346875 0.2140625 0.359375 0.2109375 0.359375 0.209375 0.3640625 0.1921875 0.3640625 0.1921875 0.3609375 0.1875 0.359375 0.1875 0.3484375
7 0.78125 0.43125 0.896875 0.43125 0.896875 0.434375 0.9015625 0.4359375 0.9015625 0.4390625 0.9046875 0.440625 0.9046875 0.4609375 0.9015625 0.4625 0.9015625 0.465625 0.8 0.465625 0.7984375 0.4703125 0.7859375 0.4703125 0.7859375 0.4671875 0.78125 0.465625 0.78125 0.4625 0.778125 0.4609375 0.778125 0.4546875 0.7734375 0.453125 0.7734375 0.440625 0.7765625 0.440625 0.78125 0.4328125
0 0.8660714285714286 0.6799999999999999 0.9151785714285715 0.6355555555555557 0.9017857142857142 0.3377777777777778 0.875 0.29333333333333333 0.8348214285714286 0.27111111111111114 0.7678571428571429 0.3155555555555556 0.78125 0.6444444444444445 0.8660714285714286 0.6799999999999999
0 0.59375 0.6222222222222222 0.65625 0.6711111111111111 0.7410714285714286 0.6666666666666667 0.7366071428571429 0.3155555555555556 0.7053571428571429 0.29333333333333333 0.6473214285714286 0.29333333333333333 0.6116071428571429 0.3155555555555556 0.5982142857142858 0.35555555555555557 0.6116071428571429 0.4844444444444445 0.59375 0.6222222222222222
0 0.3705357142857143 0.6844444444444445 0.44642857142857145 0.6666666666666667 0.4642857142857143 0.6133333333333334 0.4508928571428571 0.3111111111111111 0.41071428571428575 0.28 0.3482142857142857 0.29333333333333333 0.32142857142857145 0.3244444444444444 0.3125 0.4311111111111111 0.3169642857142857 0.6355555555555557 0.3705357142857143 0.6844444444444445
0 0.13392857142857145 0.6799999999999999 0.19196428571428573 0.6844444444444445 0.24107142857142855 0.6488888888888888 0.24107142857142855 0.33333333333333337 0.17410714285714285 0.24 0.14732142857142858 0.24444444444444446 0.09821428571428573 0.3155555555555556 0.09375 0.6311111111111112 0.13392857142857145 0.6799999999999999