4 0.7519216417910447 0.4061914893617022 0.7519216417910447 0.3787872340425532 0.6637276119402984 0.3803989361702128 0.6705111940298507 0.4126382978723404 0.7519216417910447 0.4061914893617022
9 0.7485298507462685 0.4738882978723404 0.7451380597014925 0.4480957446808511 0.6739029850746268 0.43681382978723404 0.6784253731343284 0.4738882978723404 0.7485298507462685 0.4738882978723404
9 0.6740599211949558 0.5085382907055993 0.6750335820895521 0.5335265957446809 0.7473992537313432 0.5351382978723404 0.7473992537313432 0.5157978723404255 0.6740599211949558 0.5085382907055993
9 0.7541828358208955 0.6125106382978723 0.7541828358208955 0.5802712765957446 0.66825 0.5754361702127659 0.6671194029850745 0.6060585106382979 0.7541828358208955 0.6125106382978723
12 0.8955223880597014 0.4126382978723404 0.8932611940298507 0.3836223404255319 0.799410447761194 0.3691170212765958 0.8005410447761193 0.4094148936170213 0.8955223880597014 0.4126382978723404
8 0.881955223880597 0.4658297872340425 0.8762985074626866 0.43842553191489364 0.8107201492537313 0.44003723404255324 0.8141119402985073 0.4722765957446808 0.881955223880597 0.4658297872340425
7 0.8830858208955223 0.5367500000000001 0.8842164179104477 0.5093510638297872 0.8107201492537313 0.506127659574468 0.8152425373134328 0.5431968085106382 0.8830858208955223 0.5367500000000001
4 0.8989141791044775 0.6044468085106383 0.8977835820895521 0.5818829787234043 0.8073283582089552 0.5738244680851065 0.8073283582089552 0.6028351063829788 0.8989141791044775 0.6044468085106383
4 0.604929104477612 0.4061914893617022 0.608320895522388 0.3803989361702128 0.5189962686567164 0.3771755319148936 0.5223880597014925 0.4078031914893617 0.604929104477612 0.4061914893617022
11 0.18317537313432836 0.5544787234042554 0.1809141791044776 0.5270797872340426 0.10967910447761194 0.5222446808510639 0.11194029850746268 0.5593191489361702 0.18317537313432836 0.5544787234042554
7 0.19561194029850743 0.6205691489361702 0.18882835820895522 0.5883297872340425 0.1028955223880597 0.5867180851063829 0.1028955223880597 0.6254042553191489 0.19561194029850743 0.6205691489361702
7 0.17413059701492536 0.4916170212765958 0.17639179104477612 0.4690531914893617 0.10515671641791043 0.4577712765957447 0.10854850746268656 0.4900053191489362 0.17413059701492536 0.4916170212765958
4 0.09385074626865672 0.4239202127659575 0.17865298507462685 0.4206968085106383 0.1809141791044776 0.38845744680851063 0.09611194029850745 0.39974468085106385 0.09385074626865672 0.4239202127659575
8 0.32790671641791047 0.46744148936170216 0.33016791044776117 0.4448723404255319 0.2600634328358209 0.44003723404255324 0.2645858208955224 0.46744148936170216 0.32790671641791047 0.46744148936170216
12 0.3380820895522388 0.402968085106383 0.3380820895522388 0.3739521276595744 0.2521492537313432 0.36428191489361705 0.2532798507462687 0.4078031914893617 0.3380820895522388 0.402968085106383
1 0.2578022388059701 0.5270797872340426 0.3335597014925373 0.5238563829787234 0.33242910447761187 0.4932287234042554 0.25667164179104474 0.4996755319148936 0.2578022388059701 0.5270797872340426
6 0.39688059701492534 0.4706648936170213 0.4737686567164179 0.4706648936170213 0.46811567164179096 0.4303670212765958 0.3980111940298507 0.4319787234042553 0.39688059701492534 0.4706648936170213
3 0.604929104477612 0.4755 0.6004067164179103 0.4480957446808511 0.5314328358208955 0.4448723404255319 0.5314328358208955 0.4787234042553192 0.604929104477612 0.4755
3 0.6128432835820894 0.609281914893617 0.6105820895522387 0.5689893617021277 0.5303022388059702 0.5673776595744682 0.5291716417910448 0.6108936170212765 0.6128432835820894 0.609281914893617
9 0.4737686567164179 0.5303031914893618 0.4703768656716417 0.4932287234042554 0.3980111940298507 0.49645212765957447 0.40253358208955226 0.5335265957446809 0.4737686567164179 0.5303031914893618
4 0.25667164179104474 0.5947765957446809 0.3392126865671642 0.5947765957446809 0.3392126865671642 0.5593191489361702 0.25667164179104474 0.5673776595744682 0.25667164179104474 0.5947765957446809
3 0.3921875 0.5703125 0.48125 0.5703125 0.48125 0.5890625 0.4765625 0.590625 0.4765625 0.5953125 0.3921875 0.5953125 0.3921875 0.590625 0.3890625 0.5890625 0.3890625 0.575 0.3921875 0.571875
0 0.8134328358208954 0.4202127659574468 0.8134328358208954 0.4414893617021277 0.8097014925373134 0.4468085106382979 0.8134328358208954 0.45212765957446804 0.8134328358208954 0.5638297872340425 0.8059701492537312 0.5797872340425532 0.8097014925373134 0.5904255319148937 0.8097014925373134 0.6223404255319149 0.8320895522388059 0.6542553191489362 0.8656716417910447 0.6595744680851064 0.8880597014925373 0.6276595744680851 0.8917910447761193 0.6117021276595744 0.8917910447761193 0.5797872340425532 0.8805970149253731 0.5478723404255319 0.8805970149253731 0.4468085106382979 0.876865671641791 0.4414893617021277 0.876865671641791 0.4148936170212766 0.8843283582089552 0.4042553191489362 0.8843283582089552 0.3882978723404255 0.8880597014925373 0.3829787234042553 0.8843283582089552 0.35638297872340424 0.8731343283582088 0.3351063829787234 0.8470149253731343 0.31382978723404253 0.835820895522388 0.31382978723404253 0.8208955223880597 0.324468085106383 0.8059701492537312 0.34574468085106386 0.8022388059701491 0.4042553191489362 0.8134328358208954 0.4202127659574468
0 0.6753731343283581 0.4202127659574468 0.6753731343283581 0.5638297872340425 0.667910447761194 0.574468085106383 0.667910447761194 0.6170212765957447 0.6716417910447761 0.6329787234042553 0.6828358208955223 0.648936170212766 0.708955223880597 0.6648936170212766 0.7388059701492538 0.6436170212765957 0.7499999999999999 0.6170212765957447 0.7499999999999999 0.574468085106383 0.7388059701492538 0.5531914893617021 0.7425373134328358 0.5372340425531915 0.7425373134328358 0.5106382978723405 0.7388059701492538 0.5053191489361702 0.7425373134328358 0.4468085106382979 0.7388059701492538 0.425531914893617 0.7499999999999999 0.39361702127659576 0.7499999999999999 0.3723404255319149 0.7425373134328358 0.34574468085106386 0.7126865671641791 0.31382978723404253 0.6902985074626865 0.324468085106383 0.667910447761194 0.35638297872340424 0.6641791044776119 0.3882978723404255 0.6753731343283581 0.4202127659574468
0 0.5186567164179104 0.39893617021276595 0.5298507462686567 0.425531914893617 0.5298507462686567 0.4840425531914893 0.5335820895522387 0.48936170212765956 0.5335820895522387 0.5691489361702128 0.5261194029850745 0.5851063829787234 0.5298507462686567 0.6276595744680851 0.5373134328358209 0.6436170212765957 0.5522388059701492 0.6542553191489362 0.5820895522388059 0.6542553191489362 0.6044776119402984 0.6329787234042553 0.6119402985074627 0.6063829787234043 0.6119402985074627 0.5797872340425532 0.6007462686567163 0.5585106382978723 0.6007462686567163 0.5 0.5970149253731343 0.49468085106382975 0.5970149253731343 0.4468085106382979 0.5932835820895522 0.4414893617021277 0.5932835820895522 0.4202127659574468 0.6007462686567163 0.4042553191489362 0.6007462686567163 0.35638297872340424 0.5895522388059702 0.3351063829787234 0.5820895522388059 0.3351063829787234 0.5708955223880596 0.324468085106383 0.544776119402985 0.324468085106383 0.5261194029850745 0.3404255319148936 0.5186567164179104 0.3617021276595745 0.5186567164179104 0.39893617021276595
0 0.4029850746268656 0.425531914893617 0.4029850746268656 0.4468085106382979 0.39925373134328357 0.45212765957446804 0.4029850746268656 0.4627659574468085 0.4029850746268656 0.49468085106382975 0.39925373134328357 0.5 0.4029850746268656 0.5425531914893618 0.39179104477611937 0.5851063829787234 0.39179104477611937 0.6276595744680851 0.41044776119402987 0.6542553191489362 0.42910447761194026 0.6648936170212766 0.44029850746268656 0.6648936170212766 0.45522388059701485 0.6542553191489362 0.47388059701492535 0.6223404255319149 0.47388059701492535 0.574468085106383 0.46641791044776115 0.5531914893617021 0.46641791044776115 0.526595744680851 0.4701492537313433 0.5212765957446808 0.4701492537313433 0.48936170212765956 0.46641791044776115 0.4840425531914893 0.4701492537313433 0.43617021276595747 0.46641791044776115 0.425531914893617 0.47388059701492535 0.40957446808510645 0.4776119402985074 0.3776595744680851 0.4701492537313433 0.34574468085106386 0.44402985074626866 0.3191489361702128 0.417910447761194 0.324468085106383 0.39552238805970147 0.35638297872340424 0.39179104477611937 0.3882978723404255 0.4029850746268656 0.425531914893617
0 0.26119402985074625 0.4148936170212766 0.25746268656716415 0.4627659574468085 0.26119402985074625 0.46808510638297873 0.26119402985074625 0.526595744680851 0.26492537313432835 0.5319148936170213 0.26119402985074625 0.5638297872340425 0.25373134328358204 0.5797872340425532 0.25746268656716415 0.6170212765957447 0.2835820895522388 0.6542553191489362 0.30597014925373134 0.6595744680851064 0.33208955223880593 0.6329787234042553 0.33955223880597013 0.6117021276595744 0.33955223880597013 0.5691489361702128 0.32835820895522383 0.5478723404255319 0.32835820895522383 0.4414893617021277 0.3246268656716418 0.43617021276595747 0.3246268656716418 0.40957446808510645 0.33208955223880593 0.39361702127659576 0.33208955223880593 0.35638297872340424 0.3208955223880597 0.3297872340425532 0.30597014925373134 0.324468085106383 0.29850746268656714 0.31382978723404253 0.28731343283582084 0.3191489361702128 0.2798507462686567 0.31382978723404253 0.25373134328358204 0.3404255319148936 0.25 0.39893617021276595 0.26119402985074625 0.4148936170212766
0 0.09701492537313432 0.4148936170212766 0.10820895522388059 0.4308510638297872 0.10820895522388059 0.5531914893617021 0.11194029850746268 0.5585106382978723 0.1007462686567164 0.601063829787234 0.1044776119402985 0.6063829787234043 0.1044776119402985 0.6329787234042553 0.11567164179104476 0.6542553191489362 0.1380597014925373 0.6702127659574468 0.15298507462686567 0.6595744680851064 0.16044776119402984 0.6648936170212766 0.18283582089552236 0.6382978723404256 0.18656716417910446 0.6223404255319149 0.18656716417910446 0.5904255319148937 0.1753731343283582 0.5638297872340425 0.1753731343283582 0.4627659574468085 0.17164179104477612 0.4574468085106383 0.17164179104477612 0.4202127659574468 0.1791044776119403 0.40957446808510645 0.1791044776119403 0.3670212765957447 0.1753731343283582 0.35106382978723405 0.15298507462686567 0.3297872340425532 0.1417910447761194 0.3351063829787234 0.13059701492537312 0.3351063829787234 0.12686567164179102 0.3297872340425532 0.1007462686567164 0.35106382978723405 0.09701492537313432 0.3617021276595745 0.09701492537313432 0.4148936170212766