9 0.3515625 0.06171875 0.025 0.0703125
9 0.403125 0.05703125 0.0203125 0.053125
9 0.37265625 0.3171875 0.025 0.06875
9 0.4203125 0.3140625 0.0234375 0.0609375
9 0.471875 0.30859375 0.028125 0.0578125
9 0.44296875 0.4359375 0.0328125 0.059375
3 0.39140625 0.56328125 0.021875 0.0625
3 0.41640625 0.190625 0.015625 0.059375
3 0.4421875 0.05078125 0.0234375 0.0546875
8 0.4625 0.184375 0.021875 0.0578125
4 0.3921875 0.44375 0.025 0.065625
4 0.4921875 0.0453125 0.0234375 0.0671875
4 0.3640625 0.1953125 0.01875 0.06875
12 0.51171875 0.17890625 0.040625 0.0609375
12 0.54453125 0.42890625 0.0234375 0.0640625
7 0.49140625 0.55390625 0.0328125 0.0578125
4 0.53828125 0.5515625 0.021875 0.059375
1 0.4453125 0.5609375 0.0265625 0.05625
8 0.4890625 0.434375 0.0234375 0.0625
0 0.5170299072264456 0.07394365308468354 0.5312992269880566 0.06775843049615213 0.5456299918773193 0.04346616295392094 0.5319121971714099 0.018336613822389224 0.5147238669461583 0.009966760115710738 0.4404582576744628 0.02633779676315786 0.38493265155131623 0.031195657834338773 0.34012439653129095 0.026887840725696232 0.3167708317290042 0.04209586322725167 0.31799529100254753 0.07490086274296086 0.32744672571596994 0.08888442597097299 0.342716193345177 0.09413094581956001 0.433455741508127 0.07796423256656385 0.5170299072264456 0.07394365308468354
0 0.5012688785760253 0.21355349286569467 0.5208661513253711 0.21183895366410138 0.5382588049450736 0.20373486847952563 0.5594077506177173 0.18213729999498765 0.5585504810169206 0.17233866362031475 0.5317678378114473 0.1483521406231786 0.5199074605739306 0.1444529703034382 0.45366450334766284 0.15847650955444262 0.3390613224428801 0.16521177610551246 0.32671086527731336 0.17452033255213545 0.3183410115706348 0.19170866277738688 0.32183153510147305 0.21279616332237877 0.3477569087061497 0.22698404994484198 0.40924342601188035 0.2150222515566814 0.48436630488437266 0.2084498512839071 0.5012688785760253 0.21355349286569467
0 0.4625629319122204 0.33542347736575273 0.5430137637724475 0.3333217604799167 0.5525266436135216 0.3291982787542291 0.5729611979521678 0.2994351799574636 0.5564058259217657 0.27949070554686734 0.5358084053048239 0.26977350231134223 0.42696181218817414 0.28587877043668664 0.36404651221444906 0.28150950820039233 0.3512674202484841 0.28591874645967885 0.33309893016713266 0.303964346285727 0.3324659719722832 0.3155389669896449 0.3430604328201011 0.34258737871722084 0.35179747619952634 0.3484054116330056 0.371680505482471 0.34995708455630326 0.4625629319122204 0.33542347736575273
0 0.5760216055894445 0.447271995178354 0.5831869880340758 0.43512586140723836 0.581615327099282 0.4171616947203381 0.5723067706526591 0.40481123755477133 0.5483002596440267 0.39374668479039954 0.5254367747697899 0.39574698052559176 0.506411015087642 0.403993943976967 0.3656781371837313 0.4130152627968277 0.35063298096047146 0.42914200002683156 0.358818499284195 0.46627480466267945 0.3760068295094464 0.4746446583693579 0.4588666038937679 0.4624585485752501 0.5540153903160043 0.4590709272882189 0.5760216055894445 0.447271995178354
0 0.5166567931810461 0.5775318213965865 0.5580559578093809 0.5804922889763826 0.5753057331622841 0.5707550977293614 0.5866560424602547 0.55001479884562 0.5859416511262574 0.5418492685333927 0.5730811260211446 0.5265183557765338 0.5541168114666483 0.5166582742742092 0.42730605166309826 0.5343352033343474 0.38072181231382796 0.5285371584300589 0.363186280427326 0.5350081375521892 0.3573682475115413 0.5437451809316144 0.3628590667775716 0.587696166350843 0.3717389884237962 0.5951473053290732 0.38494671519015955 0.5956373852571232 0.42846906580898986 0.5852472478037564 0.5166567931810461 0.5775318213965865
0 0.5726095530114276 0.709221911375977 0.5836126606481478 0.7033224453210445 0.602556987191148 0.6753353308535239 0.5895535838192357 0.6583713120342198 0.5704463909979398 0.6468781244694497 0.45314851103546383 0.6604315718039003 0.3823534372831103 0.6600429130264943 0.3625518411393134 0.6782313911193418 0.36234751774486224 0.6947053300105962 0.3725133437922819 0.7168544235508356 0.3946009922048698 0.7247956424571159 0.4611297059647364 0.7140383153310025 0.5726095530114276 0.709221911375977
0 0.6154774763307491 0.8042078315199179 0.6141915719295542 0.7895098769579085 0.6048830154829313 0.7771594197923417 0.5791005201450541 0.764604639232324 0.5529708231459263 0.7668906915011151 0.5339450634637782 0.7751376549524902 0.3964783976847587 0.7838732172387523 0.385618168314838 0.7914057893561303 0.3815761197282982 0.8016330605312015 0.38208618766784436 0.8262725297346831 0.4033979996187834 0.8441552632824358 0.5864487568794771 0.829786003463344 0.6022083044367342 0.8218247965455676 0.6154774763307491 0.8042078315199179
0 0.6077390997257568 0.9414701739044865 0.6271120610691554 0.9183823776243022 0.6244788071391139 0.9070935134539834 0.5993292699960862 0.8829641121900478 0.46910941980084553 0.8992936917213395 0.4324666950930477 0.8942714832786995 0.4097460884856104 0.8979048850763374 0.3873926715509197 0.9245446500150111 0.3960682698026933 0.9484697278844957 0.41695144695323405 0.9614531432449116 0.48497038850874663 0.9489198317895532 0.5965931138222372 0.9457365338969733 0.6077390997257568 0.9414701739044865