9 0.42578125 0.753125 0.0953125 0.2375
1 0.5059535011268421 0.8633094294355101 0.5358947276109924 0.8437814841659552 0.5111835756165888 0.7521894142566697 0.48692364134231403 0.6316644054556864 0.4462666749242329 0.6356482947998299 0.4732358691783351 0.7627550134181936 0.5059535011268421 0.8633094294355101
12 0.5294381890133684 0.6254527446224545 0.5566329921275349 0.7380929937949694 0.5751952454208084 0.8184949461071355 0.61804948438127 0.8086012654762709 0.5980216010570596 0.7321412764023126 0.5703766330021605 0.6123977642271609 0.5294381890133684 0.6254527446224545
3 0.6866997661999819 0.5657255583938461 0.6543913160334609 0.574983466907207 0.6558595020630196 0.6070768724112809 0.6758340726752049 0.7141768518328222 0.7028565796413323 0.8106435801036032 0.7400739073381105 0.8020512829797205 0.7123756265711862 0.7129477611521517 0.6866997661999819 0.5657255583938461
3 0.6239589191074676 0.3723031218958147 0.646055466909986 0.36720173187452776 0.5903472229407056 0.12590281712285384 0.5682506751381872 0.1310042071441408 0.6239589191074676 0.3723031218958147
7 0.5363635769170825 0.16424839090869336 0.5088558850317378 0.16942282827973015 0.5527011203093 0.35933740708680284 0.5787749310383195 0.3580284141077472 0.5363635769170825 0.16424839090869336
1 0.48952367362211335 0.3767944151238609 0.5139374928817476 0.37028741206732285 0.4710556503947395 0.16968948656611121 0.4707172154946856 0.17059974216020937 0.4459204739346796 0.17544812651096145 0.48952367362211335 0.3767944151238609
1 0.4104341901698386 0.1888876162607771 0.3842163737318359 0.1975581281672954 0.4295417823590447 0.38889530257544125 0.4539556016186788 0.3823882995189031 0.4104341901698386 0.1888876162607771
3 0.349933232475974 0.42823866390045007 0.37784835007378603 0.42441736899921495 0.324752617345681 0.18944574410730852 0.29888889712315275 0.19716387769547578 0.349933232475974 0.42823866390045007
0 0.34539804737958846 0.8182145904598656 0.4545740473460252 0.8794956260518341 0.5014881615764255 0.8686646493612035 0.5361296398984836 0.8376040202647961 0.7575288689478163 0.7922557341521521 0.8324005478852573 0.6884839438507869 0.8271629361254126 0.6493328679016128 0.71293185628608 0.5661558757976166 0.6647539720874558 0.5715128633602402 0.5813939905261359 0.6138210451738411 0.3942781526451727 0.6512543867817935 0.36577299227728555 0.6924298420810893 0.341241673701019 0.7672823842015524 0.34539804737958846 0.8182145904598656
0 0.29392063597546847 0.3976675812218401 0.31828337590520384 0.42087176659624764 0.3581624659871066 0.42896221344901414 0.4012852703128349 0.40170926937436285 0.5278768967345224 0.36671753615617514 0.6576910414581234 0.3598105930396038 0.6766336377410653 0.32660858302769114 0.688709788522041 0.214271269064305 0.6620020405428064 0.19737422487102987 0.6264479027860043 0.1421592567817061 0.5937863687395477 0.13240250582268862 0.4387914458644035 0.18548316354422822 0.3038203573534763 0.19358068094471567 0.265570101013695 0.22547446209424868 0.25908267252604394 0.2961612439490845 0.2729841421765075 0.3563751243571608 0.29392063597546847 0.3976675812218401