9 0.613749742786856 0.917596054870095 0.6413814769545764 0.9188685620053594 0.6343790157053957 0.7610430308375472 0.6113191191930574 0.7625946564675941 0.613749742786856 0.917596054870095
9 0.5339788214639513 0.8965229203965329 0.5306189036733014 0.9070777570987089 0.5782020356975752 0.9031803293023163 0.5786301871826042 0.76597196733854 0.5308650628648703 0.7646578177238708 0.5339788214639513 0.8965229203965329
7 0.45588787374761974 0.9022320608918406 0.48934822739380496 0.8995725273396931 0.4884171662464478 0.7661401309370921 0.4489997879329814 0.7690076883745025 0.45588787374761974 0.9022320608918406
4 0.3596137589892611 0.899628097696397 0.3836012094758582 0.9032652945768455 0.38700787329452774 0.7659529206704377 0.3631244919628517 0.765295874469248 0.3596137589892611 0.899628097696397
4 0.3644700756161491 0.745863305989506 0.38952796812339757 0.7420586115830858 0.39002350006086106 0.7227098588993716 0.38873622354314585 0.6858470824929295 0.38833430269396524 0.6407516712090485 0.3902089694672292 0.5938183114852348 0.38082703781819666 0.5935603331227959 0.36264806390578025 0.5930239516105037 0.3514306195004048 0.6408675306098479 0.3567176560791178 0.6916516569298489 0.3644700756161491 0.745863305989506
4 0.6167898706009692 0.4388606183284958 0.61566099861679 0.44007288502024033 0.6415285103835356 0.4426831874141614 0.6398214463114151 0.2763660373409661 0.6134302623089741 0.2755291895457882 0.6167898706009692 0.4388606183284958
9 0.63828125 0.6625 0.0421875 0.1484375
9 0.56484375 0.665625 0.0390625 0.134375
9 0.471875 0.665625 0.04375 0.1375
9 0.5390625 0.121875 0.0265625 0.1359375
6 0.47734375 0.128125 0.03125 0.1375
2 0.4171875 0.12890625 0.0296875 0.1375
3 0.6125 0.128125 0.0375 0.1609375
3 0.359375 0.1375 0.0234375 0.1578125
3 0.3765625 0.365625 0.040625 0.1546875
1 0.45859375 0.353125 0.0390625 0.15625
7 0.546875 0.35625 0.0484375 0.1515625
0 0.2829529970846557 0.39111505877535946 0.3138735254517152 0.4310438780127896 0.34212588698653834 0.4415396884147424 0.38161781868910516 0.445081630316705 0.43375881701877494 0.43505910895674527 0.5747137524619631 0.4317771976626535 0.6356186017787157 0.4378520710349534 0.6698522228890329 0.43173557609756025 0.6891690965677445 0.4212189549130609 0.7073417244529316 0.3779354213672798 0.705968629500702 0.3386151265337416 0.6838119521207254 0.31478370202857126 0.6765148098826781 0.293714058152443 0.6315357184291567 0.273960296938868 0.613628341209804 0.27786632336143474 0.5642491235091763 0.27302930957946525 0.5107558410098236 0.29130077131942184 0.4530132583498469 0.28183478213164126 0.4256762934498434 0.29755250161871405 0.37132482660534716 0.2912487790877092 0.32562278616858137 0.2977657600528359 0.30015301604534683 0.3199796497224888 0.283161035460814 0.350099206034081 0.2829529970846557 0.39111505877535946
0 0.3121311953702258 0.7099631191114188 0.33270673942181456 0.7354901015243295 0.3542340816153527 0.7412997242307948 0.4050800080650158 0.7411644888688957 0.42936913088759604 0.7321145764334318 0.5883458681294892 0.7282033299529015 0.6446217420404305 0.7426415682845506 0.6919049158055842 0.7344290294116836 0.7086108349417359 0.6961177450097709 0.6963778450669497 0.6276505027891364 0.6773834343437487 0.6004279624684854 0.6594188448347199 0.6026956432729881 0.6507122061373134 0.5882365941587924 0.5838833095347431 0.6004123717439024 0.5606604094334646 0.5930216157090491 0.5427530322141121 0.596927642131616 0.5348473655721728 0.6054054316703175 0.5281223462308878 0.6007192439748301 0.5185783339708843 0.609254245803208 0.4986321251057341 0.6017490651890023 0.4890309005560544 0.6086457213993162 0.4773908443605772 0.6041311705728574 0.4202775968870389 0.6126869831837819 0.40050302489091727 0.6100968394237685 0.39027246515479913 0.5989716938353772 0.35733391592448865 0.5952009027747095 0.32496748959094035 0.6078135678946829 0.314071193161254 0.6245975101030573 0.3046052039734735 0.6823400927630342 0.3121311953702258 0.7099631191114188
0 0.29756294173464126 0.8564624265952376 0.3199484682733228 0.8868472335726645 0.3617652930700686 0.9099921106017199 0.525428218007449 0.8993558447799046 0.5452600022932469 0.903584334157982 0.5794936234035641 0.897467839220589 0.6227199446596691 0.914002121487712 0.6702319675835277 0.9123429650871013 0.6896060535519156 0.9034646895206663 0.7223521551306509 0.8547512085136066 0.7144828899958411 0.8172981084568376 0.6941934073926335 0.7999628541342472 0.691696877429426 0.7754448821529621 0.6782468387468559 0.7660725067619873 0.6322015245720326 0.7627594140187297 0.5849183508068788 0.7709719528915966 0.4078053871869282 0.7722358433224373 0.3861636204140377 0.7631495293798437 0.3289931606508231 0.770066996372704 0.2931992169946647 0.8254482844313724 0.29756294173464126 0.8564624265952376
0 0.2532442974674166 0.15102201268572912 0.3008915557531743 0.20020878273478138 0.3292583418673499 0.21398128437286235 0.3670547156621765 0.21594209294643715 0.39625887533894893 0.20672054364194453 0.4128139683886185 0.21106345759937456 0.4224151929382982 0.20416680138906082 0.45699208778667283 0.20788038016005211 0.4928068422253779 0.20006832731491886 0.5078380142363359 0.20774514479815323 0.5354610405847204 0.2002191534014009 0.5471583090698741 0.2063720498459236 0.5699235108537428 0.20065604093626405 0.6210554987517869 0.20871253366468548 0.6715009391737163 0.19710887897633778 0.7057137495014869 0.14342314882540969 0.7042834422595812 0.10246450837380738 0.6666378945512367 0.05784950144089 0.6286126715977053 0.049335310395058854 0.5794050907661062 0.04941333346728145 0.5076039450196674 0.06012240230335619 0.46155863084484416 0.05680930956009851 0.44212733258677994 0.06404923950846957 0.39099534468873565 0.05599274678004802 0.3303765568203643 0.05810960149806856 0.29806734277649233 0.07236061223610601 0.28090372532293084 0.09756513169350596 0.2584245849874434 0.11147286869348591 0.2523861131222731 0.12644682841476768 0.2532442974674166 0.15102201268572912