3 0.3859375 0.2296875 0.0828125 0.265625
3 0.67265625 0.27421875 0.084375 0.271875
3 0.60625 0.7453125 0.090625 0.2671875
1 0.51875 0.2453125 0.071875 0.2140625
1 0.5828125 0.259375 0.0703125 0.21875
1 0.534375 0.7359375 0.0953125 0.2453125
12 0.446875 0.71171875 0.090625 0.221875
4 0.325 0.6859375 0.090625 0.259375
7 0.45390625 0.23125 0.0796875 0.2359375
0 0.3701257520563147 0.3476157356136151 0.4191098661441227 0.33069691766365533 0.4414646401745917 0.3295274596949196 0.5805544043200487 0.35234900192815777 0.6400434703387371 0.3918020400661071 0.6808655823906846 0.39218513612643846 0.7038988424418301 0.3775054261413191 0.7448086605937638 0.30975455011413905 0.7794084546567976 0.2971143321485977 0.7922361866949563 0.2823388481483956 0.7884445247010488 0.2748553321332116 0.7932060287184298 0.2671762341303136 0.7629765746973489 0.2550310220703799 0.7534495327050386 0.24142499603891351 0.7326392447885401 0.16619867191164622 0.6980354167679579 0.1498746678399252 0.6597397347260993 0.14482584177729577 0.6137689886388911 0.1639797337345475 0.5290115885617651 0.14221977358231727 0.474679224493434 0.14115819150130932 0.45271158048084487 0.13046975945535988 0.42977006048723376 0.1059797193902301 0.3782554824317885 0.09860004530522563 0.3522088543800431 0.11104468128305287 0.31266004222701105 0.18073927531472825 0.30061463813970846 0.2297274233600845 0.31287176004491835 0.3051493294750659 0.324246746026641 0.3275998775206177 0.35360213203933133 0.3447021755856464 0.3701257520563147 0.3476157356136151
0 0.33092073735420774 0.7921928541280018 0.38768375741754496 0.7987942342196985 0.4374501994562089 0.8160880803148931 0.4807029675031626 0.8220109743859132 0.5155023775114589 0.8468881444689227 0.5754743475631099 0.8642777645791998 0.6172663016385307 0.8494982466214495 0.658244699837916 0.8135631016372941 0.6924885918082497 0.7997237366676886 0.7017202438402148 0.786017902663591 0.702590277891057 0.7520965946212337 0.6712871399163232 0.707391080517844 0.6584513399630679 0.6642381204435217 0.6333705199772476 0.6325559203660049 0.6160686059669565 0.6243939183301443 0.5220795538578654 0.6163397921820117 0.4014571277338869 0.5950708039778407 0.33555419569611916 0.5630055078399925 0.2972585136542606 0.557956681777363 0.27266866561649955 0.5621395077466985 0.24963540556535407 0.5768192177318179 0.2205794434705573 0.6159930017396154 0.18053965936946587 0.6498225697244382 0.1751994773040395 0.6897706137679951 0.23041801125340616 0.7727677759556949 0.2608430472622011 0.7934661540269172 0.2969036552967676 0.8015283480901465 0.33092073735420774 0.7921928541280018