9 0.625 0.43125 0.709375 0.43125 0.7109375 0.4359375 0.7359375 0.4359375 0.7359375 0.465625 0.7328125 0.465625 0.73125 0.4703125 0.7109375 0.4703125 0.709375 0.475 0.7015625 0.475 0.7 0.4703125 0.665625 0.4703125 0.6640625 0.465625 0.621875 0.465625 0.621875 0.4453125 0.6171875 0.44375 0.6171875 0.440625 0.6203125 0.440625 0.625 0.4328125
9 0.6171875 0.5921875 0.7484375 0.5921875 0.7484375 0.5984375 0.753125 0.6 0.753125 0.621875 0.75 0.621875 0.7484375 0.6265625 0.7328125 0.6265625 0.73125 0.6296875 0.6796875 0.6296875 0.678125 0.6265625 0.6125 0.6265625 0.6125 0.596875 0.615625 0.596875 0.6171875 0.59375
9 0.6796875 0.5203125 0.7359375 0.5203125 0.7359375 0.5546875 0.7015625 0.5546875 0.7 0.559375 0.6921875 0.559375 0.690625 0.5546875 0.684375 0.5546875 0.6828125 0.559375 0.6796875 0.559375 0.678125 0.5546875 0.64375 0.5546875 0.6421875 0.559375 0.634375 0.559375 0.6328125 0.5546875 0.621875 0.5546875 0.621875 0.534375 0.628125 0.534375 0.6296875 0.5296875 0.6375 0.5296875 0.6390625 0.525 0.678125 0.525 0.6796875 0.521875
9 0.903125 0.5734375 0.909375 0.5734375 0.909375 0.5765625 0.9140625 0.578125 0.915625 0.5828125 0.91875 0.5828125 0.91875 0.5984375 0.915625 0.5984375 0.9140625 0.603125 0.884375 0.603125 0.8828125 0.6078125 0.871875 0.6078125 0.8703125 0.603125 0.8671875 0.603125 0.865625 0.6078125 0.8359375 0.6078125 0.834375 0.603125 0.809375 0.603125 0.8078125 0.6078125 0.8 0.6078125 0.7984375 0.6125 0.78125 0.6125 0.78125 0.609375 0.778125 0.6078125 0.778125 0.5875 0.78125 0.5859375 0.78125 0.5828125 0.8109375 0.5828125 0.8125 0.578125 0.9015625 0.578125 0.903125 0.575
9 0.8171875 0.503125 0.896875 0.503125 0.896875 0.50625 0.9015625 0.5078125 0.9015625 0.5421875 0.89375 0.5421875 0.8921875 0.5453125 0.790625 0.5453125 0.7890625 0.5421875 0.7859375 0.5421875 0.7859375 0.534375 0.78125 0.5328125 0.78125 0.5125 0.784375 0.5125 0.7859375 0.5078125 0.815625 0.5078125 0.8171875 0.5046875
7 0.83125 0.428125 0.846875 0.428125 0.8484375 0.43125 0.896875 0.43125 0.896875 0.4390625 0.9015625 0.440625 0.9015625 0.453125 0.896875 0.4546875 0.896875 0.4609375 0.78125 0.4609375 0.78125 0.4359375 0.784375 0.4359375 0.7859375 0.43125 0.8296875 0.43125 0.83125 0.4296875
2 0.1703125 0.4 0.178125 0.4 0.1796875 0.4046875 0.2265625 0.4046875 0.2265625 0.4296875 0.125 0.4296875 0.1234375 0.434375 0.1171875 0.434375 0.115625 0.4296875 0.1078125 0.4296875 0.1078125 0.409375 0.1109375 0.409375 0.1125 0.4046875 0.16875 0.4046875 0.1703125 0.4015625
3 0.3265625 0.3515625 0.428125 0.3515625 0.4296875 0.35625 0.459375 0.35625 0.459375 0.359375 0.4640625 0.3609375 0.4640625 0.3859375 0.4609375 0.3859375 0.459375 0.390625 0.4375 0.390625 0.4359375 0.3859375 0.3359375 0.3859375 0.334375 0.390625 0.321875 0.390625 0.321875 0.35625 0.325 0.35625 0.3265625 0.353125
3 0.103125 0.5875 0.178125 0.5875 0.1796875 0.5921875 0.2140625 0.5921875 0.215625 0.5875 0.240625 0.5875 0.240625 0.590625 0.2453125 0.5921875 0.2453125 0.6171875 0.20625 0.6171875 0.2046875 0.6125 0.1703125 0.6125 0.16875 0.6171875 0.0984375 0.6171875 0.0984375 0.5921875 0.1015625 0.5921875 0.103125 0.5890625
3 0.134375 0.346875 0.2 0.346875 0.2015625 0.3515625 0.240625 0.3515625 0.240625 0.3546875 0.2453125 0.35625 0.2453125 0.371875 0.2234375 0.371875 0.221875 0.36875 0.21875 0.36875 0.2171875 0.371875 0.20625 0.371875 0.2046875 0.36875 0.2015625 0.36875 0.2 0.371875 0.196875 0.371875 0.1953125 0.36875 0.14375 0.36875 0.1421875 0.371875 0.0984375 0.371875 0.0984375 0.35625 0.1015625 0.35625 0.103125 0.3515625 0.1328125 0.3515625 0.134375 0.3484375
4 0.321875 0.596875 0.4328125 0.596875 0.434375 0.6 0.45 0.6 0.4515625 0.596875 0.459375 0.596875 0.4609375 0.6 0.4640625 0.6 0.4640625 0.621875 0.434375 0.621875 0.4328125 0.6265625 0.3796875 0.6265625 0.378125 0.621875 0.3578125 0.621875 0.35625 0.6265625 0.33125 0.6265625 0.3296875 0.621875 0.321875 0.621875 0.321875 0.61875 0.3171875 0.6171875 0.3171875 0.6 0.321875 0.5984375
4 0.6796875 0.3578125 0.146875 0.03359375
4 0.84609375 0.34453125 0.134375 0.03046875
7 0.39921875 0.5265625 0.12109375 0.0421875
1 0.16640625 0.47265625 0.12890625 0.02578125
1 0.3953125 0.44765625 0.121875 0.0296875
9 0.1640625 0.53359375 0.1328125 0.01796875
0 0.13392857142857145 0.6799999999999999 0.18303571428571427 0.6888888888888889 0.24107142857142855 0.6444444444444445 0.24107142857142855 0.33333333333333337 0.17410714285714285 0.24 0.15178571428571427 0.24444444444444446 0.09821428571428573 0.3155555555555556 0.09375 0.6266666666666667 0.13392857142857145 0.6799999999999999
0 0.32142857142857145 0.6444444444444445 0.3705357142857143 0.6844444444444445 0.44642857142857145 0.6666666666666667 0.4642857142857143 0.6133333333333334 0.4508928571428571 0.3111111111111111 0.40625 0.28 0.3482142857142857 0.29333333333333333 0.32142857142857145 0.3288888888888889 0.3125 0.4355555555555556 0.3080357142857143 0.5911111111111111 0.32142857142857145 0.6444444444444445
0 0.59375 0.6222222222222222 0.65625 0.6711111111111111 0.7410714285714286 0.6666666666666667 0.7366071428571429 0.3155555555555556 0.7053571428571429 0.29333333333333333 0.6473214285714286 0.29333333333333333 0.6116071428571429 0.3155555555555556 0.5982142857142858 0.35555555555555557 0.6116071428571429 0.4844444444444445 0.59375 0.6222222222222222
0 0.8660714285714286 0.6799999999999999 0.9151785714285715 0.6355555555555557 0.9017857142857142 0.3377777777777778 0.8794642857142858 0.2977777777777778 0.8348214285714286 0.27111111111111114 0.7678571428571429 0.3155555555555556 0.78125 0.6444444444444445 0.8660714285714286 0.6799999999999999