0 0.1875 0.81796875 0.1796875 0.1484375
3 0.7484375 0.371875 0.76875 0.3703125 0.76875 0.3796875 0.778125 0.38125 0.778125 0.390625 0.771875 0.390625 0.76875 0.39375 0.7703125 0.4109375 0.76875 0.4125 0.75 0.4125 0.7484375 0.421875 0.7390625 0.425 0.7390625 0.4328125 0.728125 0.434375 0.728125 0.4546875 0.71875 0.4546875 0.7171875 0.4640625 0.7078125 0.465625 0.7078125 0.4859375 0.6984375 0.4859375 0.6984375 0.4453125 0.709375 0.44375 0.709375 0.425 0.7171875 0.425 0.71875 0.4140625 0.7265625 0.4140625 0.7296875 0.4109375 0.728125 0.403125 0.7375 0.403125 0.7390625 0.39375 0.7484375 0.3921875 0.7484375 0.3734375
3 0.9015625 0.18125 0.9109375 0.18125 0.9109375 0.2109375 0.9 0.2125 0.9015625 0.2328125 0.8921875 0.234375 0.8921875 0.253125 0.88125 0.2546875 0.88125 0.2734375 0.8703125 0.275 0.8703125 0.2953125 0.8640625 0.2953125 0.8609375 0.2984375 0.8609375 0.3046875 0.853125 0.30625 0.8515625 0.3046875 0.8515625 0.2875 0.840625 0.2859375 0.840625 0.2671875 0.8515625 0.265625 0.8515625 0.2453125 0.8609375 0.24375 0.8625 0.234375 0.871875 0.2328125 0.8703125 0.225 0.88125 0.221875 0.88125 0.2125 0.890625 0.2125 0.8921875 0.203125 0.9015625 0.2015625 0.9015625 0.1828125
3 0.6171875 0.5515625 0.6359375 0.5515625 0.6359375 0.559375 0.6265625 0.559375 0.625 0.5703125 0.615625 0.571875 0.615625 0.58125 0.6078125 0.58125 0.6046875 0.584375 0.60625 0.590625 0.5953125 0.5921875 0.5953125 0.6015625 0.5859375 0.6046875 0.5859375 0.6125 0.5765625 0.6140625 0.575 0.6234375 0.5640625 0.625 0.5640625 0.6453125 0.55625 0.6453125 0.55625 0.615625 0.565625 0.6140625 0.565625 0.6046875 0.5734375 0.6046875 0.5765625 0.6015625 0.5765625 0.59375 0.584375 0.59375 0.5859375 0.584375 0.59375 0.5828125 0.5953125 0.5734375 0.6046875 0.571875 0.60625 0.5609375 0.615625 0.5609375 0.6171875 0.553125
3 0.453125 0.7203125 0.4828125 0.7203125 0.4828125 0.7296875 0.4734375 0.7296875 0.471875 0.740625 0.4640625 0.740625 0.4625 0.75 0.453125 0.75 0.4515625 0.7609375 0.44375 0.7609375 0.440625 0.7640625 0.4421875 0.771875 0.4328125 0.7734375 0.4328125 0.7921875 0.421875 0.79375 0.421875 0.8125 0.415625 0.8125 0.4109375 0.815625 0.4109375 0.825 0.403125 0.825 0.403125 0.7953125 0.409375 0.7953125 0.4125 0.7921875 0.4125 0.7734375 0.4234375 0.771875 0.421875 0.7703125 0.421875 0.753125 0.4234375 0.7515625 0.440625 0.7515625 0.4421875 0.75 0.4421875 0.73125 0.4515625 0.73125 0.453125 0.721875
1 0.8390625 0.1515625 0.8484375 0.1515625 0.8484375 0.1609375 0.859375 0.1625 0.859375 0.1796875 0.8484375 0.1828125 0.8484375 0.203125 0.8390625 0.203125 0.8375 0.2125 0.828125 0.2140625 0.828125 0.2234375 0.8171875 0.225 0.81875 0.24375 0.7890625 0.24375 0.7890625 0.2359375 0.8 0.234375 0.7984375 0.2140625 0.80625 0.2140625 0.8078125 0.2046875 0.81875 0.203125 0.81875 0.1828125 0.828125 0.1828125 0.8296875 0.1734375 0.8390625 0.171875 0.8390625 0.153125
1 0.7171875 0.340625 0.7265625 0.340625 0.7265625 0.3609375 0.7171875 0.3609375 0.715625 0.3703125 0.70625 0.371875 0.70625 0.38125 0.696875 0.38125 0.6953125 0.3921875 0.6875 0.3921875 0.684375 0.3953125 0.684375 0.4015625 0.675 0.4046875 0.6765625 0.4328125 0.665625 0.4359375 0.665625 0.4453125 0.65625 0.4453125 0.65625 0.4125 0.6546875 0.4109375 0.6546875 0.4046875 0.665625 0.403125 0.665625 0.384375 0.6765625 0.3828125 0.6765625 0.3734375 0.6859375 0.3703125 0.6859375 0.3625 0.696875 0.3609375 0.696875 0.3515625 0.715625 0.3515625 0.7171875 0.3421875
1 0.5625 0.5 0.5734375 0.5 0.5734375 0.5296875 0.5625 0.53125 0.5625 0.5515625 0.553125 0.553125 0.553125 0.571875 0.5421875 0.5734375 0.54375 0.5921875 0.5328125 0.59375 0.5328125 0.603125 0.5234375 0.6046875 0.5234375 0.6140625 0.503125 0.6140625 0.503125 0.5921875 0.5015625 0.590625 0.503125 0.584375 0.5125 0.5828125 0.5125 0.5625 0.521875 0.5625 0.5234375 0.553125 0.5328125 0.5515625 0.5328125 0.5421875 0.5421875 0.5421875 0.54375 0.53125 0.5546875 0.5296875 0.5546875 0.5109375 0.5609375 0.5109375 0.5640625 0.5078125 0.5625 0.5015625
1 0.41875 0.6796875 0.4203125 0.68125 0.4203125 0.6984375 0.409375 0.7015625 0.409375 0.709375 0.4 0.7125 0.4 0.7203125 0.3890625 0.721875 0.3890625 0.7421875 0.3796875 0.7421875 0.378125 0.7515625 0.36875 0.753125 0.3703125 0.7734375 0.35 0.7734375 0.3484375 0.765625 0.359375 0.7625 0.359375 0.74375 0.36875 0.74375 0.3703125 0.7328125 0.3796875 0.73125 0.3796875 0.7125 0.3890625 0.7125 0.390625 0.7015625 0.3984375 0.7015625 0.4015625 0.6984375 0.4015625 0.690625 0.4078125 0.690625 0.4109375 0.6875 0.409375 0.68125 0.4171875 0.6796875
9 0.796875 0.1203125 0.8046875 0.1203125 0.80625 0.13125 0.815625 0.13125 0.8171875 0.15 0.80625 0.1515625 0.80625 0.171875 0.7984375 0.171875 0.796875 0.18125 0.7875 0.18125 0.7859375 0.1921875 0.7765625 0.1921875 0.775 0.203125 0.76875 0.203125 0.765625 0.20625 0.765625 0.225 0.75625 0.2234375 0.75625 0.184375 0.7640625 0.184375 0.7671875 0.18125 0.7671875 0.1625 0.7765625 0.1609375 0.7765625 0.1515625 0.7875 0.15 0.7859375 0.1328125 0.7953125 0.13125 0.796875 0.121875
9 0.6640625 0.3015625 0.6734375 0.3015625 0.6734375 0.3203125 0.665625 0.3203125 0.6640625 0.3296875 0.6546875 0.33125 0.653125 0.340625 0.64375 0.3421875 0.64375 0.3625 0.634375 0.3625 0.6328125 0.371875 0.6234375 0.371875 0.621875 0.3734375 0.621875 0.39375 0.6140625 0.39375 0.6125 0.403125 0.603125 0.403125 0.603125 0.3640625 0.6125 0.3640625 0.6140625 0.353125 0.6234375 0.3515625 0.6234375 0.3421875 0.634375 0.340625 0.634375 0.3234375 0.6328125 0.321875 0.6421875 0.321875 0.64375 0.3109375 0.6625 0.3109375 0.6640625 0.303125
9 0.5 0.5015625 0.509375 0.5 0.5125 0.490625 0.5296875 0.490625 0.5296875 0.4984375 0.521875 0.5 0.521875 0.509375 0.5109375 0.5109375 0.5109375 0.5203125 0.503125 0.5203125 0.5 0.5234375 0.5 0.540625 0.490625 0.54375 0.490625 0.553125 0.48125 0.553125 0.4796875 0.5625 0.4703125 0.5625 0.46875 0.5734375 0.4609375 0.5734375 0.4609375 0.5328125 0.46875 0.5328125 0.4703125 0.5234375 0.4796875 0.5234375 0.48125 0.5125 0.4984375 0.5125 0.5015625 0.509375 0.5015625 0.503125
9 0.3578125 0.65 0.3765625 0.65 0.3765625 0.66875 0.3671875 0.6703125 0.36875 0.6890625 0.359375 0.6890625 0.3578125 0.7 0.346875 0.7015625 0.346875 0.7203125 0.3375 0.721875 0.3375 0.7421875 0.31875 0.74375 0.3171875 0.734375 0.3078125 0.7328125 0.3078125 0.7140625 0.3171875 0.7125 0.3171875 0.6921875 0.3265625 0.690625 0.328125 0.68125 0.3359375 0.68125 0.3375 0.671875 0.3453125 0.6703125 0.346875 0.659375 0.35625 0.659375 0.3578125 0.6515625
4 0.459375 0.41875 0.4671875 0.41875 0.46875 0.4296875 0.4890625 0.4296875 0.4875 0.4375 0.478125 0.4390625 0.478125 0.4484375 0.46875 0.4484375 0.4671875 0.459375 0.459375 0.459375 0.4578125 0.46875 0.446875 0.4703125 0.446875 0.4796875 0.428125 0.4796875 0.4265625 0.490625 0.40625 0.4921875 0.4046875 0.5015625 0.3875 0.5015625 0.3859375 0.5 0.3859375 0.49375 0.396875 0.4921875 0.396875 0.471875 0.40625 0.4703125 0.40625 0.4515625 0.4265625 0.45 0.428125 0.4390625 0.446875 0.4390625 0.4484375 0.4296875 0.459375 0.428125 0.459375 0.4203125
4 0.3140625 0.578125 0.3234375 0.5765625 0.325 0.5953125 0.3140625 0.5984375 0.3140625 0.6171875 0.3046875 0.6203125 0.3046875 0.628125 0.29375 0.6296875 0.29375 0.659375 0.2828125 0.6609375 0.284375 0.7015625 0.275 0.703125 0.275 0.7328125 0.2546875 0.7328125 0.2546875 0.7234375 0.265625 0.721875 0.2640625 0.640625 0.275 0.6390625 0.275 0.6203125 0.284375 0.61875 0.284375 0.609375 0.2953125 0.6078125 0.2953125 0.5984375 0.303125 0.5984375 0.30625 0.5953125 0.3046875 0.5890625 0.3140625 0.5875 0.3140625 0.5796875
9 0.2046875 0.81875 0.2140625 0.81875 0.2140625 0.828125 0.203125 0.8296875 0.203125 0.8390625 0.2140625 0.840625 0.2140625 0.8484375 0.2046875 0.8484375 0.203125 0.859375 0.19375 0.8609375 0.19375 0.8796875 0.184375 0.88125 0.184375 0.890625 0.1546875 0.890625 0.1546875 0.88125 0.1640625 0.8796875 0.1640625 0.8640625 0.1625 0.8625 0.1734375 0.859375 0.1734375 0.840625 0.1921875 0.840625 0.19375 0.8296875 0.203125 0.8296875 0.2046875 0.8203125
0 0.7026659302455422 0.1734965970979813 0.7344565584203444 0.20419644987045343 0.7658835947943701 0.2140661423271673 0.8824492314353121 0.32663226915956506 0.9138762678093377 0.33650196161627904 0.9115129211042889 0.20110591956385107 0.8269197085385376 0.12965472566180453 0.6706935061703514 0.13238166416763014 0.6708753020707399 0.14279674432550915 0.6920690541872746 0.16326331284049056 0.6922508500876631 0.17367839299836962 0.7026659302455422 0.1734965970979813
0 0.5811390904583723 0.37356467090234413 0.5915541706162513 0.37338287500195577 0.7399104354319955 0.5166488546068257 0.7711556759056328 0.5161034669056606 0.7918040403210025 0.5053247949470048 0.8014919368773281 0.46348267841510005 0.8117252211348187 0.4528858023568326 0.8111798334336537 0.42164056188319543 0.7265866208679025 0.35018936798114886 0.7161715407100234 0.35037116388153716 0.6525902843604188 0.288971458336593 0.6421752042025397 0.28915325423698135 0.5996059040690815 0.2378050370491394 0.578593947852935 0.2277535486920371 0.5371154231218072 0.23889581245146968 0.5164670587064373 0.24967448441012544 0.5173760382083792 0.30174988519952084 0.538569790324914 0.3222164537145023 0.5387515862253024 0.33263153387238137 0.5811390904583723 0.37356467090234413
0 0.5018179590038837 0.6041508015787909 0.5438418714361768 0.6242537782929954 0.5862293756692466 0.6651869153229584 0.6072413318853931 0.6752384036800606 0.6384865723590303 0.6746930159788955 0.6587713449736233 0.6430841837044816 0.6576805695712931 0.5805937027572072 0.6366686133551467 0.5705422144001047 0.5942811091220768 0.5296090773701418 0.5838660289641978 0.5297908732705302 0.5202847726145932 0.46839116772558603 0.509869692456714 0.46857296362597445 0.4673003923232558 0.4172247464381325 0.45688531216537676 0.4174065423385208 0.4356915600488418 0.39693997382353946 0.4044463195752046 0.3974853615247046 0.38379795515983484 0.4082640334833604 0.37356467090234413 0.4188609095416278 0.3746554463046744 0.4813513904889023 0.39584919842120925 0.5018179590038837 0.39603099432159766 0.5122330391617628 0.5018179590038837 0.6041508015787909
0 0.2427135263596254 0.6816012601936536 0.24289532226001379 0.6920163403515326 0.2640890743765487 0.7124829088665141 0.30611298680884175 0.7325858855807187 0.32730673892537665 0.7530524540957001 0.32748853482576495 0.7634675342535792 0.3483186951415231 0.7631039424528024 0.4435087837655417 0.8447884206123397 0.48535090029744643 0.8544763171686653 0.5156871612691418 0.801855528678105 0.5149599776675883 0.7601952080465886 0.45156051721837204 0.7092105826595235 0.409536604786079 0.6891076059453186 0.29297096814513707 0.5765414791129209 0.20965032688210447 0.5779958463160279 0.2204289988407603 0.5986442107313976 0.21037751048365796 0.6196561669475442 0.2215197742430905 0.6611346916786721 0.2427135263596254 0.6816012601936536