9 0.21875 0.3953125 0.2734375 0.396875 0.2765625 0.3921875 0.33125 0.3953125 0.33125 0.3984375 0.3359375 0.4 0.3359375 0.4078125 0.340625 0.4109375 0.340625 0.4171875 0.3328125 0.421875 0.3296875 0.4265625 0.321875 0.4265625 0.3203125 0.43125 0.2484375 0.428125 0.246875 0.4265625 0.24375 0.43125 0.2359375 0.43125 0.234375 0.4265625 0.2265625 0.4265625 0.225 0.43125 0.221875 0.43125 0.2203125 0.4265625 0.2125 0.425 0.2125 0.4171875 0.209375 0.415625 0.209375 0.403125 0.2171875 0.403125 0.21875 0.396875
9 0.046875 0.3953125 0.059375 0.3953125 0.0609375 0.4 0.0828125 0.4015625 0.084375 0.4109375 0.0890625 0.409375 0.0890625 0.4015625 0.1546875 0.4046875 0.15625 0.409375 0.1734375 0.4109375 0.1734375 0.4140625 0.178125 0.4171875 0.1765625 0.41875 0.18125 0.4203125 0.18125 0.4328125 0.178125 0.4328125 0.1765625 0.4375 0.1640625 0.4375 0.1578125 0.4453125 0.1546875 0.4453125 0.1515625 0.440625 0.1453125 0.440625 0.14375 0.4453125 0.0984375 0.44375 0.09375 0.4375 0.0828125 0.4375 0.08125 0.4421875 0.0640625 0.440625 0.0609375 0.4453125 0.0578125 0.4453125 0.05625 0.440625 0.05 0.440625 0.05 0.4328125 0.0453125 0.43125 0.04375 0.4265625 0.0359375 0.425 0.0375 0.4078125 0.04375 0.409375 0.046875 0.40625 0.046875 0.396875
9 0.203125 0.3125 0.340625 0.31875 0.3453125 0.3203125 0.346875 0.3296875 0.3546875 0.3296875 0.353125 0.3328125 0.3578125 0.334375 0.3578125 0.3421875 0.353125 0.34375 0.353125 0.3515625 0.2015625 0.34375 0.2015625 0.340625 0.196875 0.3390625 0.196875 0.328125 0.1984375 0.3171875 0.2015625 0.3171875 0.203125 0.3140625
9 0.040625 0.3328125 0.1609375 0.3375 0.1625 0.3390625 0.18125 0.3390625 0.18125 0.3421875 0.1859375 0.34375 0.1859375 0.3515625 0.1828125 0.3515625 0.18125 0.35625 0.071875 0.3515625 0.0703125 0.35 0.05 0.35 0.046875 0.3546875 0.040625 0.3546875 0.0265625 0.353125 0.0265625 0.35 0.021875 0.3484375 0.021875 0.3359375 0.0390625 0.3359375 0.040625 0.334375
9 0.2234375 0.475 0.225 0.4796875 0.2984375 0.4828125 0.3 0.4890625 0.3171875 0.490625 0.31875 0.4953125 0.3359375 0.4953125 0.3359375 0.5078125 0.3328125 0.5078125 0.3296875 0.5125 0.334375 0.5140625 0.334375 0.521875 0.33125 0.521875 0.3296875 0.5265625 0.3171875 0.5265625 0.315625 0.521875 0.3046875 0.5203125 0.2078125 0.515625 0.2078125 0.5125 0.203125 0.509375 0.209375 0.50625 0.209375 0.4796875 0.2140625 0.478125 0.215625 0.4734375 0.221875 0.475
9 0.815625 0.434375 0.8171875 0.4359375 0.890625 0.4390625 0.890625 0.4421875 0.8953125 0.44375 0.8953125 0.4515625 0.8921875 0.4515625 0.890625 0.45625 0.8359375 0.453125 0.834375 0.4578125 0.784375 0.45625 0.78125 0.45 0.7546875 0.45 0.7453125 0.4484375 0.7453125 0.4453125 0.740625 0.44375 0.740625 0.4359375 0.74375 0.4359375 0.746875 0.43125 0.8140625 0.434375
4 0.509375 0.3140625 0.5125 0.3140625 0.5140625 0.31875 0.521875 0.3203125 0.5234375 0.3296875 0.5484375 0.3296875 0.55 0.334375 0.5546875 0.3359375 0.55625 0.340625 0.6484375 0.3453125 0.6515625 0.3359375 0.65625 0.334375 0.65625 0.3265625 0.6734375 0.328125 0.671875 0.359375 0.6640625 0.3625 0.6625 0.3671875 0.659375 0.3671875 0.65625 0.371875 0.64375 0.371875 0.6421875 0.3765625 0.6078125 0.375 0.60625 0.3734375 0.58125 0.3734375 0.5796875 0.378125 0.55 0.3765625 0.546875 0.3703125 0.5390625 0.3703125 0.5390625 0.3671875 0.53125 0.365625 0.5296875 0.3609375 0.496875 0.359375 0.496875 0.35625 0.4921875 0.3546875 0.4921875 0.346875 0.4953125 0.346875 0.496875 0.3421875 0.5015625 0.340625 0.503125 0.31875 0.5078125 0.31875 0.509375 0.315625
4 0.0234375 0.584375 0.034375 0.584375 0.0375 0.590625 0.0546875 0.590625 0.05625 0.5859375 0.15 0.590625 0.1515625 0.5859375 0.1546875 0.5859375 0.15625 0.5875 0.178125 0.5875 0.178125 0.590625 0.1828125 0.59375 0.1765625 0.6 0.1734375 0.6 0.171875 0.6046875 0.1671875 0.60625 0.1671875 0.609375 0.159375 0.609375 0.15625 0.61875 0.15 0.6171875 0.1484375 0.621875 0.1234375 0.621875 0.121875 0.6203125 0.034375 0.6171875 0.03125 0.615625 0.0296875 0.60625 0 0.6046875 0 0.5875 0.021875 0.5890625 0.0234375 0.5859375
4 0.3421875 0.5765625 0.35 0.5765625 0.35 0.5796875 0.3546875 0.58125 0.3546875 0.590625 0.3640625 0.59375 0.3625 0.60625 0.3609375 0.6046875 0.3578125 0.609375 0.3546875 0.609375 0.353125 0.6140625 0.2828125 0.6109375 0.28125 0.615625 0.2734375 0.615625 0.271875 0.61875 0.2171875 0.6171875 0.215625 0.6125 0.203125 0.6109375 0.2015625 0.60625 0.184375 0.60625 0.18125 0.6 0.1734375 0.6 0.175 0.5875 0.203125 0.5890625 0.2046875 0.584375 0.2640625 0.5875 0.265625 0.5921875 0.275 0.59375 0.3125 0.5953125 0.3140625 0.590625 0.321875 0.590625 0.3234375 0.584375 0.3265625 0.584375 0.328125 0.5796875 0.340625 0.58125 0.3421875 0.578125
1 0.509375 0.5 0.53125 0.5015625 0.5328125 0.50625 0.5453125 0.5078125 0.634375 0.5109375 0.640625 0.5125 0.640625 0.5203125 0.64375 0.521875 0.6421875 0.553125 0.54375 0.5484375 0.534375 0.546875 0.5328125 0.5421875 0.521875 0.5421875 0.5203125 0.5375 0.503125 0.5359375 0.503125 0.5328125 0.4984375 0.53125 0.5 0.509375 0.503125 0.509375 0.5046875 0.5046875 0.5078125 0.5046875 0.509375 0.5015625
1 0.7578125 0.484375 0.7796875 0.484375 0.78125 0.4890625 0.803125 0.490625 0.8046875 0.4953125 0.84375 0.496875 0.8546875 0.4984375 0.85625 0.503125 0.8875 0.5046875 0.8875 0.51875 0.884375 0.51875 0.88125 0.5234375 0.75625 0.5171875 0.75625 0.5140625 0.7515625 0.5109375 0.7515625 0.50625 0.746875 0.5046875 0.746875 0.4984375 0.7515625 0.4953125 0.753125 0.4875 0.7546875 0.4890625 0.7578125 0.4859375
7 0.51875 0.415625 0.5359375 0.415625 0.5375 0.4203125 0.5484375 0.421875 0.5765625 0.421875 0.578125 0.4234375 0.596875 0.4234375 0.5984375 0.41875 0.659375 0.421875 0.659375 0.425 0.6640625 0.428125 0.6625 0.44375 0.6546875 0.44375 0.653125 0.453125 0.6453125 0.453125 0.6421875 0.4578125 0.6375 0.459375 0.6375 0.4625 0.60625 0.4609375 0.5953125 0.459375 0.59375 0.4546875 0.56875 0.453125 0.5671875 0.4484375 0.5125 0.4453125 0.5140625 0.41875 0.51875 0.4171875
3 0.5046875 0.5890625 0.5078125 0.5890625 0.509375 0.584375 0.5125 0.584375 0.5140625 0.590625 0.63125 0.5953125 0.640625 0.596875 0.640625 0.6 0.6453125 0.6015625 0.64375 0.609375 0.6453125 0.6125 0.671875 0.6140625 0.671875 0.6265625 0.66875 0.6265625 0.6671875 0.63125 0.49375 0.621875 0.4921875 0.6171875 0.4828125 0.615625 0.4828125 0.6046875 0.4859375 0.6046875 0.4890625 0.6 0.4984375 0.6 0.5 0.59375 0.503125 0.59375 0.5046875 0.590625
3 0.75 0.3546875 0.8765625 0.3609375 0.878125 0.3625 0.8859375 0.3625 0.8875 0.3578125 0.9 0.3578125 0.9 0.3609375 0.90625 0.3640625 0.90625 0.371875 0.9109375 0.3734375 0.909375 0.3796875 0.9140625 0.3828125 0.9140625 0.3859375 0.9109375 0.3859375 0.909375 0.390625 0.90625 0.390625 0.9046875 0.39375 0.74375 0.3859375 0.74375 0.3828125 0.7390625 0.38125 0.7390625 0.371875 0.740625 0.36875 0.7453125 0.3671875 0.7453125 0.359375 0.7484375 0.359375 0.75 0.35625
3 0.7265625 0.6171875 0.8921875 0.625 0.8921875 0.628125 0.896875 0.6296875 0.896875 0.6375 0.89375 0.6375 0.8921875 0.6421875 0.721875 0.634375 0.7171875 0.625 0.7203125 0.625 0.7265625 0.61875
3 0.76875 0.628125 0.7859375 0.6296875 0.7875 0.634375 0.7921875 0.634375 0.790625 0.646875 0.7625 0.6453125 0.7640625 0.6328125 0.7671875 0.6328125 0.76875 0.6296875
7 0.0375 0.48125 0.0671875 0.48125 0.06875 0.4828125 0.096875 0.4828125 0.128125 0.4859375 0.1453125 0.4859375 0.146875 0.48125 0.15625 0.48125 0.159375 0.4828125 0.1609375 0.4875 0.1640625 0.4875 0.165625 0.4921875 0.16875 0.4921875 0.16875 0.5 0.1734375 0.5015625 0.171875 0.5140625 0.16875 0.5140625 0.1671875 0.51875 0.1625 0.5203125 0.1625 0.5234375 0.040625 0.5171875 0.0359375 0.5078125 0.03125 0.50625 0.0328125 0.484375 0.0375 0.4828125
0 0.0988440958056784 0.6935560983430211 0.1726669652520978 0.6497405935625373 0.17684302314597458 0.297094910512217 0.08848457785838718 0.2543167226710146 0.03368322335967405 0.29912910280850663 0.03125169734056202 0.6184871347003413 0.05729178136960028 0.6675362351051194 0.0988440958056784 0.6935560983430211
0 0.23799617337280873 0.6770065509966997 0.29981609695285383 0.6802463959069771 0.33910522104452673 0.6584632529363613 0.3556143268085754 0.6164125008217788 0.34857553693610704 0.4777588609331528 0.3753228359006287 0.3313389954454384 0.3114889408154303 0.2755407655897169 0.220887525974574 0.27556098638085325 0.20595461641058352 0.6514851254373022 0.23799617337280873 0.6770065509966997
0 0.5511035134922042 0.7077211305981188 0.6184264723269322 0.6969440581368688 0.6487032766232561 0.6651517200138957 0.66419528623916 0.5515210680061629 0.6709039741078306 0.3325244272682898 0.6165808364964853 0.2772246350910725 0.5347425226117257 0.29200942977149275 0.5127303815929942 0.34807709925760283 0.5100496367346301 0.672190509886364 0.5511035134922042 0.7077211305981188
0 0.8008956169960418 0.7637281377108197 0.8296771082568533 0.7604680720094059 0.8859737757910789 0.6871234194503544 0.9084236921149056 0.34974074796782206 0.8683666907143399 0.29518861230836113 0.8067959859735471 0.28719338866115707 0.7524930691533382 0.3224950113247962 0.7347985315664382 0.6601269016465807 0.8008956169960418 0.7637281377108197