8 0.55078125 0.49296875 0.0546875 0.0265625
8 0.196875 0.5015625 0.053125 0.025
8 0.8109375 0.4796875 0.8140625 0.48125 0.8125 0.496875 0.771875 0.4953125 0.765625 0.4921875 0.7671875 0.4796875 0.809375 0.4796875
9 0.67265625 0.39375 0.0640625 0.021875
9 0.6609375 0.4234375 0.6625 0.425 0.6796875 0.425 0.68125 0.4234375 0.6953125 0.425 0.696875 0.44375 0.69375 0.446875 0.6609375 0.446875 0.659375 0.4484375 0.65 0.4484375 0.646875 0.446875 0.6453125 0.4421875 0.6453125 0.425 0.659375 0.4234375
9 0.68125 0.475 0.69375 0.4765625 0.6953125 0.4796875 0.69375 0.4953125 0.6890625 0.4984375 0.65 0.4984375 0.646875 0.49375 0.646875 0.478125 0.6484375 0.4765625 0.6796875 0.475
9 0.3328125 0.3828125 0.34375 0.3859375 0.3421875 0.4 0.3265625 0.403125 0.2859375 0.403125 0.2828125 0.396875 0.2828125 0.3890625 0.2859375 0.384375 0.2921875 0.3828125 0.33125 0.3828125
9 0.9390625 0.434375 0.940625 0.4375 0.9390625 0.4484375 0.9109375 0.4515625 0.8953125 0.4515625 0.8921875 0.4484375 0.89375 0.434375 0.896875 0.4328125 0.9359375 0.4328125 0.9375 0.434375
9 0.2953125 0.4203125 0.309375 0.4234375 0.3359375 0.4234375 0.3375 0.425 0.3375 0.440625 0.334375 0.44375 0.2890625 0.44375 0.2859375 0.4390625 0.2859375 0.428125 0.2875 0.421875 0.29375 0.4203125
9 0.5734375 0.4375 0.5765625 0.4390625 0.578125 0.4453125 0.5765625 0.459375 0.528125 0.459375 0.5265625 0.45625 0.5265625 0.4375 0.528125 0.4359375 0.571875 0.4375
9 0.8890625 0.38125 0.9109375 0.38125 0.9125 0.3828125 0.9453125 0.38125 0.946875 0.3828125 0.946875 0.4015625 0.9453125 0.403125 0.8875 0.4015625 0.8859375 0.3875 0.8890625 0.3828125
12 0.08515625 0.49765625 0.0515625 0.03125
12 0.2 0.5375 0.06328125 0.01875
12 0.553125 0.54453125 0.05234375 0.028125
12 0.79140625 0.5328125 0.05078125 0.0296875
3 0.91875 0.4796875 0.05078125 0.0203125
3 0.0859375 0.4015625 0.0578125 0.01484375
3 0.43828125 0.3875 0.0625 0.0203125
1 0.0859375 0.4453125 0.05859375 0.02578125
1 0.4390625 0.4390625 0.05 0.0234375
7 0.1984375 0.44921875 0.05 0.02109375
7 0.3125 0.48125 0.0546875 0.03046875
7 0.4375 0.484375 0.05078125 0.0234375
3 0.79140625 0.44375 0.04921875 0.0171875
4 0.55234375 0.3984375 0.06640625 0.0171875
4 0.78984375 0.3921875 0.05703125 0.01796875
4 0.3140625 0.52890625 0.0625 0.01796875
4 0.2 0.3984375 0.0609375 0.02578125
0 0.89375 0.478125 0.8890625 0.546875 0.8953125 0.565625 0.9109375 0.5796875 0.9234375 0.58125 0.95 0.5546875 0.94375 0.5015625 0.9484375 0.3859375 0.94375 0.3703125 0.9265625 0.359375 0.90625 0.359375 0.8890625 0.3734375 0.8859375 0.4109375 0.89375 0.478125
0 0.759375 0.54375 0.771875 0.56875 0.7828125 0.5796875 0.7921875 0.5796875 0.8171875 0.5578125 0.821875 0.540625 0.8140625 0.46875 0.8171875 0.3734375 0.8078125 0.3609375 0.7859375 0.3515625 0.778125 0.3515625 0.7609375 0.371875 0.765625 0.4953125 0.759375 0.54375
0 0.640625 0.546875 0.6484375 0.5671875 0.671875 0.5875 0.69375 0.5671875 0.7015625 0.5484375 0.6953125 0.4484375 0.703125 0.3828125 0.6921875 0.3609375 0.68125 0.3546875 0.65 0.3625 0.6421875 0.3734375 0.6453125 0.4982640625 0.640625 0.546875
0 0.540625 0.584375 0.553125 0.5859375 0.578125 0.56875 0.5828125 0.553125 0.5765625 0.4375 0.58125 0.3796875 0.5765625 0.36875 0.5625 0.3609375 0.546875 0.3609375 0.525 0.3734375 0.521875 0.5578125 0.540625 0.584375
0 0.40625 0.55 0.4203125 0.5703125 0.4421875 0.5765625 0.465625 0.55 0.4609375 0.4921875 0.4671875 0.3765625 0.4640625 0.365625 0.4484375 0.35625 0.4296875 0.3546875 0.4078125 0.36875 0.4109375 0.4984375 0.40625 0.55
0 0.290625 0.565625 0.3078125 0.5796875 0.3171875 0.5796875 0.334375 0.565625 0.3421875 0.546875 0.3375 0.428125 0.34375 0.3765625 0.3375 0.3609375 0.3234375 0.3515625 0.30625 0.353125 0.284375 0.3671875 0.2828125 0.5515625 0.290625 0.565625
0 0.184375 0.5828125 0.203125 0.584375 0.2203125 0.5703125 0.228125 0.5515625 0.221875 0.4875 0.225 0.378125 0.2171875 0.365625 0.1890625 0.3578125 0.1671875 0.3796875 0.1671875 0.55625 0.184375 0.5828125
0 0.05625 0.559375 0.075 0.584375 0.0859375 0.5859375 0.1140625 0.5609375 0.109375 0.4453125 0.115625 0.38125 0.0875 0.3546875 0.075 0.3578125 0.05625 0.378125 0.0609375 0.4546875 0.05625 0.559375