9 0.534375 0.046875 0.54375 0.0671875 0.54375 0.0953125 0.5453125 0.096875 0.54375 0.103125 0.5375 0.1078125 0.5296875 0.1078125 0.521875 0.096875 0.521875 0.059375 0.51875 0.053125 0.5265625 0.0453125 0.5328125 0.046875
9 0.5 0.0765625 0.028125 0.0671875
9 0.5140625 0.140625 0.5203125 0.146875 0.521875 0.1609375 0.521875 0.203125 0.5171875 0.2078125 0.5078125 0.2078125 0.5046875 0.2046875 0.503125 0.2015625 0.5046875 0.19375 0.5015625 0.1875 0.503125 0.14375 0.509375 0.1390625 0.5125 0.140625
9 0.5109375 0.915625 0.51875 0.9171875 0.521875 0.921875 0.5234375 0.9828125 0.5171875 0.9875 0.509375 0.9875 0.5046875 0.98125 0.503125 0.925 0.5046875 0.9203125 0.509375 0.9171875
3 0.475 0.040625 0.478125 0.053125 0.478125 0.08125 0.4765625 0.0828125 0.478125 0.109375 0.4734375 0.1171875 0.465625 0.1171875 0.4625 0.1140625 0.459375 0.0984375 0.459375 0.08125 0.4609375 0.0796875 0.459375 0.04375 0.4640625 0.0390625 0.4734375 0.040625
3 0.54375 0.14375 0.553125 0.1515625 0.5546875 0.2 0.5515625 0.20625 0.540625 0.209375 0.5359375 0.2046875 0.534375 0.1484375 0.5421875 0.14375
3 0.5296875 0.234375 0.5359375 0.240625 0.5375 0.3015625 0.5328125 0.30625 0.525 0.30625 0.5203125 0.3015625 0.51875 0.240625 0.5234375 0.234375 0.528125 0.234375
3 0.56875 0.30625 0.5734375 0.309375 0.5765625 0.3203125 0.575 0.3265625 0.575 0.3640625 0.5765625 0.3671875 0.571875 0.3765625 0.5625 0.3765625 0.559375 0.3734375 0.5578125 0.365625 0.5578125 0.325 0.559375 0.3234375 0.5578125 0.3109375 0.5625 0.30625 0.5671875 0.30625
3 0.53125 0.3859375 0.5375 0.3921875 0.5375 0.409375 0.5390625 0.4109375 0.5390625 0.45 0.5328125 0.4546875 0.525 0.453125 0.521875 0.4484375 0.5203125 0.4 0.521875 0.3921875 0.525 0.3875 0.5296875 0.3859375
3 0.54296875 0.596875 0.025 0.071875
3 0.48125 0.5625 0.484375 0.5671875 0.484375 0.5890625 0.4859375 0.590625 0.4859375 0.634375 0.48125 0.6390625 0.471875 0.6375 0.46875 0.6328125 0.46875 0.5921875 0.4671875 0.590625 0.4671875 0.56875 0.471875 0.5625 0.4796875 0.5625
3 0.55078125 0.68515625 0.0234375 0.075
3 0.496875 0.646875 0.5 0.6515625 0.5 0.678125 0.503125 0.70625 0.503125 0.7203125 0.5015625 0.725 0.496875 0.728125 0.490625 0.7265625 0.4859375 0.7203125 0.484375 0.68125 0.4828125 0.6796875 0.4828125 0.6515625 0.4890625 0.6453125 0.4953125 0.646875
3 0.5359375 0.7421875 0.540625 0.746875 0.540625 0.7671875 0.5421875 0.76875 0.5421875 0.8 0.5390625 0.80625 0.5359375 0.8078125 0.5296875 0.8078125 0.525 0.803125 0.525 0.7703125 0.5234375 0.76875 0.525 0.7453125 0.5296875 0.7421875 0.534375 0.7421875
4 0.584375 0.13125 0.5890625 0.134375 0.5921875 0.140625 0.5921875 0.184375 0.59375 0.1859375 0.5921875 0.20625 0.5859375 0.2109375 0.58125 0.2109375 0.5765625 0.2078125 0.575 0.1421875 0.5734375 0.1390625 0.5765625 0.134375 0.5828125 0.1328125
4 0.56875 0.23125 0.5734375 0.2265625 0.58125 0.2265625 0.5875 0.234375 0.5890625 0.29375 0.584375 0.3015625 0.5765625 0.3015625 0.571875 0.296875 0.5703125 0.2328125
4 0.60625 0.303125 0.6125 0.3078125 0.6125 0.3515625 0.6140625 0.3625 0.6171875 0.365625 0.6171875 0.378125 0.6140625 0.3828125 0.603125 0.3828125 0.6 0.3796875 0.59375 0.3546875 0.59375 0.321875 0.5921875 0.3203125 0.59375 0.3109375 0.596875 0.3046875 0.6046875 0.303125
4 0.5796875 0.384375 0.5828125 0.409375 0.58125 0.4109375 0.5796875 0.4515625 0.5765625 0.4546875 0.5671875 0.4546875 0.5625 0.446875 0.5640625 0.4453125 0.5640625 0.3921875 0.56875 0.3828125 0.578125 0.384375
4 0.60625 0.46875 0.609375 0.4734375 0.60625 0.496875 0.6109375 0.546875 0.6078125 0.553125 0.6046875 0.5546875 0.5984375 0.5546875 0.5921875 0.54375 0.5921875 0.521875 0.5890625 0.4984375 0.5890625 0.4890625 0.59375 0.471875 0.596875 0.46875 0.6046875 0.46875
4 0.5859375 0.740625 0.5890625 0.7453125 0.5890625 0.765625 0.590625 0.7671875 0.590625 0.80625 0.5859375 0.8140625 0.5796875 0.8140625 0.5734375 0.8109375 0.5734375 0.7703125 0.571875 0.76875 0.571875 0.7453125 0.578125 0.7390625 0.584375 0.740625
1 0.54375 0.9484375 0.0234375 0.075
1 0.5375 0.896875 0.5375 0.86875 0.5359375 0.859375 0.5328125 0.85625 0.5328125 0.8328125 0.5359375 0.828125 0.54375 0.828125 0.546875 0.83125 0.546875 0.8484375 0.5515625 0.865625 0.5515625 0.89375 0.5453125 0.9 0.5390625 0.896875
11 0.50859375 0.86484375 0.0203125 0.0609375
2 0.5 0.746875 0.503125 0.75 0.5046875 0.7640625 0.509375 0.7765625 0.509375 0.80625 0.5046875 0.8109375 0.5 0.8109375 0.4953125 0.80625 0.4953125 0.7890625 0.490625 0.7828125 0.4890625 0.7703125 0.4890625 0.753125 0.49375 0.746875 0.4984375 0.746875
2 0.49140625 0.5125 0.01875 0.071875
8 0.528125 0.48125 0.5328125 0.4859375 0.5359375 0.5 0.5375 0.5359375 0.53125 0.5421875 0.528125 0.5421875 0.521875 0.5328125 0.521875 0.5015625 0.51875 0.4875 0.521875 0.4828125 0.5265625 0.48125
1 0.5578125 0.4734375 0.5640625 0.4765625 0.565625 0.4984375 0.56875 0.503125 0.56875 0.5359375 0.565625 0.54375 0.55625 0.54375 0.5515625 0.5390625 0.553125 0.5078125 0.55 0.5 0.55 0.4765625 0.55625 0.475
7 0.478125 0.83125 0.4828125 0.834375 0.484375 0.8390625 0.484375 0.85 0.48125 0.8546875 0.4828125 0.890625 0.475 0.8984375 0.46875 0.896875 0.4625 0.8875 0.4609375 0.8546875 0.465625 0.85 0.465625 0.8390625 0.46875 0.834375 0.4765625 0.83125
0 0.585983365878579 0.10608401967653477 0.5970622039799073 0.1008710470752892 0.6122879528861026 0.07620889695903284 0.6034126368320302 0.05238837457675967 0.585289654403043 0.040151666936204575 0.5549299643335007 0.04603794172463678 0.47775044794504556 0.0471244128093649 0.46782947938294406 0.03942737558286895 0.44854862741473 0.04010067777005553 0.41398591802472184 0.06382939240948052 0.4129402655166928 0.0799528775652579 0.4460849720778294 0.10775198520560134 0.4685792993740791 0.10696646598721711 0.48275939577224525 0.09842780102673805 0.585983365878579 0.10608401967653477
0 0.5618670109794117 0.1986219112907325 0.5749453463539499 0.20459999382201288 0.6006531489782353 0.2037022575724309 0.6100691408999469 0.1969386558227663 0.617261201486053 0.1725570482845043 0.6099365145803995 0.14707367972261437 0.5919257491826102 0.13805044741009503 0.49086960189628287 0.14640549688487767 0.4729149450140923 0.13898900223637617 0.45845430603793175 0.139493978876766 0.41757686302304997 0.1666606029066222 0.41641899348382305 0.17957061273436384 0.4624737098727012 0.20852758991393422 0.4800917156612986 0.20630365857832872 0.4879009699189923 0.199596165344263 0.5618670109794117 0.1986219112907325
0 0.4544247316137122 0.3005043963721432 0.4783574710271833 0.2948425556461065 0.5957615375316833 0.29396010933542416 0.6078860281410405 0.2726236515784013 0.6053254457118419 0.24536521980569695 0.5903598300952914 0.2314095574699262 0.481269994488875 0.24004514952270334 0.4504614362945417 0.23307752299899281 0.4393264896776145 0.2366837579362206 0.41285357712329446 0.2617386676616691 0.4098645358576543 0.26827783534893823 0.41657202909172 0.2760870896066319 0.42965036446625826 0.28206517213791227 0.4397957670907552 0.29618916002047946 0.4544247316137122 0.3005043963721432
0 0.48265741743994717 0.3719098550033639 0.5210507958295787 0.3657430376369374 0.6177917067642422 0.37201695268511176 0.6395005148421077 0.3487371061704778 0.649028723795017 0.3451869797488489 0.6486920727014238 0.33554655376474185 0.6236932714915742 0.3106803788744395 0.6025812477969467 0.3049828389211536 0.5674013447353509 0.31103743925638244 0.509446571799511 0.30984387048990625 0.4914919149173203 0.3024273758414047 0.47381780061312406 0.3030445695129923 0.43449098674666126 0.32854834736323174 0.43161416251221885 0.33830099037853667 0.436602701051069 0.34295287782379347 0.44968103642560725 0.34893096035507387 0.4647588690733554 0.36610009801888016 0.48265741743994717 0.3719098550033639
0 0.5077327364537452 0.4450342683298002 0.5915636375606673 0.4501503138387479 0.6101711873416947 0.4301961596833472 0.6129919030605383 0.4188367790040246 0.6092734510921127 0.4044883570590618 0.5908699260851311 0.38421796109841755 0.5315889580632678 0.39111418916762947 0.4541288990968182 0.38416697193226856 0.4413872148158733 0.3878293153850952 0.42277966503484576 0.40778346954049577 0.4181838861051877 0.4143787457433638 0.42018338337839767 0.42556980087588975 0.44024975456499593 0.447390825984953 0.45332808993953416 0.4533689085162334 0.5077327364537452 0.4450342683298002
0 0.5029533420383909 0.5385055954208292 0.6236831009021242 0.5407244074069849 0.6418417825583608 0.5079163519394416 0.6398422852851509 0.4967252968069156 0.6231577149733848 0.4796122676587081 0.6053152751223919 0.4754092483382422 0.5829892733729388 0.48101498054867997 0.502596281656448 0.482213668664606 0.4782146741181861 0.4750216080785 0.4530679566498894 0.4919867209682603 0.44382029027497455 0.5035705357099785 0.44426915839976555 0.5164244370221212 0.4774699734765009 0.5458302823264827 0.4951440877806972 0.545213088654895 0.5029533420383909 0.5385055954208292
0 0.4866462413969172 0.6243359938009612 0.5993423119405614 0.6268353483651111 0.6088144123778718 0.6216784842794645 0.6173887765656002 0.5908138175695322 0.606962831363109 0.5686561413668758 0.5954912336525886 0.5626219503199966 0.48318792271813643 0.5713697594039714 0.47653653799966966 0.5651672428102955 0.4604130528438922 0.5641215903022665 0.4429633726020916 0.5711657346299254 0.42590645196948296 0.5894570426057093 0.42818649182068735 0.6086817860583246 0.4481967544916869 0.62889607350337 0.45794939750699165 0.6317728977378122 0.4788369871392236 0.6310434870350268 0.4866462413969172 0.6243359938009612
0 0.6168328107590613 0.7130942055816847 0.6383732932901302 0.6849941460749971 0.6379244251653391 0.6721402447628544 0.624341113150411 0.6517015232554135 0.6031729809401847 0.6443972456381097 0.5729255079018402 0.6534969957545775 0.505442526013091 0.6558535534097303 0.4779035516623922 0.6503804475188399 0.4652179758970461 0.6556495286356844 0.4389133888895227 0.6855246513531864 0.4375871938034992 0.6936144481888744 0.46740620800540233 0.7183122975323801 0.4787655886847249 0.7211330132512236 0.5266871760272657 0.7114160694631682 0.6168328107590613 0.7130942055816847
0 0.47232334808975374 0.8130537111938336 0.48977302833155456 0.8060095668661749 0.5330427282288385 0.8012811616169694 0.5958177141567319 0.802306404836649 0.6052898145940422 0.7971495407510021 0.6112678971253226 0.784071205376464 0.6102579438445429 0.7551499274241429 0.6067078174229139 0.7456217184712335 0.5951801111967947 0.7379807897603365 0.571079046236527 0.7388224174943196 0.5504158906666907 0.7459787788531763 0.4813261711139236 0.7483914450239281 0.46348373126293074 0.7441884257034622 0.44115772951347776 0.7497941579138999 0.43673027613061627 0.7612096471088214 0.4178982922871932 0.7747368506081507 0.4149653595371519 0.7828827559594376 0.451379649941923 0.8121763842326011 0.47232334808975374 0.8130537111938336
0 0.5957463157022332 0.8923959310528456 0.6084318914675794 0.887126849936001 0.6187252103505234 0.8594195500385056 0.609849894296451 0.8355990276562325 0.5885134365394281 0.8234745370468751 0.5598727011651013 0.8325181786477442 0.49078298161233425 0.834930844818496 0.4760979085737782 0.8290088708028144 0.458423794269582 0.829626064474402 0.4441314808402182 0.8349512541068453 0.41920919743431695 0.8583433176526771 0.4178830023482935 0.866433114488365 0.4428818035581431 0.8912992893786675 0.4624431981043515 0.8986596755115702 0.5055445724548387 0.8891110572703115 0.5957463157022332 0.8923959310528456
0 0.6242034355908636 0.9702283403401377 0.6331144508721852 0.9490040996143125 0.6272281760837531 0.9186444095447701 0.6123747774984005 0.9079022225370352 0.5676105569682964 0.9159002116298751 0.4678244962523938 0.914558726604952 0.4568017666666644 0.9213784368702154 0.4415199092448704 0.9444338493224539 0.44208099440085913 0.9605012259626322 0.4670797956107086 0.9853674008529346 0.5647541420222036 0.9723043554172961 0.6131245974895354 0.9754413129413834 0.6242034355908636 0.9702283403401377