9 0.5 0.9234375 0.5015625 0.9078125 0.5125 0.9078125 0.51875 0.9109375 0.5203125 0.9203125 0.5171875 0.9359375 0.5171875 0.9609375 0.5125 0.965625 0.5 0.9640625 0.5 0.9609375 0.496875 0.959375 0.496875 0.9546875 0.503125 0.9484375 0.5015625 0.9375 0.503125 0.925 0.5015625 0.9234375
9 0.51875 0 0.534375 0.0015625 0.5328125 0.0234375 0.5296875 0.03125 0.528125 0.05 0.525 0.05625 0.5109375 0.0546875 0.51875 0.0015625
9 0.4796875 0.9046875 0.4875 0.9078125 0.4890625 0.9125 0.4875 0.9609375 0.48125 0.9640625 0.4703125 0.9625 0.4671875 0.959375 0.465625 0.9484375 0.46875 0.93125 0.4671875 0.91875 0.46875 0.90625 0.478125 0.9046875
9 0.4890625 0.80625 0.5 0.8046875 0.5078125 0.8078125 0.503125 0.8578125 0.4984375 0.8609375 0.4875 0.859375 0.4828125 0.8546875 0.4828125 0.84375 0.4859375 0.8375 0.484375 0.8328125 0.4859375 0.8140625 0.4890625 0.8078125
9 0.55 0.003125 0.5671875 0.0046875 0.56875 0.0109375 0.5625 0.053125 0.5546875 0.05625 0.546875 0.0546875 0.54375 0.05 0.54375 0.040625 0.546875 0.0375 0.55 0.0046875
8 0.5234375 0.634375 0.5375 0.6328125 0.5453125 0.6359375 0.540625 0.68125 0.5375 0.690625 0.5171875 0.6875 0.515625 0.68125 0.51875 0.6765625 0.5171875 0.671875 0.5203125 0.665625 0.51875 0.6515625 0.521875 0.646875 0.5234375 0.6359375
2 0.5421875 0.175 0.5453125 0.1765625 0.54375 0.203125 0.5359375 0.23125 0.51875 0.2296875 0.515625 0.21875 0.521875 0.1765625 0.525 0.1734375 0.540625 0.175
2 0.45 0.6953125 0.4609375 0.6953125 0.46875 0.7015625 0.4671875 0.7171875 0.4640625 0.7234375 0.4609375 0.7640625 0.44375 0.7640625 0.4421875 0.7609375 0.446875 0.7484375 0.4453125 0.7375 0.4484375 0.721875 0.446875 0.7078125 0.45 0.696875
2 0.4890625 0.70625 0.5015625 0.7078125 0.5046875 0.715625 0.5015625 0.7484375 0.4984375 0.7609375 0.4953125 0.7625 0.4875 0.7625 0.4765625 0.7578125 0.4796875 0.7109375 0.4875 0.70625
2 0.503125 0.4421875 0.509375 0.44375 0.5140625 0.4484375 0.5140625 0.45625 0.509375 0.4875 0.5109375 0.4984375 0.509375 0.5078125 0.5046875 0.5140625 0.5 0.515625 0.4921875 0.5140625 0.4890625 0.5109375 0.49375 0.484375 0.49375 0.45625 0.4953125 0.4546875 0.49375 0.4453125 0.496875 0.4421875 0.5015625 0.4421875
0 0.5095906587324807 0.05561508964913999 0.5703639843806828 0.05525424585075482 0.6495827908594393 0.07201595006835344 0.666620166497389 0.07043246154811848 0.6760157709545153 0.06129741279665648 0.6832115259589197 0.024937639690000866 0.6771356888542839 0.015863571333530134 0.5262038896415203 0 0.4931689326898324 0 0.485958773307927 0.007579728826164445 0.4828870457886157 0.020753632684685375 0.5095906587324807 0.05561508964913999
0 0.6581065172499765 0.10327952953060589 0.6411543139900606 0.08800102574052149 0.6070795627141612 0.09116800278099121 0.5353271440885978 0.08362651969288866 0.502830842761371 0.07177554864893843 0.48728674469405997 0.07520308139507241 0.455061076215622 0.10893210458727368 0.48229083914237786 0.1387875788569215 0.4952893596732686 0.14352796727450173 0.5627373289145463 0.14386865678663768 0.6354568751278575 0.1582601667954462 0.6577607891662781 0.13867217504951376 0.6581065172499765 0.10327952953060589
0 0.6496029451456884 0.2002372449578333 0.6315082309703947 0.17977737514531178 0.5809222540394364 0.17952185801120968 0.4918668654986966 0.1600391929295605 0.4427792047099393 0.19368304374372772 0.47615746124687985 0.22924603401870353 0.5577169478381938 0.23444409262794902 0.6276548363340906 0.24854323862959782 0.6460952785930826 0.23361046292321158 0.6496029451456884 0.2002372449578333
0 0.6706091192273502 0.3053578429772127 0.6562024935038548 0.2819114180234138 0.6385487569334178 0.273307557826405 0.5942866569402746 0.277090895799362 0.5068999292978038 0.25778361404534306 0.463344401186744 0.2869476321475944 0.48653530900644093 0.3231269833550573 0.5008517237803399 0.33138007689680565 0.5833176411060379 0.33329921635761417 0.632500551415954 0.3469040206778676 0.6572648706127612 0.3360101000785402 0.6706091192273502 0.3053578429772127
0 0.6390048502529615 0.3813295386090276 0.6238966912189452 0.3645577572483044 0.5347561303001714 0.3619370844769746 0.4872418808885244 0.34850766348435164 0.4609842841210786 0.3575575398577797 0.44403711943272517 0.37433435979006513 0.44245866948405255 0.38935230787448527 0.4572160618628084 0.4094614110317464 0.4847063804952286 0.42078623209280586 0.5106132106074137 0.4150736775159157 0.6187254023396326 0.42981091560842233 0.6391852721521541 0.4117162014331286 0.6390048502529615 0.3813295386090276
0 0.6534215531195816 0.46888661100756635 0.6396312883285733 0.45562753477101126 0.5404787620201862 0.4519545620338997 0.4979704953033459 0.4390512910241675 0.4767188812307069 0.44862731738048656 0.45924556655946247 0.47041012000757865 0.4578424999384202 0.48375940719373 0.46943795384826864 0.5018490827974615 0.4934155673565207 0.5144917981015293 0.5293343628583193 0.5098315434904209 0.6276099725285549 0.5218478207188769 0.6414854096975972 0.5182449046451125 0.6602766186118497 0.49997480714218845 0.6534215531195816 0.46888661100756635
0 0.6139149572587053 0.5558373996167425 0.604604525179613 0.548110456057885 0.5136199200349403 0.5469830608571938 0.462592965499125 0.5348715341075791 0.42641361429166197 0.5580624419272759 0.4214978425464516 0.5727296233564356 0.44539028367666955 0.602234330970823 0.45838880420756034 0.6069747193884031 0.5195128965110231 0.6032765537934802 0.5974138087467712 0.6165255528869106 0.6331521823493771 0.5814786354517011 0.6139149572587053 0.5558373996167425
0 0.6619704723679303 0.6604268090816686 0.6245533607239306 0.631187695744508 0.5871412876514933 0.6340039061297171 0.4855283561847198 0.6216368622460006 0.4373176120341139 0.6469374085688232 0.4273958575940967 0.661078440015092 0.44654287173517215 0.671526344438 0.4614756474415585 0.6899667866969921 0.4761428288707181 0.6948825584422025 0.5070556416777101 0.6896961538482032 0.6173626442910888 0.6996027925735334 0.6622360666451568 0.6739514795954502 0.6619704723679303 0.6604268090816686
0 0.6091997616989369 0.729112538759483 0.5976043077890882 0.7110228631557516 0.4786032340291045 0.7035766295888075 0.452606192967323 0.6940958527536473 0.4335493897758438 0.6988412797427899 0.4079081539408852 0.7180785048334616 0.40501180974920425 0.7295837477937137 0.4419027714103129 0.7638288438256812 0.5328873765549857 0.7649562390263723 0.5874270362149692 0.7757498715329787 0.6040234342480619 0.762310373397231 0.6091997616989369 0.729112538759483
0 0.6166812652668168 0.8344987310560891 0.5944574850348676 0.805169406769332 0.4851176100092368 0.8021127949647076 0.450952647783741 0.7900864405931269 0.407923269655572 0.8142444760005716 0.40151422033972306 0.8270676132038318 0.4369119044301931 0.8594686650099002 0.5360644307385802 0.8631416377470117 0.5872667686020258 0.8735845035983575 0.603512399979858 0.8634823272591475 0.6166812652668168 0.8344987310560891
0 0.5998343886711842 0.9305795298451649 0.5880635514337055 0.9141585151397024 0.5704098148632686 0.9055546549426934 0.467569200103083 0.9048682373468591 0.4282228718551503 0.8939843938906566 0.39353679821832593 0.9190193459362526 0.3902896873713844 0.9338619106930424 0.4145328951568629 0.9600292965108921 0.42753141568775366 0.964769684928472 0.46511887208782127 0.9602848136449941 0.5682250811252334 0.9744959017546098 0.5879834176272338 0.9630758311723916 0.6000999829484107 0.9441042003589466 0.5998343886711842 0.9305795298451649
4 0.60390625 0.3984375 0.0203125 0.065625
4 0.61328125 0.48984375 0.021875 0.071875
4 0.5765625 0.58515625 0.021875 0.0625
4 0.60546875 0.66640625 0.0234375 0.0671875
4 0.57109375 0.73984375 0.01875 0.0609375
4 0.5734375 0.840625 0.021875 0.075
3 0.578125 0.30546875 0.0265625 0.059375
3 0.5609375 0.3921875 0.0234375 0.059375
1 0.56953125 0.48359375 0.025 0.0625
3 0.56796875 0.6609375 0.03125 0.0640625
3 0.5203125 0.73671875 0.021875 0.0515625
3 0.53203125 0.83359375 0.0234375 0.0609375
3 0.53515625 0.57734375 0.021875 0.0578125
1 0.59140625 0.03359375 0.0203125 0.0546875