4 0.7828125 0.6234375 0.784375 0.625 0.8234375 0.6265625 0.828125 0.63125 0.83125 0.640625 0.8296875 0.65625 0.8234375 0.6609375 0.8109375 0.6578125 0.775 0.6578125 0.7609375 0.6546875 0.725 0.6546875 0.7234375 0.65625 0.721875 0.6546875 0.7171875 0.65625 0.7046875 0.6546875 0.6734375 0.6578125 0.6125 0.6578125 0.609375 0.65625 0.6046875 0.65 0.6046875 0.6390625 0.6109375 0.6296875 0.61875 0.6265625 0.665625 0.625 0.690625 0.628125 0.6953125 0.63125 0.71875 0.628125 0.7328125 0.6234375 0.78125 0.6234375
12 0.71796875 0.5140625 0.20390625 0.0390625
7 0.1921875 0.58125 0.2 0.5796875 0.3640625 0.58125 0.371875 0.584375 0.375 0.590625 0.375 0.6015625 0.3671875 0.6046875 0.296875 0.60625 0.2953125 0.6078125 0.2015625 0.6078125 0.190625 0.6046875 0.1890625 0.5953125 0.1921875 0.5828125
3 0.703125 0.3546875 0.7046875 0.35625 0.78125 0.3546875 0.83125 0.359375 0.8390625 0.365625 0.8421875 0.3734375 0.8421875 0.3828125 0.840625 0.3875 0.8375 0.3890625 0.809375 0.3859375 0.78125 0.3859375 0.7796875 0.384375 0.7109375 0.384375 0.6875 0.3875 0.628125 0.3875 0.6265625 0.3890625 0.61875 0.3875 0.615625 0.384375 0.615625 0.3703125 0.61875 0.3625 0.628125 0.3546875 0.6390625 0.353125 0.696875 0.353125 0.7015625 0.3546875
3 0.2140625 0.3734375 0.215625 0.375 0.359375 0.375 0.3609375 0.3734375 0.39375 0.375 0.396875 0.378125 0.396875 0.3953125 0.3640625 0.3984375 0.190625 0.3984375 0.1890625 0.4 0.1703125 0.3984375 0.165625 0.3890625 0.1671875 0.378125 0.1703125 0.375 0.2125 0.3734375
3 0.3984375 0.6453125 0.4015625 0.65625 0.4 0.6640625 0.390625 0.6671875 0.29375 0.6671875 0.2921875 0.66875 0.1734375 0.66875 0.16875 0.6640625 0.1671875 0.653125 0.1703125 0.6453125 0.234375 0.6453125 0.2359375 0.646875 0.246875 0.6453125 0.25625 0.646875 0.259375 0.6453125 0.3859375 0.6453125 0.3875 0.64375 0.396875 0.6453125
1 0.28046875 0.46953125 0.190625 0.025
1 0.28125 0.53046875 0.18828125 0.01953125
3 0.69310625 0.4541375 0.76963125 0.45251093750000004 0.82661875 0.455765625 0.8396437499999999 0.42158749999999995 0.6171921874999999 0.421615625 0.62309375 0.4573921875 0.69310625 0.4541375
0 0.6171875 0.596875 0.603125 0.6421875 0.609375 0.6953125 0.621875 0.715625 0.6984375 0.7671875 0.74375 0.7703125 0.7703125 0.7421875 0.809375 0.7140625 0.825 0.6890625 0.83125 0.640625 0.815625 0.6015625 0.8140625 0.5515625 0.8203125 0.5203125 0.81875 0.471875 0.8390625 0.425 0.8421875 0.3734375 0.8203125 0.3390625 0.796875 0.321875 0.765625 0.284375 0.7515625 0.2734375 0.734375 0.271875 0.715625 0.28125 0.684375 0.3125 0.6515625 0.3265625 0.634375 0.340625 0.615625 0.371875 0.621875 0.5125 0.6171875 0.596875
0 0.190625 0.4515625 0.1859375 0.5375 0.19375 0.5890625 0.16875 0.6296875 0.16875 0.6625 0.178125 0.6734375 0.175 0.6859375 0.1796875 0.6953125 0.2453125 0.7265625 0.2609375 0.728125 0.278125 0.721875 0.3109375 0.725 0.3765625 0.703125 0.3859375 0.696875 0.4 0.6671875 0.3953125 0.6359375 0.371875 0.584375 0.375 0.4875 0.3703125 0.4546875 0.396875 0.3953125 0.3890625 0.353125 0.3640625 0.33125 0.303125 0.3078125 0.2859375 0.2796875 0.2640625 0.271875 0.2546875 0.278125 0.2515625 0.2984375 0.2390625 0.3140625 0.184375 0.3375 0.1671875 0.3640625 0.16875 0.41875 0.190625 0.4515625