3 0.66796875 0.70390625 0.040625 0.2546875
3 0.38828125 0.70546875 0.0421875 0.259375
3 0.3796875 0.24375 0.0484375 0.2546875
1 0.5390625 0.70859375 0.0390625 0.2046875
1 0.475 0.70546875 0.0359375 0.209375
1 0.45 0.24296875 0.05625 0.2328125
12 0.5375 0.25234375 0.05625 0.209375
4 0.65703125 0.25859375 0.05 0.246875
7 0.603125 0.7125 0.04375 0.225
0 0.6214312681723222 0.6125260164932925 0.6002455908081259 0.6170270908468387 0.4638743914581679 0.6162703466170084 0.40105398691000965 0.5875722059210463 0.3619855545893887 0.593384759534895 0.3421963519713906 0.6108992007191042 0.3133565521322687 0.6818352521435318 0.2822054438874934 0.6991513705273174 0.2721833493496506 0.7152126733080645 0.2769394101608844 0.7217901862949759 0.273551492267217 0.7298491695139815 0.3042776230825129 0.736879991759004 0.3154412059088663 0.7484402201862048 0.3467138566114019 0.817178290519507 0.38225271189519555 0.8275403670009333 0.41961301935466677 0.8265688696842142 0.4606445629941251 0.8013070953959511 0.5449339631927992 0.8092728679858281 0.5970157623440832 0.8020638396257812 0.6196262462831097 0.808953002727644 0.6452563343435884 0.828883864488802 0.6956016768050907 0.8281390218011386 0.7186088063449645 0.8123043736494472 0.7458538086374645 0.7397168610211338 0.7499500222469309 0.6910796434207812 0.7268213502492967 0.620860102855385 0.7125531678155952 0.6011275638946508 0.6819120324861951 0.5892273535238666 0.6656807387336563 0.588944035237547 0.6214312681723222 0.6125260164932925
0 0.5806136352743889 0.16044609531375476 0.5304382837846784 0.1514521617498948 0.4882085881994455 0.1523386635807178 0.4511882626835576 0.13383260839439015 0.3912458031136919 0.12629181323399238 0.3535455137106372 0.14674086305375794 0.31982469390886664 0.18728352844549107 0.28919519041635355 0.20569170862150538 0.28244768645765045 0.22018654568426244 0.286750438010773 0.252734128675236 0.3234307815830773 0.2907177363646102 0.34222837019895697 0.33001282331428683 0.37099138969541556 0.35649286623372406 0.3887608173373124 0.36167390447443715 0.47979772149468963 0.3551448400015572 0.5982861658882229 0.3572130634916899 0.6661176177053025 0.3778805527972785 0.7034779251647738 0.3769090554805595 0.7263433955614879 0.3691900542051375 0.746132598179486 0.35167561302092826 0.7679699076022172 0.30984256303654273 0.8011124589944616 0.27145409460308856 0.8001692935063748 0.23247065776836345 0.7348392577521397 0.1615144896585365 0.7026316567047496 0.14633968870861236 0.6669511422777961 0.14409325910345555 0.6358566976902849 0.15816311873673344 0.5806136352743889 0.16044609531375476