8 0.61875 0.80625 0.621875 0.8125 0.628125 0.8515625 0.63125 0.853125 0.6359375 0.8703125 0.6140625 0.878125 0.603125 0.8765625 0.6 0.85625 0.5953125 0.846875 0.590625 0.8140625 0.5921875 0.8109375 0.6171875 0.80625
8 0.5078125 0.25 0.5140625 0.2515625 0.515625 0.2703125 0.51875 0.2734375 0.5203125 0.2875 0.5234375 0.290625 0.5296875 0.3140625 0.525 0.31875 0.503125 0.3234375 0.5 0.3234375 0.4953125 0.315625 0.4921875 0.29375 0.4890625 0.290625 0.4828125 0.2578125 0.4890625 0.2546875 0.5015625 0.253125 0.50625 0.25
7 0.553125 0.8203125 0.5609375 0.865625 0.56875 0.8828125 0.565625 0.8875 0.540625 0.8921875 0.5375 0.8921875 0.5328125 0.8859375 0.528125 0.8546875 0.525 0.853125 0.5234375 0.8453125 0.5234375 0.8296875 0.521875 0.828125 0.5359375 0.821875 0.5515625 0.8203125
7 0.434375 0.10625 0.4609375 0.103125 0.465625 0.1296875 0.4703125 0.1390625 0.4703125 0.1453125 0.4765625 0.1625 0.4765625 0.1671875 0.471875 0.1703125 0.446875 0.175 0.4421875 0.1734375 0.4359375 0.134375 0.4296875 0.1171875 0.4296875 0.109375 0.434375 0.1078125
7 0.3046875 0.153125 0.3015625 0.1375 0.3015625 0.1328125 0.3046875 0.128125 0.3203125 0.1234375 0.3265625 0.125 0.33125 0.1234375 0.3375 0.1265625 0.3390625 0.1421875 0.3421875 0.1453125 0.34375 0.1578125 0.353125 0.1828125 0.35625 0.2 0.3515625 0.2046875 0.346875 0.2046875 0.34375 0.2078125 0.328125 0.2109375 0.3234375 0.209375 0.3171875 0.2 0.30625 0.153125
9 0.4484375 0.6859375 0.4546875 0.6875 0.4609375 0.696875 0.4734375 0.7609375 0.471875 0.7671875 0.4625 0.7734375 0.4484375 0.7765625 0.4390625 0.7765625 0.4359375 0.771875 0.4328125 0.75625 0.434375 0.7484375 0.4296875 0.73125 0.43125 0.725 0.425 0.6921875 0.4328125 0.6890625 0.446875 0.6875
9 0.584375 0.7046875 0.05 0.0765625
9 0.4796875 0.403125 0.4859375 0.4078125 0.484375 0.4234375 0.496875 0.46875 0.484375 0.475 0.4609375 0.4765625 0.4578125 0.4734375 0.453125 0.45 0.4546875 0.44375 0.4515625 0.434375 0.453125 0.4328125 0.4515625 0.41875 0.45625 0.4078125 0.478125 0.4046875
9 0.521875 0.6796875 0.5265625 0.6828125 0.5265625 0.6890625 0.5296875 0.6953125 0.528125 0.696875 0.53125 0.703125 0.5328125 0.7203125 0.5375 0.7296875 0.5390625 0.7390625 0.5375 0.746875 0.5203125 0.753125 0.5109375 0.753125 0.5078125 0.7484375 0.503125 0.7171875 0.4984375 0.7078125 0.4953125 0.6890625 0.50625 0.6828125 0.5203125 0.68125
6 0.55 0.3921875 0.5546875 0.4015625 0.55625 0.4203125 0.553125 0.421875 0.553125 0.425 0.559375 0.453125 0.5546875 0.459375 0.5328125 0.4640625 0.5234375 0.4640625 0.521875 0.4546875 0.51875 0.453125 0.5203125 0.4453125 0.515625 0.428125 0.5171875 0.421875 0.5140625 0.4125 0.5140625 0.4 0.51875 0.396875 0.5484375 0.3921875
3 0.603125 0.3640625 0.6109375 0.371875 0.6125 0.384375 0.615625 0.3875 0.6140625 0.396875 0.609375 0.4 0.615625 0.4328125 0.6234375 0.4390625 0.625 0.44375 0.6203125 0.4546875 0.5984375 0.4625 0.5875 0.459375 0.584375 0.4546875 0.58125 0.4390625 0.5828125 0.43125 0.5734375 0.390625 0.5734375 0.3796875 0.5859375 0.3640625 0.5890625 0.3625 0.6015625 0.3640625
3 0.4234375 0.55 0.428125 0.553125 0.43125 0.5625 0.4375 0.56875 0.4421875 0.596875 0.446875 0.6 0.4515625 0.6078125 0.453125 0.625 0.4421875 0.634375 0.434375 0.6328125 0.43125 0.6296875 0.4265625 0.634375 0.415625 0.6328125 0.4078125 0.625 0.4046875 0.6046875 0.4 0.5953125 0.3953125 0.55625 0.403125 0.546875 0.4140625 0.546875 0.4171875 0.55 0.41875 0.5484375 0.421875 0.55
3 0.553125 0.528125 0.5609375 0.534375 0.5671875 0.5703125 0.571875 0.5796875 0.5703125 0.5921875 0.5671875 0.596875 0.5609375 0.6 0.559375 0.5984375 0.54375 0.6 0.5359375 0.5953125 0.53125 0.5828125 0.5296875 0.5671875 0.5234375 0.5421875 0.525 0.5375 0.534375 0.5296875 0.5484375 0.5265625 0.5515625 0.528125
12 0.6734375 0.775 0.6828125 0.78125 0.6875 0.8125 0.6953125 0.8296875 0.7015625 0.8625 0.6953125 0.871875 0.6875 0.8734375 0.6703125 0.871875 0.6609375 0.8640625 0.65625 0.8546875 0.6546875 0.846875 0.65625 0.8453125 0.653125 0.8375 0.6546875 0.8359375 0.6515625 0.8328125 0.653125 0.8265625 0.646875 0.8140625 0.64375 0.8 0.6484375 0.790625 0.653125 0.7890625 0.6578125 0.78125 0.671875 0.775
12 0.5859375 0.21875 0.59375 0.225 0.5921875 0.2328125 0.603125 0.2484375 0.609375 0.2890625 0.60625 0.296875 0.596875 0.309375 0.5875 0.3109375 0.584375 0.315625 0.5765625 0.3171875 0.571875 0.315625 0.5578125 0.3015625 0.553125 0.2703125 0.5484375 0.2640625 0.5421875 0.2625 0.540625 0.259375 0.5375 0.2359375 0.546875 0.2265625 0.5578125 0.228125 0.5625 0.234375 0.5671875 0.2296875 0.5703125 0.221875 0.5765625 0.21875 0.584375 0.21875
4 0.65078125 0.69765625 0.05625 0.103125
4 0.4734375 0.8234375 0.48125 0.828125 0.4859375 0.834375 0.490625 0.8640625 0.4921875 0.8703125 0.496875 0.875 0.5015625 0.8984375 0.4984375 0.9140625 0.49375 0.91875 0.4890625 0.91875 0.4859375 0.921875 0.475 0.9203125 0.4703125 0.915625 0.4671875 0.9 0.46875 0.8796875 0.4625 0.875 0.4578125 0.8671875 0.4546875 0.8515625 0.4578125 0.8453125 0.45625 0.84375 0.459375 0.8359375 0.4578125 0.8328125 0.4640625 0.825 0.471875 0.8234375
4 0.6046875 0.4984375 0.6078125 0.5015625 0.6109375 0.5 0.61875 0.5015625 0.6265625 0.509375 0.628125 0.5171875 0.6265625 0.521875 0.6296875 0.525 0.6359375 0.5640625 0.640625 0.5734375 0.6390625 0.58125 0.6328125 0.5859375 0.628125 0.584375 0.625 0.5859375 0.621875 0.5828125 0.61875 0.584375 0.6125 0.5828125 0.6046875 0.575 0.60625 0.56875 0.5984375 0.528125 0.5890625 0.5171875 0.5875 0.5109375 0.5875 0.50625 0.5921875 0.5 0.603125 0.4984375
4 0.359375 0.2734375 0.3734375 0.2703125 0.38125 0.275 0.3859375 0.2734375 0.3921875 0.278125 0.39375 0.296875 0.390625 0.3 0.39375 0.3140625 0.3984375 0.321875 0.4109375 0.3328125 0.4109375 0.34375 0.4046875 0.35 0.4 0.35 0.390625 0.3578125 0.384375 0.35625 0.38125 0.3578125 0.371875 0.35 0.3640625 0.3359375 0.35625 0.296875 0.3546875 0.278125 0.359375 0.275
1 0.44375 0.2578125 0.4546875 0.2640625 0.45625 0.271875 0.4546875 0.278125 0.4578125 0.28125 0.4609375 0.3015625 0.4625 0.30625 0.4703125 0.3125 0.471875 0.3265625 0.4625 0.334375 0.4546875 0.3359375 0.4484375 0.334375 0.4390625 0.3375 0.43125 0.334375 0.4296875 0.3359375 0.425 0.33125 0.425 0.3203125 0.43125 0.3125 0.43125 0.3078125 0.428125 0.290625 0.4171875 0.28125 0.4171875 0.2734375 0.41875 0.26875 0.425 0.2640625 0.4421875 0.2578125
1 0.4703125 0.5390625 0.4859375 0.540625 0.4890625 0.5453125 0.4953125 0.546875 0.5 0.5546875 0.4984375 0.559375 0.503125 0.565625 0.5046875 0.5765625 0.509375 0.5859375 0.5078125 0.609375 0.5046875 0.6125 0.490625 0.615625 0.484375 0.6140625 0.4734375 0.615625 0.46875 0.6125 0.465625 0.6046875 0.465625 0.590625 0.4625 0.575 0.459375 0.5671875 0.45625 0.565625 0.45625 0.5546875 0.4609375 0.5453125 0.46875 0.540625
3 0.396875 0.403125 0.409375 0.40625 0.4140625 0.4140625 0.4140625 0.421875 0.425 0.4703125 0.425 0.4828125 0.4171875 0.490625 0.4125 0.4921875 0.40625 0.4890625 0.4015625 0.4859375 0.3984375 0.4796875 0.3984375 0.4734375 0.3890625 0.4609375 0.3828125 0.425 0.384375 0.4140625 0.390625 0.40625 0.3953125 0.4046875
11 0.3921875 0.1109375 0.396875 0.115625 0.3984375 0.125 0.4078125 0.146875 0.40625 0.1515625 0.409375 0.1546875 0.4078125 0.159375 0.4109375 0.1609375 0.4078125 0.1765625 0.4 0.184375 0.3890625 0.1828125 0.38125 0.175 0.3734375 0.1390625 0.375 0.134375 0.3703125 0.1296875 0.3703125 0.1203125 0.378125 0.1109375 0.38125 0.109375 0.390625 0.1109375
4 0.5 0.0828125 0.5046875 0.078125 0.515625 0.078125 0.5234375 0.0859375 0.525 0.1 0.53125 0.109375 0.53125 0.115625 0.5359375 0.125 0.540625 0.1484375 0.5390625 0.1546875 0.540625 0.15625 0.534375 0.1640625 0.528125 0.165625 0.5234375 0.1640625 0.5171875 0.1578125 0.5109375 0.1296875 0.5046875 0.1171875 0.5015625 0.096875 0.4984375 0.09375 0.5 0.084375
0 0.6036046997184863 0.8069572220412361 0.5201468212445762 0.8296891621117218 0.4856928023479569 0.8282496301399471 0.4527628169607351 0.834650570879416 0.43015581893264343 0.8439269550343539 0.4156500392848234 0.861392679635266 0.40867992564636707 0.8757662761845321 0.4141664462801974 0.9039919779450081 0.4482275364092345 0.9201539742007794 0.48050384735984625 0.9187621237899363 0.5052885533339454 0.9123171220176161 0.5282444190967679 0.8964635529918041 0.6580914594015275 0.8695965021935599 0.703826946795767 0.8704704817944269 0.7320967095890942 0.8568386817474737 0.7545310840138604 0.8215583648109188 0.7486956956452993 0.7999098479213168 0.7262208807157616 0.7847503938368864 0.7058797126993803 0.7805676015481966 0.6616682588145382 0.787534094658573 0.6418485821362132 0.8027780502806262 0.6036046997184863 0.8069572220412361
0 0.4804742684393147 0.6925672014666264 0.44854682522343375 0.6873818670065954 0.42972969071644973 0.6910395474291491 0.39013439839265096 0.7133821792601327 0.3756286187448309 0.7308479038610447 0.3727091142965104 0.7493161706332978 0.41077675258283186 0.7777181165251792 0.44209458239495386 0.7797672619007127 0.47315166653804763 0.7721030333208747 0.48229948812251155 0.7605608191542265 0.6297003750938861 0.7319089891775569 0.672299673403628 0.7333925821821827 0.7040104319833321 0.7207192632737193 0.7235693629926291 0.6957619336962948 0.7202605503048064 0.6703676143184366 0.706235821490271 0.6568203158091063 0.6881164224527486 0.6473236264899116 0.6536624035561294 0.645884094518137 0.607185119659577 0.6663097640721412 0.4804742684393147 0.6925672014666264
0 0.584805667851902 0.5176896502932488 0.5010429826761126 0.5388534958214859 0.4433282913147914 0.5516994383332747 0.4010337997069288 0.5517839398708975 0.36679646544648625 0.568203061267617 0.3512881436273251 0.5972550610680287 0.3540314039442403 0.6113679119482668 0.38491224395592877 0.6362848010209199 0.42280725863892477 0.6386828141311842 0.4504233469956418 0.6300601044128565 0.46301216436648246 0.619476371384698 0.5822314106102324 0.5881657826287359 0.6182535240491003 0.589300507898631 0.6590239821475655 0.581375533649765 0.6781899843892802 0.5711406683563373 0.693393499506562 0.540520574013677 0.6913039136262572 0.5213986328048135 0.6754062835675937 0.506588046455114 0.6591597857741995 0.49835464497628845 0.6331558529925826 0.49852726857961394 0.6080663403166039 0.5034041758096853 0.584805667851902 0.5176896502932488
0 0.40491902634989885 0.41270457644405106 0.3591394779228082 0.4199758762563069 0.337446900000355 0.4339565440379909 0.32032642260609384 0.4714586299534047 0.33744327947227515 0.4925415944720991 0.3721580440379225 0.5036945003992451 0.42390516393212846 0.49363587923722274 0.4367987880048485 0.4846202407513129 0.5700868240959851 0.4587116710915584 0.5970051769832404 0.46324333111497895 0.6283670678282137 0.45714719707738966 0.6519325469947951 0.44442981713607493 0.6734084402810715 0.41259049598589675 0.6625639615838848 0.3902883046596846 0.6350800563257218 0.3744751761386439 0.6053303210558486 0.372121224061231 0.556980135915168 0.39128360577486593 0.42996447799302623 0.4159729486271025 0.40491902634989885 0.41270457644405106
0 0.532901090611203 0.24787588839475258 0.4263580996594838 0.27184043383877937 0.35740600083339397 0.27710664930835305 0.32129576532882337 0.2922624828647035 0.2979029097655675 0.33098379558763524 0.3075281616552362 0.34701360874485276 0.33688496815752733 0.3640900251062626 0.3553532349297805 0.3670095295545831 0.3964284997301253 0.36065264984796574 0.4253519369600628 0.34201175947238716 0.5376451305982077 0.3169294878525684 0.5736672440370757 0.31806421312246347 0.6081653239665463 0.31135846568111525 0.6373935678983633 0.2942856698477853 0.6469343182504094 0.26802099139714014 0.6407941231799688 0.2448043799652897 0.616446407006303 0.22838163804049008 0.5932738566073038 0.22637655369780788 0.5540714930510873 0.23399672124479448 0.532901090611203 0.24787588839475258
0 0.4488878372061126 0.10309945720776255 0.36856614781669983 0.1252217838744894 0.3149901877112171 0.1258718377830197 0.2788799522066464 0.1410276713393702 0.25927696016449825 0.17413028032991754 0.26768298524664913 0.18388771531814024 0.264197928427421 0.1910745135927733 0.26885815102131566 0.19830537290025774 0.29290106049310183 0.21316002028280864 0.30980123272310633 0.21638433143300867 0.35527597444831766 0.20754493707850422 0.3691280796595275 0.1950883028062175 0.4826845611380416 0.16813312994227064 0.5390919036261421 0.1653053680877327 0.574853271395982 0.15672671940225635 0.591187891255079 0.14866956205483622 0.6063914063723607 0.11804946771217595 0.6052162405976941 0.10363181013005858 0.5793444909146312 0.07936859549401558 0.5461537598583811 0.07605616227811289 0.5100875853866618 0.08306671642134056 0.48399553053934213 0.09952989885091164 0.4488878372061126 0.10309945720776255