9 0.8046875 0.5125 0.853125 0.5125 0.85625 0.515625 0.85625 0.528125 0.8046875 0.528125 0.8046875 0.5140625
9 0.5609375 0.4578125 0.58125 0.4578125 0.5828125 0.4625 0.6265625 0.4625 0.6265625 0.475 0.6234375 0.475 0.621875 0.4796875 0.565625 0.4796875 0.565625 0.4765625 0.5609375 0.475 0.5609375 0.459375
9 0.5703125 0.5203125 0.5734375 0.525 0.6171875 0.525 0.6171875 0.5375 0.609375 0.5375 0.6078125 0.5421875 0.5921875 0.5421875 0.590625 0.5375 0.565625 0.5375 0.565625 0.525 0.56875 0.525 0.5703125 0.521875
9 0.565625 0.4890625 0.6171875 0.4890625 0.6171875 0.50625 0.5703125 0.50625 0.5703125 0.503125 0.565625 0.5015625 0.565625 0.490625
9 0.903125 0.503125 0.928125 0.503125 0.9296875 0.5078125 0.9421875 0.5078125 0.9453125 0.503125 0.946875 0.5078125 0.9546875 0.5078125 0.9546875 0.51875 0.9515625 0.51875 0.95 0.5234375 0.915625 0.5234375 0.9140625 0.51875 0.903125 0.51875 0.903125 0.5125 0.8984375 0.5109375 0.8984375 0.5078125 0.9015625 0.5078125 0.903125 0.5046875
9 0.05 0.4890625 0.10625 0.4890625 0.10625 0.496875 0.1015625 0.4984375 0.1015625 0.50625 0.0546875 0.50625 0.0546875 0.503125 0.05 0.5015625 0.05 0.490625
9 0.8984375 0.534375 0.91875 0.534375 0.9203125 0.5390625 0.9375 0.5390625 0.9390625 0.534375 0.95 0.534375 0.95 0.55 0.903125 0.55 0.903125 0.546875 0.8984375 0.5453125 0.8984375 0.5359375
9 0.040625 0.4578125 0.1109375 0.4578125 0.1109375 0.4703125 0.0984375 0.4703125 0.096875 0.475 0.0453125 0.475 0.0453125 0.471875 0.040625 0.4703125 0.040625 0.459375
8 0.6453125 0.525 0.6921875 0.525 0.6921875 0.5453125 0.640625 0.5453125 0.640625 0.5296875 0.64375 0.5296875 0.6453125 0.5265625
4 0.41953125 0.5796875 0.0640625 0.0140625
4 0.49765625 0.59609375 0.0578125 0.01328125
4 0.58984375 0.57109375 0.06953125 0.00859375
4 0.66328125 0.60390625 0.06484375 0.01015625
4 0.73984375 0.5796875 0.06484375 0.01171875
1 0.07578125 0.52421875 0.05859375 0.01484375
1 0.5015625 0.55234375 0.05234375 0.0140625
3 0.33359375 0.5421875 0.05703125 0.021875
3 0.4171875 0.5359375 0.05 0.01640625
3 0.24375 0.51953125 0.04765625 0.0140625
3 0.7390625 0.5328125 0.05 0.01796875
3 0.82734375 0.553125 0.06015625 0.01796875
4 0.246875 0.56796875 0.06171875 0.01640625
4 0.1640625 0.56796875 0.06875 0.015625
4 0.1609375 0.4953125 0.0546875 0.01484375
2 0.21875 0.48125 0.265625 0.48125 0.265625 0.484375 0.2703125 0.4859375 0.2703125 0.496875 0.2671875 0.496875 0.265625 0.5015625 0.21875 0.5015625 0.21875 0.4828125
2 0.715625 0.49375 0.7640625 0.49375 0.7640625 0.5140625 0.715625 0.5140625 0.7125 0.5109375 0.7125 0.4984375 0.715625 0.4953125
2 0.4671875 0.48125 0.5140625 0.48125 0.515625 0.4859375 0.5234375 0.4859375 0.525 0.48125 0.5328125 0.48125 0.5328125 0.484375 0.5375 0.4859375 0.5375 0.4921875 0.534375 0.4921875 0.5328125 0.496875 0.528125 0.4984375 0.528125 0.5015625 0.4765625 0.5015625 0.4765625 0.4984375 0.471875 0.496875 0.4703125 0.4921875 0.4671875 0.4921875 0.4671875 0.4828125
7 0.15859375 0.46171875 0.06328125 0.01640625
8 0.50078125 0.52421875 0.05859375 0.0171875
3 0.640625 0.55625 0.6609375 0.55625 0.6625 0.5609375 0.6921875 0.5609375 0.6921875 0.571875 0.68125 0.571875 0.6796875 0.5765625 0.6546875 0.5765625 0.653125 0.571875 0.640625 0.571875 0.640625 0.5578125
0 0.06666666666666668 0.4222222222222222 0.06222222222222222 0.42666666666666664 0.06222222222222222 0.4311111111111111 0.05333333333333333 0.44000000000000006 0.04888888888888889 0.44000000000000006 0.04 0.4488888888888889 0.04 0.47555555555555556 0.044444444444444446 0.48 0.044444444444444446 0.5066666666666666 0.04888888888888889 0.5111111111111112 0.04888888888888889 0.5644444444444445 0.044444444444444446 0.5688888888888889 0.044444444444444446 0.5955555555555556 0.05777777777777778 0.6088888888888889 0.06666666666666668 0.6088888888888889 0.07111111111111111 0.6133333333333334 0.08444444444444445 0.6133333333333334 0.09777777777777778 0.6044444444444445 0.10222222222222224 0.6044444444444445 0.10666666666666666 0.6 0.10666666666666666 0.56 0.10222222222222224 0.5555555555555556 0.10222222222222224 0.48 0.10666666666666666 0.47555555555555556 0.10666666666666666 0.4533333333333333 0.10222222222222224 0.4488888888888889 0.10222222222222224 0.4444444444444445 0.09777777777777778 0.4444444444444445 0.07555555555555556 0.4222222222222222 0.07111111111111111 0.4222222222222222 0.06666666666666668 0.4222222222222222
0 0.6671875 0.4359375 0.675 0.4359375 0.675 0.4390625 0.6796875 0.440625 0.68125 0.4453125 0.684375 0.4453125 0.684375 0.453125 0.6890625 0.4578125 0.6921875 0.4578125 0.69375 0.4625 0.696875 0.4625 0.696875 0.4703125 0.7015625 0.471875 0.7015625 0.4875 0.70625 0.4890625 0.70625 0.4921875 0.7015625 0.49375 0.7015625 0.5109375 0.696875 0.5125 0.696875 0.5640625 0.6921875 0.565625 0.6921875 0.5859375 0.696875 0.5875 0.696875 0.621875 0.6921875 0.6234375 0.6921875 0.6296875 0.6890625 0.6296875 0.6875 0.634375 0.68125 0.634375 0.6796875 0.6390625 0.6765625 0.6390625 0.675 0.64375 0.6703125 0.6453125 0.6703125 0.6484375 0.6625 0.6484375 0.6609375 0.653125 0.6578125 0.653125 0.6546875 0.6453125 0.65 0.64375 0.65 0.640625 0.6453125 0.6390625 0.64375 0.634375 0.640625 0.634375 0.640625 0.628125 0.6359375 0.6265625 0.634375 0.621875 0.63125 0.621875 0.63125 0.5875 0.6359375 0.5859375 0.6359375 0.578125 0.640625 0.5765625 0.640625 0.4984375 0.6359375 0.496875 0.6359375 0.4859375 0.640625 0.484375 0.640625 0.471875 0.64375 0.471875 0.6453125 0.4671875 0.6484375 0.4671875 0.65 0.4625 0.653125 0.4625 0.6546875 0.4578125 0.6625 0.453125 0.6625 0.4453125 0.6671875 0.44375 0.6671875 0.4375
0 0.9203125 0.43125 0.9375 0.43125 0.9375 0.434375 0.9421875 0.4359375 0.9453125 0.44375 0.95 0.4453125 0.9515625 0.45 0.9546875 0.45 0.9546875 0.45625 0.959375 0.4578125 0.959375 0.4921875 0.9546875 0.49375 0.9546875 0.5453125 0.95 0.546875 0.95 0.56875 0.9546875 0.5703125 0.9546875 0.6078125 0.9515625 0.6078125 0.95 0.6125 0.9453125 0.6140625 0.9453125 0.6171875 0.9390625 0.6171875 0.9375 0.621875 0.9296875 0.621875 0.928125 0.6265625 0.9125 0.6265625 0.9125 0.6234375 0.9078125 0.621875 0.9078125 0.61875 0.903125 0.6171875 0.903125 0.6140625 0.8984375 0.6125 0.896875 0.6078125 0.89375 0.6078125 0.89375 0.5609375 0.8984375 0.559375 0.8984375 0.4890625 0.89375 0.4875 0.89375 0.4578125 0.8984375 0.45625 0.8984375 0.45 0.9015625 0.45 0.903125 0.4453125 0.90625 0.4453125 0.9078125 0.440625 0.9125 0.4390625 0.9125 0.4359375 0.91875 0.4359375 0.9203125 0.4328125
0 0.15625 0.409375 0.159375 0.409375 0.1609375 0.4140625 0.16875 0.4140625 0.171875 0.421875 0.1765625 0.4234375 0.178125 0.428125 0.1859375 0.43125 0.1875 0.4359375 0.190625 0.4359375 0.190625 0.4484375 0.1953125 0.45 0.1953125 0.465625 0.190625 0.4671875 0.190625 0.4796875 0.1859375 0.48125 0.1859375 0.5453125 0.190625 0.546875 0.190625 0.559375 0.1953125 0.5609375 0.1953125 0.58125 0.190625 0.5828125 0.190625 0.590625 0.1875 0.590625 0.1859375 0.5953125 0.1828125 0.5953125 0.18125 0.5984375 0.1734375 0.5984375 0.171875 0.603125 0.1515625 0.603125 0.15 0.5984375 0.14375 0.5984375 0.1421875 0.5953125 0.134375 0.5953125 0.134375 0.5921875 0.1296875 0.590625 0.1296875 0.578125 0.125 0.5765625 0.125 0.565625 0.1296875 0.5640625 0.1296875 0.5515625 0.134375 0.55 0.134375 0.48125 0.1296875 0.4796875 0.1296875 0.4671875 0.125 0.465625 0.125 0.45 0.1296875 0.4484375 0.1296875 0.4359375 0.1328125 0.4359375 0.134375 0.43125 0.1421875 0.428125 0.146875 0.41875 0.15 0.41875 0.1515625 0.4140625 0.1546875 0.4140625 0.15625 0.4109375
0 0.2359375 0.409375 0.2484375 0.409375 0.2484375 0.4125 0.253125 0.4140625 0.253125 0.421875 0.25625 0.4234375 0.25625 0.4265625 0.2609375 0.428125 0.2625 0.43125 0.2703125 0.43125 0.2703125 0.434375 0.275 0.4359375 0.275 0.475 0.2703125 0.4765625 0.2703125 0.5421875 0.275 0.54375 0.275 0.559375 0.2796875 0.5609375 0.2796875 0.5859375 0.2765625 0.5859375 0.275 0.590625 0.271875 0.590625 0.2703125 0.5953125 0.2671875 0.5953125 0.265625 0.5984375 0.228125 0.5984375 0.2265625 0.5953125 0.21875 0.5953125 0.21875 0.5875 0.2140625 0.5859375 0.2140625 0.5515625 0.21875 0.55 0.21875 0.5203125 0.2140625 0.51875 0.2140625 0.471875 0.209375 0.4703125 0.209375 0.440625 0.2125 0.440625 0.2140625 0.4359375 0.21875 0.434375 0.21875 0.43125 0.228125 0.4265625 0.228125 0.4234375 0.23125 0.421875 0.23125 0.4140625 0.234375 0.4140625 0.2359375 0.4109375
0 0.5828125 0.4234375 0.5984375 0.4234375 0.6 0.428125 0.6078125 0.43125 0.6078125 0.434375 0.6125 0.4359375 0.6125 0.4390625 0.6171875 0.440625 0.6171875 0.44375 0.621875 0.4453125 0.6234375 0.45 0.6265625 0.45 0.6265625 0.4796875 0.621875 0.48125 0.621875 0.5015625 0.6171875 0.503125 0.6171875 0.559375 0.621875 0.5609375 0.621875 0.5953125 0.6140625 0.5984375 0.6125 0.603125 0.6078125 0.6046875 0.6078125 0.6078125 0.6 0.6078125 0.5953125 0.6171875 0.5828125 0.6171875 0.58125 0.6125 0.5734375 0.6125 0.5703125 0.6046875 0.565625 0.603125 0.5640625 0.5984375 0.5609375 0.5984375 0.5609375 0.5921875 0.55625 0.590625 0.55625 0.5703125 0.5609375 0.56875 0.5609375 0.5203125 0.565625 0.51875 0.565625 0.4890625 0.5609375 0.4875 0.5609375 0.4671875 0.55625 0.465625 0.55625 0.4625 0.5609375 0.4609375 0.5609375 0.45 0.5640625 0.45 0.565625 0.4453125 0.5703125 0.44375 0.5734375 0.4359375 0.5765625 0.4359375 0.578125 0.43125 0.5828125 0.4296875 0.5828125 0.425
0 0.5078125 0.4453125 0.5109375 0.4453125 0.515625 0.4546875 0.5234375 0.4546875 0.5234375 0.4609375 0.528125 0.4625 0.5296875 0.4671875 0.5328125 0.4671875 0.5328125 0.475 0.5375 0.4765625 0.5375 0.4921875 0.5328125 0.49375 0.5328125 0.50625 0.528125 0.5078125 0.528125 0.590625 0.5328125 0.5921875 0.5328125 0.6125 0.528125 0.6140625 0.528125 0.621875 0.525 0.621875 0.5234375 0.6265625 0.515625 0.6296875 0.5109375 0.6390625 0.49375 0.6390625 0.49375 0.6359375 0.4890625 0.634375 0.4875 0.6296875 0.48125 0.6296875 0.4796875 0.6265625 0.471875 0.6265625 0.471875 0.6234375 0.4671875 0.621875 0.4671875 0.5875 0.471875 0.5859375 0.471875 0.5125 0.4765625 0.5109375 0.4765625 0.5078125 0.471875 0.50625 0.471875 0.4984375 0.4671875 0.496875 0.4671875 0.4765625 0.471875 0.475 0.471875 0.4671875 0.475 0.4671875 0.4765625 0.4625 0.48125 0.4609375 0.48125 0.4578125 0.4875 0.4578125 0.4890625 0.4546875 0.49375 0.453125 0.49375 0.45 0.50625 0.45 0.5078125 0.446875
0 0.8234375 0.43125 0.8390625 0.43125 0.8390625 0.4390625 0.84375 0.440625 0.84375 0.4484375 0.8484375 0.45 0.85 0.4546875 0.85625 0.4546875 0.8578125 0.4578125 0.8609375 0.4578125 0.8609375 0.4921875 0.85625 0.49375 0.85625 0.5765625 0.8609375 0.578125 0.8609375 0.6078125 0.85625 0.609375 0.85625 0.6171875 0.853125 0.61875 0.853125 0.621875 0.840625 0.621875 0.8390625 0.6265625 0.8140625 0.6265625 0.8125 0.621875 0.8046875 0.621875 0.8046875 0.61875 0.8 0.6171875 0.8 0.6140625 0.796875 0.6125 0.796875 0.578125 0.8 0.5765625 0.8 0.515625 0.8046875 0.5140625 0.8046875 0.4984375 0.8 0.496875 0.8 0.4890625 0.796875 0.4875 0.796875 0.4671875 0.8 0.465625 0.8 0.4625 0.8046875 0.4609375 0.8046875 0.4546875 0.8078125 0.4546875 0.809375 0.45 0.8125 0.45 0.8140625 0.4453125 0.81875 0.44375 0.81875 0.4359375 0.821875 0.4359375 0.8234375 0.4328125
0 0.325 0.4359375 0.3375 0.4359375 0.3375 0.4390625 0.3421875 0.440625 0.34375 0.4453125 0.35 0.4453125 0.35 0.4484375 0.3546875 0.45 0.3546875 0.45625 0.359375 0.4578125 0.3609375 0.4625 0.3640625 0.4625 0.3640625 0.4703125 0.36875 0.471875 0.36875 0.4875 0.3640625 0.4890625 0.3640625 0.5015625 0.359375 0.503125 0.359375 0.56875 0.3640625 0.5703125 0.3640625 0.5765625 0.36875 0.578125 0.36875 0.603125 0.3640625 0.6046875 0.3640625 0.6125 0.3609375 0.6125 0.359375 0.6171875 0.35625 0.6171875 0.3546875 0.621875 0.35 0.6234375 0.35 0.6265625 0.34375 0.6265625 0.3421875 0.6296875 0.325 0.6296875 0.3234375 0.6265625 0.315625 0.6265625 0.3125 0.61875 0.3078125 0.6171875 0.30625 0.6125 0.303125 0.6125 0.303125 0.6046875 0.2984375 0.603125 0.2984375 0.5828125 0.303125 0.58125 0.303125 0.565625 0.3078125 0.5640625 0.3078125 0.5390625 0.303125 0.5375 0.303125 0.534375 0.3078125 0.5328125 0.3078125 0.5203125 0.303125 0.51875 0.303125 0.4984375 0.2984375 0.496875 0.2984375 0.4625 0.3015625 0.4625 0.303125 0.4578125 0.3109375 0.4546875 0.315625 0.4453125 0.31875 0.4453125 0.3203125 0.440625 0.3234375 0.440625 0.325 0.4375
0 0.409375 0.4234375 0.4265625 0.4234375 0.4265625 0.4265625 0.43125 0.43125 0.434375 0.43125 0.434375 0.434375 0.4390625 0.4359375 0.440625 0.440625 0.44375 0.440625 0.44375 0.4484375 0.4484375 0.45 0.4484375 0.4796875 0.44375 0.48125 0.44375 0.559375 0.4484375 0.5609375 0.4484375 0.5953125 0.44375 0.596875 0.44375 0.603125 0.4359375 0.603125 0.434375 0.6078125 0.4296875 0.609375 0.4296875 0.6125 0.409375 0.6125 0.4078125 0.6078125 0.396875 0.6078125 0.396875 0.6046875 0.3921875 0.603125 0.390625 0.5984375 0.3875 0.5984375 0.3875 0.5875 0.3828125 0.5859375 0.3828125 0.5703125 0.3875 0.56875 0.3875 0.55625 0.3921875 0.5546875 0.3921875 0.4859375 0.3875 0.484375 0.3875 0.4765625 0.3828125 0.475 0.3828125 0.4578125 0.3875 0.45625 0.3875 0.4453125 0.390625 0.4453125 0.3921875 0.440625 0.396875 0.4390625 0.4 0.43125 0.403125 0.43125 0.409375 0.425
0 0.74375 0.41875 0.7453125 0.41875 0.7453125 0.4265625 0.75 0.428125 0.75 0.434375 0.7546875 0.4359375 0.7546875 0.4390625 0.759375 0.440625 0.759375 0.44375 0.7640625 0.4453125 0.7640625 0.4484375 0.76875 0.45 0.76875 0.453125 0.771875 0.4546875 0.771875 0.4796875 0.76875 0.48125 0.76875 0.5421875 0.7640625 0.54375 0.7640625 0.559375 0.76875 0.5609375 0.76875 0.603125 0.765625 0.603125 0.7640625 0.6078125 0.75625 0.6078125 0.7546875 0.6125 0.74375 0.6125 0.7421875 0.6171875 0.7390625 0.6171875 0.7375 0.6125 0.7203125 0.6125 0.71875 0.6078125 0.7125 0.6078125 0.7125 0.6 0.7078125 0.5984375 0.7078125 0.565625 0.7125 0.5640625 0.7125 0.4859375 0.7078125 0.484375 0.7078125 0.4546875 0.7109375 0.4546875 0.715625 0.4453125 0.71875 0.4453125 0.7203125 0.440625 0.7234375 0.440625 0.725 0.4359375 0.7296875 0.434375 0.7296875 0.428125 0.7328125 0.428125 0.734375 0.4234375 0.7421875 0.4234375 0.74375 0.4203125