4 0.24375 0.5984375 0.2515625 0.603125 0.275 0.60625 0.2875 0.603125 0.303125 0.603125 0.3046875 0.6046875 0.30625 0.603125 0.3328125 0.603125 0.35625 0.60625 0.3671875 0.6125 0.371875 0.621875 0.371875 0.63125 0.365625 0.6390625 0.303125 0.6375 0.2953125 0.634375 0.2734375 0.634375 0.2625 0.63125 0.2515625 0.6328125 0.2421875 0.6296875 0.2140625 0.6296875 0.2125 0.628125 0.1875 0.63125 0.153125 0.6296875 0.1515625 0.628125 0.1375 0.6296875 0.1359375 0.6328125 0.1296875 0.625 0.13125 0.6234375 0.1296875 0.6109375 0.1328125 0.6 0.1375 0.5953125 0.153125 0.59375 0.18125 0.5953125 0.184375 0.59375 0.1859375 0.5953125 0.2140625 0.5953125 0.2421875 0.5984375
12 0.26015625 0.48125 0.2203125 0.053125
7 0.8109375 0.58125 0.8140625 0.5828125 0.815625 0.5984375 0.8140625 0.60625 0.8109375 0.609375 0.809375 0.6078125 0.78125 0.609375 0.7796875 0.6078125 0.703125 0.6046875 0.690625 0.6015625 0.6625 0.6015625 0.6328125 0.5984375 0.6171875 0.59375 0.6171875 0.58125 0.6234375 0.575 0.63125 0.571875 0.6640625 0.575 0.6921875 0.5734375 0.69375 0.575 0.78125 0.578125 0.809375 0.58125
3 0.1703125 0.3078125 0.2515625 0.309375 0.25625 0.3125 0.2875 0.3125 0.2890625 0.3109375 0.340625 0.3125 0.365625 0.3171875 0.3734375 0.3296875 0.3734375 0.35 0.3640625 0.353125 0.2796875 0.346875 0.271875 0.34375 0.2203125 0.3421875 0.21875 0.340625 0.1375 0.3421875 0.134375 0.340625 0.1328125 0.334375 0.1328125 0.3265625 0.1359375 0.31875 0.1453125 0.3109375 0.1515625 0.309375 0.16875 0.3109375 0.1703125 0.309375
3 0.6078125 0.353125 0.6109375 0.3515625 0.6375 0.3515625 0.6390625 0.353125 0.6453125 0.3515625 0.66875 0.3546875 0.728125 0.35625 0.7296875 0.3578125 0.7578125 0.3578125 0.7890625 0.3609375 0.8171875 0.359375 0.8296875 0.3625 0.846875 0.3625 0.8515625 0.3671875 0.8515625 0.3796875 0.846875 0.3890625 0.8453125 0.3875 0.8265625 0.3890625 0.815625 0.3859375 0.6671875 0.3796875 0.665625 0.378125 0.6421875 0.378125 0.6359375 0.375 0.609375 0.375 0.60625 0.371875 0.6078125 0.3546875
3 0.603125 0.6390625 0.63125 0.6421875 0.7203125 0.6453125 0.7390625 0.6484375 0.75 0.646875 0.7546875 0.65 0.7796875 0.6484375 0.78125 0.65 0.8328125 0.6515625 0.8359375 0.659375 0.834375 0.671875 0.828125 0.6765625 0.7203125 0.671875 0.6890625 0.6671875 0.6 0.6640625 0.5875 0.659375 0.5859375 0.65 0.5890625 0.6390625 0.5953125 0.6375 0.6015625 0.6390625
1 0.728125 0.45703125 0.2046875 0.0375
1 0.72421875 0.52265625 0.2015625 0.03125
3 0.3723541572384527 0.3878892221673139 0.1353992469280169 0.3754409003573518 0.14736554541944358 0.41257472531478967 0.2082505990668148 0.4122891447734546 0.2896745963396333 0.41829377667117773 0.36407055700034824 0.4256691347515571 0.3723541572384527 0.3878892221673139
0 0.37680030432911393 0.3349927560918715 0.3585722455087872 0.3006583858085269 0.3410490767152642 0.2847194502560876 0.30688208234249825 0.26790824876626596 0.2753389630587773 0.23287606573301547 0.25588973192611525 0.22184305126061082 0.23749429719520979 0.22254794128741442 0.22190426801772345 0.23341357984924033 0.18652317860951992 0.27161422936465845 0.160597947709535 0.288614038595752 0.13537760683635375 0.3240092825577511 0.13582789435884038 0.37910836015672916 0.15484806979970894 0.430173782613055 0.15047966283589917 0.4816824153149697 0.15539266119283152 0.5153189728484084 0.15093702763528363 0.5684919881082473 0.13211253721258462 0.6092292861189723 0.1360660430383963 0.6611740517895782 0.1513142431178275 0.6886764386537492 0.1913537283786464 0.7208159895398424 0.218078153176071 0.7522577276760298 0.26651970054335183 0.7514585337785901 0.350952923475004 0.7008080124602623 0.3654019296569954 0.6798688519571524 0.3750251640757927 0.6236287513626796 0.3625752922728831 0.574576617839231 0.36229238066097513 0.4844382799301047 0.37680030432911393 0.3349927560918715
0 0.8549142314220763 0.35170487570512493 0.8380888753784591 0.32245087968929137 0.7811438847571825 0.29443221053958857 0.7687010902311706 0.2770905722104398 0.7665062708339192 0.25527914576994754 0.7568688818613265 0.24809825597582097 0.7331313930816952 0.255198996453107 0.7132531062572397 0.2841983899646236 0.6470337875921188 0.30576229117769665 0.6191824943529947 0.32766802148882485 0.6085054635324408 0.3721702175840894 0.6334853564551007 0.43689960687876256 0.6266604503128248 0.471589960813958 0.6245811666169024 0.5749561325927404 0.5967369506546761 0.6285723580981684 0.5899992711061386 0.6615983294754393 0.6033214088464306 0.694006637419645 0.6129587978190234 0.7011875272137716 0.6816416929395083 0.7281523999617179 0.7167681798433947 0.7266553933143721 0.734727481605609 0.7342724160771901 0.7514585337785901 0.7334802994566482 0.823107133086175 0.7038561652351684 0.8286236403223775 0.6941315496688374 0.8259926879564347 0.6806420360179665 0.8365895694601481 0.669514717674926 0.8384213279286511 0.634562683958516 0.8140590984390569 0.5898931119526726 0.8252594888220399 0.5354046205098622 0.8250638038038705 0.4436019000428115 0.8501969180833134 0.4098710386387368 0.8549142314220763 0.35170487570512493