3 0.346875 0.28984375 0.03515625 0.2453125
3 0.61640625 0.28359375 0.0359375 0.25
3 0.6328125 0.72734375 0.0421875 0.24453125
1 0.47109375 0.2828125 0.03359375 0.196875
1 0.5328125 0.284375 0.03125 0.20078125
1 0.56484375 0.7296875 0.05078125 0.2234375
12 0.48046875 0.721875 0.05078125 0.20078125
4 0.36484375 0.7171875 0.04453125 0.23828125
7 0.409375 0.2796875 0.0375 0.21640625
0 0.2921875 0.3703125 0.30625 0.3890625 0.3359375 0.4 0.3515625 0.4 0.39375 0.3765625 0.4140625 0.371875 0.5453125 0.3703125 0.60625 0.396875 0.64375 0.390625 0.6625 0.3734375 0.6890625 0.3046875 0.71875 0.2875 0.728125 0.271875 0.7234375 0.265625 0.7265625 0.2578125 0.696875 0.2515625 0.6859375 0.240625 0.6546875 0.175 0.6203125 0.165625 0.584375 0.1671875 0.5453125 0.1921875 0.4640625 0.1859375 0.4140625 0.19375 0.3921875 0.1875 0.3671875 0.16875 0.31875 0.1703125 0.296875 0.1859375 0.271875 0.25625 0.26875 0.303125 0.2921875 0.3703125
0 0.2921875 0.8125 0.3234375 0.8265625 0.3578125 0.828125 0.3875 0.8140625 0.440625 0.8109375 0.4890625 0.81875 0.5296875 0.8171875 0.565625 0.834375 0.6234375 0.840625 0.659375 0.8203125 0.6911453125 0.7807296874999999 0.7203125 0.7625 0.7265625 0.7484375 0.721875 0.7171875 0.6859375 0.68125 0.6671875 0.64375 0.6390625 0.61875 0.621875 0.6140625 0.534375 0.621875 0.4203125 0.621875 0.3546875 0.603125 0.31875 0.6046875 0.296875 0.6125 0.278125 0.6296875 0.2578125 0.6703125 0.2265625 0.7078125 0.228125 0.7453125 0.2921875 0.8125