0 0.18515625 0.78984375 0.1703125 0.13984375
3 0.73125 0.3703125 0.7484375 0.3703125 0.7484375 0.3796875 0.759375 0.38125 0.759375 0.3890625 0.7484375 0.390625 0.7484375 0.409375 0.73125 0.409375 0.7296875 0.41875 0.71875 0.4203125 0.71875 0.4296875 0.709375 0.43125 0.709375 0.4484375 0.6984375 0.45 0.6984375 0.459375 0.6890625 0.4609375 0.6890625 0.4796875 0.68125 0.4796875 0.68125 0.440625 0.690625 0.4390625 0.690625 0.4203125 0.6984375 0.4203125 0.7 0.4109375 0.709375 0.4109375 0.7109375 0.4 0.71875 0.4 0.7203125 0.390625 0.73125 0.3890625 0.73125 0.371875
3 0.88125 0.190625 0.8890625 0.190625 0.8890625 0.21875 0.8796875 0.2203125 0.8796875 0.2390625 0.86875 0.240625 0.86875 0.259375 0.859375 0.2609375 0.859375 0.2796875 0.8484375 0.28125 0.8484375 0.2984375 0.840625 0.2984375 0.8390625 0.309375 0.83125 0.309375 0.83125 0.290625 0.8203125 0.2890625 0.8203125 0.2703125 0.83125 0.26875 0.83125 0.25 0.8390625 0.25 0.840625 0.240625 0.85 0.2390625 0.85 0.23125 0.859375 0.23125 0.8609375 0.2203125 0.86875 0.2203125 0.8703125 0.2109375 0.88125 0.209375 0.88125 0.1921875
3 0.6 0.540625 0.61875 0.540625 0.61875 0.5484375 0.6109375 0.5484375 0.609375 0.559375 0.6 0.559375 0.5984375 0.56875 0.5890625 0.5703125 0.5890625 0.5796875 0.58125 0.5796875 0.5796875 0.5890625 0.5703125 0.5890625 0.56875 0.5984375 0.559375 0.6 0.559375 0.609375 0.5484375 0.6109375 0.5484375 0.6296875 0.540625 0.6296875 0.540625 0.6 0.5484375 0.6 0.55 0.590625 0.559375 0.590625 0.5609375 0.58125 0.56875 0.58125 0.5703125 0.5703125 0.5796875 0.5703125 0.58125 0.5609375 0.5890625 0.5609375 0.590625 0.55 0.5984375 0.55 0.6 0.5421875
3 0.440625 0.7 0.46875 0.7 0.46875 0.709375 0.4609375 0.709375 0.459375 0.71875 0.45 0.71875 0.4484375 0.7296875 0.440625 0.7296875 0.4390625 0.7390625 0.4296875 0.740625 0.4296875 0.7484375 0.41875 0.75 0.41875 0.76875 0.409375 0.7703125 0.409375 0.7890625 0.4 0.7890625 0.3984375 0.7984375 0.390625 0.7984375 0.390625 0.7703125 0.4 0.76875 0.4 0.75 0.4109375 0.7484375 0.4109375 0.73125 0.4296875 0.73125 0.43125 0.7296875 0.43125 0.7109375 0.4390625 0.7109375 0.440625 0.7015625
1 0.8203125 0.1609375 0.8296875 0.1609375 0.8296875 0.16875 0.8390625 0.1703125 0.8390625 0.1890625 0.8296875 0.190625 0.8296875 0.209375 0.8203125 0.209375 0.81875 0.21875 0.809375 0.2203125 0.809375 0.2296875 0.7984375 0.23125 0.7984375 0.2484375 0.7703125 0.2484375 0.7703125 0.240625 0.78125 0.2390625 0.78125 0.2203125 0.7890625 0.2203125 0.790625 0.2109375 0.8 0.209375 0.8 0.190625 0.809375 0.190625 0.8109375 0.18125 0.8203125 0.1796875 0.8203125 0.1625
1 0.7 0.340625 0.709375 0.340625 0.709375 0.359375 0.7 0.359375 0.6984375 0.36875 0.6890625 0.3703125 0.6890625 0.3796875 0.68125 0.3796875 0.6796875 0.3890625 0.6703125 0.3890625 0.66875 0.3984375 0.659375 0.4 0.659375 0.4296875 0.65 0.4296875 0.6484375 0.4390625 0.640625 0.4390625 0.640625 0.4 0.65 0.3984375 0.65 0.38125 0.659375 0.38125 0.6609375 0.3703125 0.66875 0.3703125 0.6703125 0.3609375 0.68125 0.359375 0.68125 0.35 0.6984375 0.35 0.7 0.3421875
1 0.55 0.490625 0.559375 0.490625 0.559375 0.51875 0.5484375 0.5203125 0.5484375 0.5390625 0.5390625 0.540625 0.5390625 0.559375 0.5296875 0.5609375 0.5296875 0.5796875 0.5203125 0.5796875 0.51875 0.5890625 0.509375 0.590625 0.509375 0.5984375 0.490625 0.5984375 0.490625 0.5703125 0.5 0.56875 0.5 0.55 0.509375 0.55 0.5109375 0.540625 0.5203125 0.5390625 0.5203125 0.53125 0.53125 0.5296875 0.53125 0.5203125 0.540625 0.51875 0.540625 0.5 0.5484375 0.5 0.55 0.4921875
1 0.4 0.6609375 0.409375 0.6609375 0.409375 0.6796875 0.4 0.6796875 0.3984375 0.6890625 0.390625 0.6890625 0.3890625 0.6984375 0.3796875 0.7 0.3796875 0.71875 0.3703125 0.71875 0.36875 0.7296875 0.359375 0.73125 0.359375 0.7484375 0.340625 0.7484375 0.340625 0.740625 0.35 0.7390625 0.35 0.7203125 0.359375 0.7203125 0.3609375 0.7109375 0.3703125 0.709375 0.3703125 0.690625 0.3796875 0.690625 0.38125 0.68125 0.3890625 0.68125 0.390625 0.6703125 0.3984375 0.6703125 0.4 0.6625
9 0.78125 0.13125 0.7890625 0.13125 0.7890625 0.1390625 0.7984375 0.140625 0.7984375 0.159375 0.7890625 0.1609375 0.7890625 0.1796875 0.78125 0.1796875 0.7796875 0.1890625 0.7703125 0.1890625 0.76875 0.1984375 0.759375 0.2 0.759375 0.209375 0.7484375 0.2109375 0.7484375 0.2296875 0.740625 0.2296875 0.740625 0.190625 0.75 0.1890625 0.75 0.1703125 0.759375 0.1703125 0.7609375 0.1609375 0.7703125 0.159375 0.7703125 0.140625 0.7796875 0.140625 0.78125 0.1328125
9 0.65 0.3 0.659375 0.3 0.659375 0.31875 0.65 0.31875 0.6484375 0.3296875 0.640625 0.3296875 0.6390625 0.3390625 0.6296875 0.340625 0.6296875 0.359375 0.6203125 0.359375 0.61875 0.36875 0.609375 0.3703125 0.609375 0.3890625 0.6 0.3890625 0.5984375 0.3984375 0.590625 0.3984375 0.590625 0.3609375 0.5984375 0.3609375 0.6 0.35 0.609375 0.35 0.6109375 0.340625 0.6203125 0.3390625 0.6203125 0.3203125 0.6296875 0.3203125 0.63125 0.3109375 0.6484375 0.3109375 0.65 0.3015625
9 0.5 0.48125 0.51875 0.48125 0.51875 0.4890625 0.5109375 0.4890625 0.509375 0.4984375 0.5 0.4984375 0.4984375 0.509375 0.4890625 0.5109375 0.4890625 0.5296875 0.48125 0.5296875 0.4796875 0.5390625 0.4703125 0.5390625 0.46875 0.5484375 0.459375 0.55 0.459375 0.559375 0.45 0.559375 0.45 0.5203125 0.459375 0.5203125 0.4609375 0.5109375 0.4703125 0.509375 0.4703125 0.5 0.4890625 0.5 0.490625 0.490625 0.4984375 0.490625 0.5 0.4828125
9 0.35 0.63125 0.36875 0.63125 0.36875 0.6484375 0.359375 0.65 0.359375 0.66875 0.35 0.66875 0.3484375 0.6796875 0.3390625 0.68125 0.3390625 0.6984375 0.3296875 0.7 0.3296875 0.71875 0.3109375 0.71875 0.309375 0.709375 0.3 0.709375 0.3 0.690625 0.3109375 0.6890625 0.3109375 0.6703125 0.31875 0.6703125 0.3203125 0.6609375 0.3296875 0.6609375 0.33125 0.65 0.3390625 0.65 0.340625 0.640625 0.3484375 0.640625 0.35 0.6328125
4 0.45 0.4109375 0.459375 0.4109375 0.4609375 0.4203125 0.4796875 0.4203125 0.4796875 0.4296875 0.4703125 0.4296875 0.46875 0.4390625 0.459375 0.440625 0.459375 0.4484375 0.45 0.4484375 0.4484375 0.459375 0.440625 0.459375 0.4390625 0.46875 0.4203125 0.46875 0.41875 0.4796875 0.4 0.4796875 0.3984375 0.4890625 0.38125 0.4890625 0.38125 0.48125 0.390625 0.4796875 0.390625 0.4609375 0.4 0.459375 0.4 0.440625 0.41875 0.440625 0.4203125 0.43125 0.4390625 0.43125 0.440625 0.4203125 0.4484375 0.4203125 0.45 0.4125
4 0.3109375 0.5609375 0.31875 0.5609375 0.31875 0.5796875 0.309375 0.58125 0.309375 0.5984375 0.3 0.5984375 0.2984375 0.609375 0.2890625 0.6109375 0.2890625 0.6390625 0.2796875 0.640625 0.2796875 0.6796875 0.26875 0.68125 0.26875 0.709375 0.25 0.709375 0.25 0.7 0.2609375 0.6984375 0.2609375 0.6203125 0.2703125 0.61875 0.2703125 0.6 0.2796875 0.6 0.28125 0.590625 0.2890625 0.590625 0.290625 0.58125 0.2984375 0.58125 0.3 0.5703125 0.309375 0.5703125 0.3109375 0.5625
9 0.2 0.790625 0.209375 0.790625 0.209375 0.7984375 0.1984375 0.8 0.1984375 0.809375 0.209375 0.8109375 0.209375 0.81875 0.2 0.81875 0.1984375 0.8296875 0.1890625 0.83125 0.1890625 0.8484375 0.1796875 0.85 0.1796875 0.859375 0.15 0.859375 0.15 0.85 0.1609375 0.8484375 0.1609375 0.83125 0.1703125 0.8296875 0.1703125 0.8109375 0.1890625 0.8109375 0.190625 0.8 0.1984375 0.8 0.2 0.7921875
0 0.66 0.15 0.68 0.17 0.68 0.18 0.6900000000000001 0.18 0.72 0.21000000000000002 0.75 0.22000000000000003 0.86 0.33 0.89 0.34 0.89 0.21000000000000002 0.8099999999999999 0.14 0.66 0.14 0.66 0.15
0 0.51 0.3 0.53 0.32 0.53 0.33 0.5700000000000001 0.37 0.5800000000000001 0.37 0.72 0.51 0.75 0.51 0.77 0.5 0.78 0.4600000000000001 0.79 0.45 0.79 0.42000000000000004 0.7100000000000001 0.35 0.7 0.35 0.64 0.29000000000000004 0.6300000000000001 0.29000000000000004 0.5900000000000001 0.24000000000000005 0.5700000000000001 0.23000000000000004 0.53 0.24000000000000005 0.51 0.25 0.51 0.3
0 0.37 0.47000000000000003 0.39 0.49000000000000005 0.39 0.5 0.49000000000000005 0.5900000000000001 0.53 0.6100000000000001 0.5700000000000001 0.65 0.5900000000000001 0.66 0.62 0.66 0.64 0.6300000000000001 0.64 0.5700000000000001 0.62 0.56 0.5800000000000001 0.52 0.5700000000000001 0.52 0.51 0.4600000000000001 0.5 0.4600000000000001 0.4600000000000001 0.41000000000000003 0.45 0.41000000000000003 0.43 0.39 0.4 0.39 0.38 0.4 0.37 0.41000000000000003 0.37 0.47000000000000003
0 0.22000000000000003 0.5800000000000001 0.21000000000000002 0.6 0.22000000000000003 0.64 0.24000000000000005 0.66 0.24000000000000005 0.67 0.26 0.6900000000000001 0.3 0.7100000000000001 0.32 0.7300000000000001 0.32 0.74 0.34 0.74 0.43 0.8200000000000001 0.47000000000000003 0.8300000000000001 0.5 0.78 0.5 0.74 0.44000000000000006 0.6900000000000001 0.4 0.67 0.29000000000000004 0.56 0.21000000000000002 0.56 0.22000000000000003 0.5800000000000001