9 0.9717748327490605 0.5228844991128364 0.9125159950545363 0.5277345167392415 0.9146647009371 0.5481780876108849 0.9727606585476257 0.5420719564142035 0.9717748327490605 0.5228844991128364
9 0.9810055713643481 0.5715175015405665 0.9395055095213264 0.5786360081884767 0.9079106353579671 0.581956763275732 0.9142804157137432 0.6033293696121607 0.9476279052128005 0.5970677328459107 0.9809546256290315 0.600456639343703 0.9810055713643481 0.5715175015405665
9 0.6979970105979956 0.49654881574597554 0.6426608504431173 0.5092565665026464 0.6439326614192744 0.5311649910121277 0.7008615602823755 0.5238031854403936 0.6979970105979956 0.49654881574597554
9 0.7037261099667552 0.5510575551348118 0.70386939617483 0.5524208323396987 0.6457776172277304 0.5585265243411563 0.6486421669121103 0.5857808940355744 0.707610253527059 0.5782047611946195 0.7037261099667552 0.5510575551348118
9 0.7142671935375422 0.6023095091424813 0.6459794758312046 0.6094868374900443 0.6460884067233631 0.6301391484292493 0.7155390045136991 0.6242179336519625 0.7142671935375422 0.6023095091424813
9 0.5741659017988561 0.5536538331203944 0.5137441840203334 0.5572477371765232 0.509332469028598 0.5838885359131044 0.5764573066509369 0.5754550939952652 0.5741659017988561 0.5536538331203944
9 0.31279070944643456 0.5962815330214132 0.26022257983975206 0.6059416776597024 0.26135110460783434 0.6264868249642969 0.3149394153289983 0.6167251038930565 0.31279070944643456 0.5962815330214132
9 0.3259565373573423 0.6431226037058142 0.25883111249644564 0.6515504584219941 0.2605499597547851 0.6679041976789769 0.32636921832360855 0.6568569521876337 0.3259565373573423 0.6431226037058142
7 0.30706161007767485 0.5417727936325768 0.2502718187592224 0.5504983156044214 0.25342294085975176 0.5804792397086134 0.31064200356387084 0.5758379621497698 0.30706161007767485 0.5417727936325768
7 0.4394112051151541 0.52648395346623 0.3882919407700619 0.5401211788829098 0.3884014589007781 0.5607790770237743 0.44082630229938574 0.5497556551805981 0.4394112051151541 0.52648395346623
12 0.17966615043105258 0.4943801853877317 0.11617153283576442 0.5023416930390793 0.11559018692762009 0.5242245841918755 0.18125387716400407 0.5186110066703664 0.17966615043105258 0.4943801853877317
12 0.05816247693482192 0.5533702233949318 0.008645729414739097 0.5572923377732842 0.012382915595836552 0.5928492891335297 0.06041730666930188 0.5839481057626135 0.05816247693482192 0.5533702233949318
12 0.5656587174794515 0.44867586087659783 0.4972832478411696 0.4558624123238609 0.4990000990632894 0.48136196757839694 0.5671125538212511 0.47163280018089565 0.5656587174794515 0.44867586087659783
12 0.8238277699377926 0.42924633091007375 0.7592322666378347 0.44502302824998113 0.7600041526871397 0.4706162544234397 0.8259487092811207 0.45855033129941863 0.8238277699377926 0.42924633091007375
4 0.9662683247383242 0.423262661690909 0.9022208813397092 0.43512919018331875 0.9043560807354464 0.45544425541679645 0.9648723126236485 0.44651913213784783 0.9662683247383242 0.423262661690909
3 0.9671223764561448 0.47709186649909396 0.9368690264140275 0.4815595761450039 0.9075594670676095 0.4859224404686726 0.9058962614091881 0.5066367341605971 0.9286908703975657 0.5042409242146935 0.9639631415372548 0.5018216135559811 0.9671223764561448 0.47709186649909396
3 0.45433591419327257 0.6344366208835703 0.4282313464041524 0.6381406384141991 0.40102184951538533 0.6381251700109386 0.39362678996815925 0.6427323918284056 0.3963279014611121 0.6615983422656294 0.408977173018779 0.6593085333556805 0.4275874379444245 0.6592675005620847 0.4452966135434612 0.6574061912035625 0.4581413675473146 0.657016470053024 0.45433591419327257 0.6344366208835703
4 0.8388291012323152 0.5863648190169457 0.8044242059059347 0.5928562209953389 0.7749885260171272 0.5921200658805656 0.7742453742411508 0.6123026909480174 0.7967071921288446 0.6080268738867487 0.8400102238442079 0.6044358587498323 0.8388291012323152 0.5863648190169457
8 0.5671582554165371 0.5051091628899702 0.5453901017734479 0.5082670221612828 0.5298720416670787 0.5090281018720596 0.5041565469439847 0.5117309092794089 0.5057715522692441 0.5332869229258221 0.5267988774293185 0.5354208837198209 0.5454398949723347 0.5334616338263881 0.5656503033051494 0.5278633467190395 0.5671582554165371 0.5051091628899702
8 0.1820887643055374 0.5394977072936838 0.18080591463378085 0.5396325402273947 0.1794284515607151 0.538907383300786 0.16592719003157694 0.540326423068928 0.1492125363279085 0.5420832039641825 0.12505537415364681 0.5472320264092273 0.12750582136323002 0.5643562098506487 0.1442204750668984 0.5625994289553939 0.16230782594164908 0.5615626569803125 0.18416641432262143 0.5592652267645432 0.1820887643055374 0.5394977072936838
8 0.8254835010994173 0.48925593133044537 0.7998584411142067 0.4928191677933381 0.7863571795850685 0.49423820756148007 0.7677161620420521 0.4961974574549129 0.7725556177828079 0.5113306777226021 0.7892702714864764 0.5095738968273473 0.8014845046804322 0.5082901291881401 0.8263756157601684 0.5039340997341712 0.8254835010994173 0.48925593133044537
1 0.44435585306247843 0.5797194005212842 0.4366420403782355 0.5805301549044442 0.4238747277545717 0.5827419876636621 0.41423037256755507 0.5837556502402241 0.40073328970184263 0.5851742508131423 0.39044542034723484 0.5862555494541716 0.3896935336232538 0.5976324217710942 0.3926135051022021 0.6068834979805742 0.4061147666313403 0.6054644582124322 0.4213615225240598 0.6021220913350255 0.43412942238628116 0.5999158457774669 0.4468967350099449 0.5977040130182489 0.44435585306247843 0.5797194005212842
4 0.43341276183167726 0.48179310668202024 0.40633562817846725 0.47769085291758523 0.38235456957798863 0.48455538546728094 0.38114003816218295 0.49772075195975785 0.39049097265361754 0.5062959067197884 0.4111640256782569 0.49890912543688576 0.4256699530879617 0.5008585786247906 0.4404540642888565 0.49930470592293774 0.43341276183167726 0.48179310668202024
4 0.6973741701817164 0.4453616012684762 0.6797336398558409 0.4506897833131795 0.659805593977642 0.4527843053355468 0.6430010927746481 0.4536862443769176 0.6274830326682788 0.45444732408769434 0.6316789742414433 0.4696481804198509 0.6451802357705815 0.46822914065170895 0.663911688051481 0.4671303198138195 0.6813602906606241 0.46616633190964085 0.6999150521291829 0.46334621376544083 0.6973741701817164 0.4453616012684762
4 0.5779094189306057 0.6073996508697587 0.5559535162342097 0.6149212650863721 0.5398781980347065 0.6166108491123834 0.5259178832386119 0.6198123566591961 0.5152688621710285 0.6174575262797114 0.5164433392863954 0.628631929598456 0.5269908673751293 0.6362113831740086 0.5457264983194549 0.6351121231408954 0.5611541236879407 0.6334906143745754 0.5772252632240179 0.631801469543788 0.5822787631634386 0.63040039116773 0.5796369754756805 0.6176459890684927 0.5779094189306057 0.6073996508697587
0 0.5609862292378394 0.43710085982525804 0.5335652944516028 0.4173872245306508 0.5252079675997686 0.41826561497827813 0.5060763661432334 0.43722319607546345 0.5000679935221329 0.4604503931605802 0.505421134063417 0.471185601255511 0.515991428101719 0.5717552311242129 0.5207573300853194 0.5769032375597715 0.5177531437747693 0.5885168361023297 0.5242127679092873 0.6499760543554254 0.5421018987283227 0.6593936767789154 0.558816552431991 0.6576368958836606 0.5635824544155916 0.6627849023192193 0.5671738792838253 0.6567585054360333 0.5755312061356596 0.6558801149884059 0.5827140558721269 0.643827321222034 0.5768416702952923 0.5879553046283108 0.5714885297540083 0.5772200965333798 0.575079954622242 0.5711936996501937 0.5721437618338248 0.5432576913533321 0.5656161441771739 0.5213480799396566 0.5692075690454076 0.5153216830564705 0.5632671899464401 0.49899927330216726 0.5692755625675405 0.47577207621705064 0.5663393697791232 0.44783606792018904 0.5609862292378394 0.43710085982525804
0 0.8212378387600673 0.4210451592675552 0.797995567399748 0.4008923287491342 0.7848723385643133 0.39662271276120287 0.7627365507972278 0.4271938924009466 0.7597323644866776 0.4388074909435048 0.7791112368902312 0.6231851457027915 0.8071194102341511 0.648485982656771 0.8107108351023848 0.6424595857735851 0.8232468253801362 0.6411420001021441 0.8387870019684376 0.6282108158881448 0.841791188278988 0.6165972173455865 0.836438047737704 0.6058620092506555 0.8223443223533012 0.47176916942571967 0.828939933532085 0.45412917399997543 0.8271782178590346 0.4373675690218584 0.8224123158754342 0.4322195625862998 0.8212378387600673 0.4210451592675552
0 0.9490146892904476 0.39066850235121436 0.9400701238809299 0.3859596911394695 0.9149981433254272 0.3885948624823515 0.9006324438524924 0.4127004500150955 0.9147941627590281 0.5072436830006112 0.9112027378907944 0.5132700798837972 0.9164198913878125 0.603104501657568 0.9217730319290964 0.613839709752499 0.9396621627481319 0.623257332175989 0.9647341433036345 0.6206221608331071 0.9796870813342528 0.6021037749597353 0.9614146925239331 0.4684501303586133 0.9650061173921666 0.4624237334754273 0.9632444017191162 0.4456621284973103 0.9668358265873499 0.4396357316141243 0.9633123952412491 0.40611252165789036 0.9490146892904476 0.39066850235121436
0 0.6911120339989534 0.4290730095464067 0.6631038606550334 0.40377217259242704 0.6326107460361137 0.4352217426797981 0.6508831348464336 0.5688753872809201 0.6472917099781998 0.574901784164106 0.6508151413243006 0.6084249941203399 0.6478109550137503 0.6200385926628982 0.6591044746540018 0.6470962105121326 0.6811722688989543 0.6560746377118087 0.6978869226026228 0.6543178568165541 0.7056570108967736 0.6478522647095545 0.715844046943791 0.6241858724006242 0.7129078541553738 0.5962498641037625 0.7081419521717733 0.5911018576682039 0.6992653802843887 0.546843439617039 0.6933929947075542 0.4909714230233158 0.6969844195757878 0.4849450261401298 0.6928737496720038 0.4458346145245235 0.6964651745402374 0.4398082176413376 0.6911120339989534 0.4290730095464067
0 0.4368008035756928 0.4614511198584128 0.41355853221537336 0.4412982893399919 0.4010225419376221 0.4426158750114329 0.3854823653493205 0.45554705922543226 0.3782995156128532 0.4675998529918042 0.3824101855166373 0.5067102646074104 0.38717608750023785 0.5118582710429691 0.3989208586539068 0.6236023042304155 0.3953294337856731 0.6296287011136015 0.39944010368945726 0.6687391127292077 0.40897190765665836 0.6790351256003252 0.4173292345084926 0.6781567351526977 0.4220951364920932 0.6833047415882563 0.4429884536216787 0.681108765469188 0.4465798784899125 0.675082368586002 0.4549372053417467 0.6742039781383747 0.4621200550782139 0.6621511843720027 0.45742214661674635 0.6174535710970241 0.4478903426495453 0.6071575582259069 0.4467158655341784 0.5959831549071622 0.450307290402412 0.5899567580239762 0.44502214338326096 0.5396719430896253 0.4384945257266102 0.5177623316759498 0.4420859505948438 0.5117359347927637 0.4391497578064265 0.483799926495902 0.4427411826746602 0.4777735296127161 0.4368008035756928 0.4614511198584128
0 0.30308357394634516 0.47550536702045026 0.27507540060242525 0.45020453006647065 0.2667180737505909 0.451082920514098 0.2637138874400407 0.46269651905665626 0.2517651357199729 0.46960130638746966 0.24458228598350548 0.48165410015384164 0.2605057205630915 0.5929589381174745 0.25691429569485785 0.5989853350006604 0.266310112617793 0.6883805615506176 0.28419924343682834 0.6977981839741074 0.31762855084416525 0.6942846221835982 0.32840282544886634 0.6762054315340401 0.3242921555450822 0.6370950199184338 0.3195262535614817 0.6319470134828753 0.3088879660010465 0.5709269904535933 0.3059517732126293 0.5429909821567318 0.30954319808086306 0.5369645852735458 0.30308357394634516 0.47550536702045026
0 0.1765491940534647 0.47750682041611575 0.1538941612508289 0.4629411915570671 0.13300084412124322 0.46513716767613544 0.11863514464830857 0.4892427552088795 0.11980962176367546 0.5004171585276241 0.1162181968954418 0.50644355541081 0.1304479093241105 0.5614371815569059 0.13977573272491264 0.690382014946283 0.14395439615082975 0.6899428197224694 0.1582521021016314 0.7053868390291453 0.18332408265713418 0.7027516676862632 0.19827702068775221 0.6842332818128917 0.20128120699830246 0.6726196832703333 0.20010672988293554 0.6614452799515885 0.195340827899335 0.65629727351603 0.18711948809176676 0.5780764502848175 0.17883015476206549 0.5394052338930249 0.1854257659408494 0.5217652384672806 0.1819023345947487 0.48824202851104664 0.1765491940534647 0.47750682041611575
0 0.08068720620438966 0.690943546420302 0.07657653630060554 0.6518331348046958 0.07181063431700495 0.646685128369137 0.06887444152858771 0.6187491200722756 0.06410853954498721 0.6136011136367169 0.06293406242962031 0.6024267103179722 0.06652548729785393 0.5964003134347862 0.05771690893260223 0.5125922885442014 0.06130833380083593 0.5065658916610155 0.05654243181723534 0.5014178852254567 0.05536795470186845 0.49024348190671213 0.019589693063797726 0.4714082370597322 0 0.4984630693540361 0 0.5210953931867348 0.01748800978008252 0.6523946662787148 0.013896584911848813 0.6584210631619009 0.018007254815632937 0.697531474777507 0.03707086275003515 0.7181235005197417 0.05796417987962064 0.7159275244006734 0.08068720620438966 0.690943546420302