9 0.899254213618829 0.45212438680142536 0.8985525803307276 0.4722165353512214 0.9565435573138478 0.4729001483591331 0.9561990114386916 0.45411294295984694 0.899254213618829 0.45212438680142536
9 0.9622208295960364 0.4248217414907426 0.9602048286650353 0.39659132972595484 0.9280067639754123 0.4021743311904336 0.8951327309483947 0.39834339159699883 0.8903869377714548 0.41963029364880705 0.9213557658169111 0.420711748954412 0.9622208295960364 0.4248217414907426
9 0.6369762604025772 0.4872176708437406 0.6372274213607328 0.5086790703790613 0.6919353999813195 0.5172968977494159 0.6928707831951371 0.49051102712194805 0.6369762604025772 0.4872176708437406
9 0.6957409404497913 0.4369741853637148 0.6378476360031933 0.43361103009210245 0.6369122527893757 0.4603969007195702 0.6938529547451932 0.46238531384726766 0.6938061664089546 0.4637251564944801 0.6957409404497913 0.4369741853637148
9 0.6323485517072628 0.3905082423795583 0.633645891828676 0.41066469876436906 0.7005805020546847 0.41300210685909156 0.700329341096529 0.39154070732377083 0.6323485517072628 0.3905082423795583
9 0.5024218523088166 0.4449740780448379 0.5085248973563259 0.47066425947128676 0.567562053502704 0.4700429293286885 0.5683102833715674 0.44861642929007034 0.5024218523088166 0.4449740780448379
9 0.25823066870560785 0.42035451348194713 0.25852861800000193 0.44047607037005526 0.3103360966760535 0.4463096569866017 0.3110377299641549 0.42621750843680567 0.25823066870560785 0.42035451348194713
9 0.2546367893912386 0.3800012100572328 0.25407552111185283 0.3960738306653916 0.3199641439300801 0.3997106907522337 0.3194324447099698 0.38628285594179723 0.2546367893912386 0.3800012100572328
7 0.2536424598143464 0.4657825003635008 0.2526134999280517 0.4952480562853935 0.3084653302484184 0.4998813982415373 0.30963446338795214 0.4664018055363977 0.2536424598143464 0.4657825003635008
7 0.3863210402303451 0.47578164461436856 0.38761818859628183 0.49594359215756956 0.4382861031920752 0.5057563160606604 0.4380817305701582 0.48295507387812736 0.3863210402303451 0.47578164461436856
12 0.12334775117341938 0.5300821425213101 0.1254003790469343 0.5513920343366079 0.18772438061397273 0.5548219472868268 0.18762281137823827 0.5310731662250977 0.12334775117341938 0.5300821425213101
12 0.018259523501601475 0.470180323498748 0.017039191649872262 0.5051260554940751 0.06548764142871595 0.5055698996379806 0.06560390641415759 0.47558316264496747 0.018259523501601475 0.470180323498748
12 0.4993347390856612 0.545707923464198 0.49939687569230073 0.5707033405112301 0.5664174990632576 0.5730437522511606 0.5662722095789069 0.5505469553024004 0.4993347390856612 0.545707923464198
12 0.7540331653089212 0.5383615258926321 0.7550211589452431 0.563383776724941 0.8189474159385137 0.5743632175405293 0.819019960675339 0.5456284646604853 0.7540331653089212 0.5383615258926321
4 0.8955247887489811 0.5433025222597956 0.8948275658368366 0.5632683741666167 0.9579548389267518 0.5704703769856874 0.955016170163602 0.5478760330830292 0.8955247887489811 0.5433025222597956
3 0.9551281475295221 0.5178946442176823 0.9503736767384858 0.49398338025327276 0.9158878357341174 0.49403261900652307 0.8935448973677682 0.49325238640606345 0.8965708148726742 0.5133482532411737 0.9253867444417333 0.5156025406783994 0.9551281475295221 0.5178946442176823
3 0.385836745998764 0.3954685656844804 0.3933455222299972 0.3994583233736615 0.4198204902183102 0.3975844416168295 0.4454730552145243 0.39941488421456506 0.4476416144037774 0.37712533929867187 0.43511663063505274 0.37762259251622715 0.4177583588116637 0.37701642830710747 0.3996469767221924 0.37824773763060665 0.38718309395139444 0.3768778539647647 0.385836745998764 0.3954685656844804
4 0.8228680832084965 0.4200488998849644 0.822789430710263 0.40233756348697014 0.7804096939163656 0.4017922657559002 0.758262828305957 0.3991551074443319 0.760357366388113 0.41879511498610766 0.7889495358509221 0.41606603009994225 0.8228680832084965 0.4200488998849644
8 0.5274945491673686 0.5166070251163601 0.5426460095654637 0.5162894561579785 0.5640419440423333 0.5178832882683126 0.5610284834341999 0.4957866373490255 0.5409824743578542 0.49170543468385297 0.5227108248523944 0.4910673746232388 0.5023953303326836 0.4945857921393998 0.5022886018334525 0.5157268140396913 0.5274945491673686 0.5166070251163601
8 0.15485025159783228 0.5103618585591346 0.17123370777847313 0.5109339814558969 0.18446744450838587 0.5113961137257567 0.18575850097765872 0.5105945287967143 0.187015931239523 0.5106384392290407 0.18769436211498153 0.4912107208444608 0.16626889729474842 0.49046252712621985 0.14859867226435597 0.4906866410308339 0.13221521608371511 0.49011451813407164 0.13099442141991652 0.5069887857692372 0.15485025159783228 0.5103618585591346
8 0.7780706787497581 0.5135149574852252 0.7913044154796708 0.513977089755085 0.8164808324702232 0.5157029392238469 0.8163515099780216 0.5013215333019098 0.7918353863937875 0.49877207217258024 0.7798631757897841 0.49835399336577113 0.7634797196091433 0.4977818704690088 0.7597990292442984 0.5128768974246111 0.7780706787497581 0.5135149574852252
1 0.38507408215813654 0.4397381477027616 0.38657876453018075 0.4507864016470432 0.3966627818093652 0.45113854329000036 0.40989242267523285 0.4516005325291359 0.41934567689146257 0.45193064744056777 0.4319191202150569 0.4532163913709952 0.4394800852424227 0.453480426087851 0.440730410249585 0.4357605200605922 0.42815696692599053 0.4344747761301647 0.41558333184691987 0.4331945233581275 0.40052046247891554 0.4309751771402297 0.3872867257490029 0.43051304487037 0.38507408215813654 0.4397381477027616
4 0.38561659199961806 0.55056085495838 0.4094176491103279 0.5556198564047974 0.43548612287911004 0.5497678263623034 0.44114769346290983 0.5322019644249977 0.42665652647113295 0.5316959217228114 0.41267409706028735 0.5345888251314085 0.39205638560771444 0.5287943189505248 0.3835402072513465 0.537799297498387 0.38561659199961806 0.55056085495838
4 0.6261830619723427 0.5631894714211353 0.641334522370438 0.562871902462754 0.6577473171389662 0.5626038781258134 0.6772804927703353 0.5632859916494782 0.6948075454589072 0.5672792304192733 0.6960578704660694 0.5495593243920147 0.6778116554399283 0.5480754829085831 0.660767905852969 0.5483269716723886 0.6424667260041456 0.5485345500038675 0.629232989274233 0.5480724177340077 0.6261830619723427 0.5631894714211353
4 0.516048875804819 0.3927200203485083 0.5063007016659054 0.4008353070412268 0.5059171907131306 0.4118176238216563 0.5161191376102934 0.40879270305463156 0.5299206726078646 0.41096250465108836 0.5456774615895961 0.4115127438470495 0.5675526033040332 0.4173511604602598 0.568537346976399 0.4072365088034486 0.5702412529863339 0.39461245986027377 0.5652287746901055 0.3935907506467021 0.5494760815724191 0.39304065448146513 0.5343541515176875 0.39251258504775344 0.516048875804819 0.3927200203485083
0 0.5663008466281132 0.48032385802619004 0.56725962401005 0.452868066075116 0.5633555154412772 0.4472338769607106 0.5678348904392122 0.4363945909044715 0.5697524452030859 0.3814830070023234 0.56194422806554 0.37021462877351263 0.5537524999752196 0.36992856732513146 0.5498483914064468 0.36429437821072613 0.5455607718848992 0.36964250587675024 0.5291773157042583 0.36907038297998795 0.5124103485708427 0.3794805768636553 0.5103010383305816 0.43988331915601825 0.514013391422967 0.4510086666606384 0.5097257719014194 0.45635679432666265 0.5062741733264469 0.5551976453505293 0.5017947983285118 0.5660369314067684 0.5092195045132828 0.5882876264160087 0.5291235583099219 0.605476255207606 0.5373152864002424 0.6057623166559871 0.5626574925767532 0.5846558674402714 0.5671368675746881 0.5738165813840325 0.5680956449566249 0.5463607894329583 0.560670938771854 0.5241100944237179 0.5653420692461764 0.507779649977264 0.5614379606774035 0.5021454608628587 0.5663008466281132 0.48032385802619004
0 0.82369601600302 0.3903509119021392 0.8199836629106345 0.37922556439751903 0.8039837176827683 0.36767112472032704 0.7916961255472875 0.36724203254775534 0.7877920169785148 0.36160784343334995 0.7622580553256165 0.38820545103928056 0.7559301246048334 0.5694136779163693 0.7596424776972188 0.5805390254209896 0.7832588845862434 0.608853001717207 0.7957382321981115 0.603790935499564 0.8169845743294621 0.5825414555596578 0.8173680852822368 0.571559138779228 0.8216557048037844 0.5662110111132038 0.8222309712329464 0.5497375359425594 0.8146145095717883 0.5329779993235337 0.8192166410050851 0.4011901979583783 0.82369601600302 0.3903509119021392
0 0.9588595294933073 0.39507092580042824 0.9430513397418288 0.37802532773302155 0.9184761554708676 0.37716714338787816 0.9017091883374517 0.3875773372715453 0.8972298133395167 0.39841662332778444 0.8982575897624792 0.486418188295412 0.9021616983312519 0.49205237740981733 0.8948059911875064 0.5852590393192786 0.9104224254625979 0.6077957957769002 0.9349976097335592 0.6086539801220436 0.9433810933002672 0.6034488831802101 0.9562439518649096 0.5874045001821373 0.9573944847232339 0.5544575498408484 0.9534903761544611 0.548823360726443 0.954065642583623 0.5323498855557987 0.9501615340148506 0.5267156964413933 0.9588595294933073 0.39507092580042824
0 0.6953819422683412 0.42435506818373503 0.6996695617898888 0.4190069405177107 0.7006283391718257 0.3915511485666367 0.6891077689418945 0.36915742283320574 0.6811077963279615 0.3633802029946097 0.6647243401473205 0.36280808009784743 0.6438615089687446 0.3730752432573242 0.6347110034964872 0.40024497376001705 0.6384233565888728 0.41137032126463724 0.6372728237305486 0.4443172716059262 0.6411769322993215 0.44995146072033154 0.6324789368208644 0.5815962313612965 0.6642870718002094 0.6101962691058951 0.6898210334531075 0.5835986614999645 0.6943004084510426 0.5727593754437255 0.6903962998822697 0.5671251863293201 0.6917385882169812 0.5286870775978164 0.6878344796482084 0.523052888483411 0.6897520344120821 0.4681413045812629 0.6953819422683412 0.42435506818373503
0 0.44457545813163046 0.44308598595918375 0.4406713495628577 0.4374517968447784 0.4410548605156325 0.4264694800643487 0.44963009955872757 0.41577322473230033 0.45116414336982646 0.37184395761058175 0.4433559262322809 0.36057557938177104 0.43516419814196033 0.3602895179333899 0.4312600895731874 0.3546553288189845 0.41078076934738633 0.3539401751980316 0.4064931498258388 0.3592883028640559 0.39830142173551836 0.3590022414156747 0.3897261826924231 0.36969849674772315 0.3883838943577115 0.4081366054792269 0.3922880029264844 0.4137707945936323 0.38845289339873706 0.5235939623979284 0.3841652738771894 0.5289420900639528 0.38282298554247784 0.5673801987954564 0.39063120268002366 0.5786485770242671 0.4066311479078898 0.5902030167014591 0.41891874004337054 0.5906321088740308 0.440165082174721 0.5693826289341245 0.4448362126490434 0.5530521844876706 0.44093210408027045 0.5474179953732652 0.4418908814622073 0.5199622034221911 0.4379867728934346 0.5143280143077857 0.4428496588441441 0.4925064114711171 0.44457545813163046 0.44308598595918375
0 0.3200964939246992 0.3672669744364833 0.30838416821838066 0.35036440709326716 0.27561725585709873 0.3492201612997425 0.25885028872368315 0.3596303551834098 0.2557822011014853 0.44748888942684684 0.2596863096702582 0.4531230785412522 0.25175533609735057 0.5628032156213579 0.2595635532348962 0.5740715938501686 0.2716593898939896 0.5799918444129553 0.2753717429863751 0.5911171919175755 0.28356347107669555 0.5914032533659566 0.3090974327295937 0.564805645760026 0.31120674296985473 0.5044029034676631 0.30730263440108196 0.49876871435325765 0.3082614117830188 0.4713129224021836 0.31446658606844 0.4110532108340113 0.3187542055899876 0.40570508316798704 0.3200964939246992 0.3672669744364833
0 0.19626179518795545 0.3904318446618401 0.1966453061407302 0.3794495278814105 0.1929329530483449 0.36832418037679027 0.1771247632968659 0.35127858230938347 0.15254957902590466 0.35042039796424007 0.13968672046126177 0.3664647809623127 0.13559085641610166 0.36632175023812213 0.13527634450435227 0.49276142393725336 0.12516706165015826 0.5473869463910204 0.12907117021893116 0.5530211355054258 0.1286876592661564 0.5640034522858554 0.14430409354124785 0.5865402087434769 0.16478341376704903 0.5872553623644298 0.1858380004220123 0.5714970408147383 0.19031737541994706 0.5606577547584993 0.19146790827827126 0.5277108044172104 0.18385144661711306 0.5109512677981848 0.1892895989969849 0.47265618979087165 0.19197417566640804 0.39577997232786427 0.19626179518795545 0.3904318446618401
0 0.0671806995477274 0.4464006345042951 0.07146831906927505 0.4410525068382708 0.0724270964512119 0.41359671488719674 0.07671471597275953 0.4082485872211725 0.0780570043074711 0.36981047848966886 0.05424884194205913 0.3469876605836662 0.033769521716257966 0.34627250696271333 0.016619043630067686 0.36766501762681025 0.015276755295356109 0.4061031263583139 0.01918086386412901 0.41173731547271925 0.009907601956509807 0.5598555612843287 0.03352400884553414 0.5881695375805461 0.06705794311236558 0.5673491498132115 0.06744145406514032 0.5563668330327819 0.07172907358668795 0.5510187053667577 0.06782496501791506 0.5453845162523522 0.07070129716372557 0.46301714039913006 0.06679718859495268 0.4573829512847247 0.0671806995477274 0.4464006345042951