9 0.68671875 0.08984375 0.0328125 0.0734375
9 0.63515625 0.07890625 0.025 0.0546875
9 0.63828125 0.34609375 0.0328125 0.071875
9 0.590625 0.33671875 0.0296875 0.0640625
9 0.53828125 0.32578125 0.034375 0.0609375
9 0.55546875 0.4578125 0.0390625 0.0625
3 0.59296875 0.59296875 0.028125 0.0640625
3 0.60703125 0.2125 0.021875 0.0609375
3 0.596875 0.06875 0.0296875 0.0578125
8 0.5609375 0.2015625 0.0265625 0.059375
4 0.60546875 0.47109375 0.0328125 0.06875
4 0.54609375 0.0578125 0.0296875 0.06875
4 0.659375 0.22265625 0.0265625 0.0703125
12 0.51171875 0.19140625 0.0453125 0.065625
12 0.453125 0.43984375 0.03125 0.0671875
7 0.49296875 0.571875 0.0390625 0.0609375
4 0.44609375 0.56484375 0.028125 0.0609375
1 0.5390625 0.58515625 0.0328125 0.059375
8 0.5078125 0.4515625 0.0296875 0.0640625
0 0.7238819132424317 0.07321069466875044 0.701885353594594 0.05535210733836804 0.656122055377978 0.054945929075153985 0.6004965149826104 0.04413341933714978 0.5271465208720548 0.019688457857138086 0.5088779778608284 0.02632457976867224 0.4923374208438977 0.0502751997145503 0.5042456640092394 0.07635998391793822 0.5180160267840718 0.08413025476582474 0.6020903673617116 0.0970769287613388 0.6921188295220223 0.1230659948585469 0.7081152972429142 0.11938394856621067 0.719157658702293 0.10624961577596688 0.7238819132424317 0.07321069466875044
0 0.7063948660838785 0.2243169224377059 0.6997587441723443 0.20604837942647936 0.6882604566878466 0.19532403295939496 0.5731012553010306 0.1763350741102903 0.5076134727269116 0.15511623289749585 0.49520711060980604 0.1577982638686744 0.46557819114690646 0.17920476387619858 0.4636701011931411 0.18902103571067513 0.48275855556605574 0.21310578927174784 0.49948299396008594 0.22314813540996892 0.5191155376290393 0.22696431531749978 0.5367480506556772 0.22360028401745785 0.6120061347199981 0.23822897366299292 0.6729037963691733 0.25685772459315853 0.7006246258783072 0.245267496420111 0.7063948660838785 0.2243169224377059
0 0.6795436956983376 0.3362500035573045 0.6630913019523266 0.31607337059231255 0.6506389694909462 0.3102571600424665 0.5865611579188288 0.3079888621697619 0.4782181824030166 0.28013767646306326 0.4563595337880037 0.28777381369575517 0.4375009311364635 0.30618026773980633 0.454999310547907 0.3384452478296095 0.46417955239779507 0.3436254283948672 0.5452998173562371 0.35430002710004666 0.6356462945088419 0.3786530478915086 0.6559148681623839 0.3791971371875474 0.6653671546602913 0.37424303092603406 0.6789536360580241 0.34802033568982155 0.6795436956983376 0.3362500035573045
0 0.6485123600686965 0.46095343213057766 0.6350140419418836 0.4430488744559204 0.49367811566312997 0.41897167573010785 0.4753176319633535 0.40861131459959255 0.4524129976829081 0.4041591047074732 0.4269642434641088 0.41279525726132266 0.41623989699702424 0.4242935447458203 0.41274173208178766 0.4422900431090274 0.41869585366445844 0.4553324352107214 0.4396923979911385 0.4696009169373174 0.5355370707012954 0.483137650573145 0.618021336317464 0.5042645510973898 0.6362898793286906 0.4976284291858555 0.6485123600686965 0.46095343213057766
0 0.6295234012195918 0.5761126335173936 0.6245692949580786 0.5666603470194863 0.6075268415717541 0.5582540461870111 0.5598094830570978 0.5591658982372492 0.4334700091780784 0.5278165476153138 0.4132474058688115 0.5357706998403 0.39861493880564636 0.5499050479517014 0.3970248638441751 0.5580852744804319 0.40629704638261305 0.5802619380877391 0.42270346978434914 0.5919403295317063 0.4648766623971786 0.5933465231160779 0.5532231089074685 0.6105193326999669 0.5961242721934363 0.6256499187148958 0.6095306496316995 0.6265579933475036 0.6193009511219013 0.6199678417802443 0.6295234012195918 0.5761126335173936
0 0.6099903530744485 0.7115404085577514 0.5919019140226915 0.6910457606004653 0.5202799059064319 0.6839152971547973 0.4031206738773007 0.6577461270981197 0.3825800555757397 0.6673363246288518 0.36762957352028025 0.6831067180459993 0.38380992261827174 0.7134176378377622 0.3943081947816119 0.7205518787010602 0.5065133205492298 0.7372687622598303 0.5726371331079374 0.7552155128611325 0.5958138120364022 0.7495334359264809 0.6084462484572521 0.7282188766075068 0.6099903530744485 0.7115404085577514
0 0.5776409871313557 0.8342897768329843 0.5746409411678827 0.823519460021625 0.564460683996837 0.8147491738525808 0.4263968483295755 0.7913080051113568 0.4080363646297992 0.7809476439808415 0.38185963973786147 0.7758594041041336 0.35445682522102173 0.785813586971435 0.34373247875393725 0.7973118744559325 0.34087034382328907 0.8120362822076477 0.3524146016520616 0.8312588701957567 0.36750299474034576 0.8409832013416836 0.5510580839762038 0.8749648351728926 0.574506807552688 0.8591484714114701 0.5776409871313557 0.8342897768329843
0 0.5586979986265258 0.9579472197408251 0.5389275439247478 0.9286363152702197 0.5163409246365965 0.9225480600723543 0.478757852948711 0.9237319567706116 0.34882827346590517 0.8933826214698339 0.3208353993087519 0.9151071364696521 0.316973249056946 0.9262414386175808 0.3341076431318203 0.9516442224921053 0.3449239302874546 0.957142418049657 0.4574470710473668 0.9722232563026811 0.5248889139195263 0.9921240672020236 0.5473835925191277 0.9812158393578396 0.5586979986265258 0.9579472197408251