6 0.540625 0.44140625 0.0828125 0.059375
3 0.4109375 0.47578125 0.0796875 0.05
3 0.5296875 0.37265625 0.096875 0.053125
3 0.4296875 0.609375 0.1 0.05625
3 0.56953125 0.565625 0.0859375 0.034375
4 0.8390625 0.3328125 0.096875 0.04375
4 0.4015625 0.4046875 0.0953125 0.0421875
4 0.25078125 0.43515625 0.09375 0.040625
9 0.2625 0.49921875 0.078125 0.0484375
9 0.275 0.5640625 0.0796875 0.046875
9 0.290625 0.63671875 0.09375 0.05
9 0.55546875 0.50234375 0.0796875 0.046875
8 0.68828125 0.41171875 0.0796875 0.046875
8 0.12109375 0.525 0.08125 0.0421875
1 0.7 0.475 0.0796875 0.0421875
1 0.4234375 0.54375 0.084375 0.0515625
7 0.84921875 0.4078125 0.075 0.0453125
7 0.86796875 0.5359375 0.1015625 0.05
7 0.13203125 0.5953125 0.08125 0.05
4 0.709375 0.54375 0.1 0.040625
11 0.8609375 0.46796875 0.0828125 0.04375
4 0.14375 0.6609375 0.1 0.046875
12 0.1078125 0.46015625 0.09375 0.05625
12 0.67890625 0.34296875 0.0984375 0.05625
0 0.14793872444392617 0.4186225009081247 0.1352422034506476 0.39612190813879095 0.106817802001323 0.3783430753975832 0.09719400608516951 0.38021375182284345 0.06787563203757267 0.4092166431156127 0.06324030658877959 0.43675077531728246 0.06502084508408906 0.463037789902112 0.08056844968023355 0.4916424672113381 0.10386176706603563 0.6286031348319338 0.09886959324805737 0.6628649103819159 0.10354628431120798 0.6869244001722998 0.11557417753109107 0.7145486703039203 0.14395351001544024 0.740659112379466 0.17220133895548076 0.7318391511316342 0.1883311367456876 0.7120581384208577 0.19390180040711064 0.6893359041772648 0.15947085904907998 0.5378944737174634 0.15016254588775418 0.48144388480235756 0.1567136167267827 0.45520193918250335 0.14793872444392617 0.4186225009081247
0 0.288107324036573 0.39470562471390236 0.2779501072419502 0.3767051504984354 0.2492139263884156 0.35732235177120203 0.22515443659803172 0.36199904283435264 0.20804423163021943 0.38529976692139034 0.20461095483329123 0.42758137240150057 0.20772874887539167 0.4436210322617565 0.2223410152589059 0.46741381161290574 0.24946582342517948 0.6069588523971325 0.24420693916796637 0.6312850526267512 0.2488385612661416 0.663676151751473 0.26469794526649604 0.6938847950467246 0.30238929426278865 0.7165205947109845 0.3194093613006501 0.7098830892926229 0.32457810762791234 0.7022201077316803 0.3369214836026232 0.6715231125229348 0.3370566904975494 0.6465282845199207 0.33144466122176863 0.6176568967714602 0.3206188166537503 0.6047800999182799 0.3143381596045741 0.581032389532106 0.2919351114664266 0.45721522920392516 0.29625865751100944 0.4280771310162298 0.288107324036573 0.39470562471390236
0 0.4376330091061387 0.35898249677405614 0.42618360572970043 0.34289776794882487 0.4002985084790316 0.3296190537614838 0.3842588486187756 0.33273684780358426 0.3639857806438875 0.348329521364704 0.35360321902438774 0.37198709382092704 0.36135263516466337 0.42041785280590493 0.37560805317899215 0.45093827550536664 0.3922638651464328 0.5708788760881007 0.3890972987887392 0.6230960568885745 0.4068273592143539 0.6629284960999798 0.4422911834162008 0.6826681431963986 0.45672687729043115 0.6798621285585081 0.46799970815758574 0.6693480633946999 0.4796293873939258 0.6521063548825792 0.48132349130990215 0.6351313568096931 0.4745094133822567 0.5915124957827921 0.4649757553960539 0.5767199535393762 0.4606108437371133 0.5542644297350179 0.441727506975227 0.4314276765844426 0.44671968079320523 0.3971659010344604 0.4376330091061387 0.35898249677405614
0 0.5697367098036823 0.34495612693522204 0.5532086980299324 0.3198711610022572 0.5318237193331303 0.30405314261626054 0.5180566532322954 0.30173547989186406 0.5045562975706952 0.3093533924878312 0.487757872007093 0.33425808256089445 0.4831676155232755 0.3534606054282262 0.4890463552382909 0.3922675684970505 0.5020546556357794 0.4163721272524098 0.5142591213649464 0.47059519137307 0.5298480915754485 0.5507934906743498 0.5277971392902867 0.5744961320955483 0.5371505214165879 0.6226151116763161 0.5473077382112107 0.640615585891783 0.5817911552354522 0.663874944364463 0.5946228831236569 0.6613807091307826 0.6224274291151791 0.6160263785735476 0.6165486894001637 0.5772194155047232 0.5975715113577088 0.5309711123492156 0.5797550163527612 0.4478766604800947 0.5697367098036823 0.34495612693522204
0 0.7128915998941211 0.30214850727787795 0.7030461625037082 0.2857519990484366 0.6762257270404092 0.2676613869030189 0.6675372693368857 0.27434396128635596 0.6572899146123122 0.2730067057395649 0.6373286260416342 0.2902033452867102 0.6294853686207901 0.3183610362968001 0.6356758877400155 0.35877196535164996 0.6471252911164538 0.37485669417688133 0.6511784233711844 0.3957082519952141 0.6682361526727859 0.5005895998952978 0.6703735395372807 0.520148971131815 0.6644910964716477 0.5412672393893824 0.6735326991937388 0.5877822529841247 0.6833781365841516 0.6041787612135661 0.7146536216363419 0.6280616784946661 0.7249009763609157 0.629398934041457 0.7355051794546746 0.6240085462399356 0.7561801647637235 0.5933566199961653 0.7588546758573055 0.5728619105470181 0.7552034609367357 0.536951100046035 0.736849841702701 0.49391072886257853 0.7258060590110411 0.4028415160283051 0.7160507595505792 0.3697817891301876 0.7232253891980277 0.34674777548238456 0.7128915998941211 0.30214850727787795
0 0.8713273841414694 0.27800998960939644 0.866248775744158 0.2690097525016629 0.8365321877130178 0.25314666515069084 0.8121609185184241 0.25621939022781587 0.7954075619197972 0.27279247096654113 0.788589780641534 0.2890988412660317 0.795670569008414 0.3426532776132964 0.8080553105974827 0.3635499043966045 0.8127320016606333 0.3876093941869884 0.811973235957287 0.40939629021795126 0.8297446619972593 0.5008223514214103 0.8251093365484664 0.5283564836230801 0.8325920422495073 0.5668516672876943 0.8389177682636589 0.5822677683395301 0.8689010667340338 0.6080664310108658 0.8788817110193726 0.5994681112372932 0.8919801493468119 0.6069094513239764 0.8977724544824943 0.602454401735085 0.9171552532097277 0.5737182208815506 0.9188493571257041 0.5567432228086645 0.9161334804177645 0.5256443102657581 0.8980916405879398 0.4842079050683273 0.8766689996273979 0.35687103336388526 0.8829082910622162 0.3290251217580053 0.8713273841414694 0.27800998960939644