4 0.1796875 0.303125 0.184375 0.3015625 0.1875 0.3046875 0.1953125 0.3046875 0.196875 0.3078125 0.221875 0.309375 0.259375 0.3171875 0.275 0.3171875 0.2765625 0.31875 0.29375 0.3171875 0.296875 0.3203125 0.30625 0.31875 0.3296875 0.321875 0.346875 0.3203125 0.3484375 0.321875 0.3984375 0.325 0.4078125 0.334375 0.4046875 0.3484375 0.4 0.353125 0.3890625 0.35625 0.346875 0.3546875 0.3390625 0.3515625 0.328125 0.3515625 0.3125 0.3453125 0.2953125 0.3453125 0.29375 0.346875 0.2875 0.3453125 0.2796875 0.3484375 0.221875 0.3453125 0.21875 0.3421875 0.203125 0.3421875 0.178125 0.3359375 0.1734375 0.328125 0.1734375 0.315625 0.175 0.3078125 0.1796875 0.3046875
12 0.2796875 0.4640625 0.2125 0.059375
7 0.665625 0.4 0.703125 0.4046875 0.71875 0.4046875 0.7203125 0.403125 0.75625 0.4078125 0.809375 0.4109375 0.8171875 0.4140625 0.825 0.4140625 0.828125 0.425 0.825 0.4296875 0.8234375 0.440625 0.809375 0.4421875 0.771875 0.4375 0.7015625 0.4328125 0.6890625 0.43125 0.6828125 0.428125 0.6484375 0.4265625 0.6375 0.4203125 0.6375 0.4046875 0.646875 0.4015625 0.65 0.403125 0.6640625 0.4015625
3 0.140625 0.5828125 0.14375 0.5796875 0.1546875 0.5796875 0.1578125 0.584375 0.171875 0.584375 0.175 0.5875 0.1921875 0.5875 0.2109375 0.5921875 0.228125 0.5921875 0.2640625 0.596875 0.2765625 0.5953125 0.296875 0.596875 0.2984375 0.5953125 0.3546875 0.6015625 0.359375 0.6015625 0.3625 0.5984375 0.3640625 0.6015625 0.3703125 0.6046875 0.3703125 0.61875 0.359375 0.6328125 0.35625 0.634375 0.315625 0.6328125 0.2859375 0.6296875 0.278125 0.625 0.2265625 0.6234375 0.1984375 0.6203125 0.1890625 0.6171875 0.1734375 0.6171875 0.1703125 0.6140625 0.15625 0.6140625 0.1515625 0.6109375 0.146875 0.6109375 0.140625 0.6046875 0.1375 0.5953125 0.140625 0.584375
3 0.675 0.615625 0.8015625 0.628125 0.8171875 0.6265625 0.8296875 0.6296875 0.8328125 0.6328125 0.834375 0.640625 0.83125 0.6515625 0.828125 0.6546875 0.815625 0.653125 0.8 0.6546875 0.7984375 0.653125 0.7828125 0.653125 0.7796875 0.65 0.709375 0.6453125 0.6375 0.6375 0.6296875 0.6390625 0.61875 0.6359375 0.596875 0.634375 0.59375 0.63125 0.5953125 0.6296875 0.5953125 0.6140625 0.5984375 0.6109375 0.621875 0.6140625 0.6390625 0.6125 0.640625 0.6140625 0.6734375 0.615625
3 0.6515625 0.3359375 0.7234375 0.34375 0.740625 0.3421875 0.8125 0.35 0.846875 0.3515625 0.8546875 0.3546875 0.85625 0.3703125 0.8515625 0.378125 0.79375 0.3734375 0.775 0.36875 0.7734375 0.3703125 0.7625 0.36875 0.7578125 0.3703125 0.63125 0.3578125 0.6203125 0.359375 0.615625 0.35625 0.6140625 0.3453125 0.6171875 0.3421875 0.6171875 0.3375 0.628125 0.334375 0.65 0.3359375
1 0.72421875 0.54921875 0.196875 0.0421875
1 0.72890625 0.48671875 0.1953125 0.0375
3 0.37458762782827204 0.5683747943662762 0.3717467559102666 0.5311737377062047 0.2996904256140635 0.5282312924249956 0.22110463676849818 0.523035953235131 0.16298298465168348 0.5145893008145237 0.1465670301176722 0.5484546264648684 0.37458762782827204 0.5683747943662762
0 0.3222994466126001 0.20686959540516853 0.2761333135592797 0.19960286560474172 0.24638393536471775 0.22604958094066002 0.20382176362556753 0.2513753220933287 0.18556382332833282 0.2755996914534435 0.17481365159594633 0.32468877934709856 0.1873265992040267 0.36612997690299925 0.18444430166410172 0.4175212728542589 0.17523546943368346 0.44899276962410495 0.17249329366666485 0.4987824663822911 0.14746885096952264 0.5450088591267169 0.1396416340774708 0.5975813889523314 0.15898134377656392 0.6347782760206363 0.18146399217069903 0.6544976937380385 0.210133053482421 0.6957385098299275 0.22356659380973953 0.7082108001375982 0.24104406316064225 0.71135373883264 0.2611039841149621 0.7034256049490731 0.295938403434557 0.6741960565457263 0.3308330824452573 0.6627242210390947 0.34971176952522215 0.649851167803401 0.37173339530022875 0.6195006452168045 0.37793795808949276 0.4747962307485604 0.3903093314056485 0.3887302396413076 0.40878725555759016 0.3435449589983307 0.4071449990641069 0.2885300993422052 0.3961537885672991 0.2665883356489996 0.3222994466126001 0.20686959540516853
0 0.8558534142798164 0.36167802235629887 0.8472246715317189 0.34962609736734684 0.8515488441011154 0.33709354736857094 0.8475847771593319 0.327063586891411 0.7831200465083672 0.28914648856787967 0.7672441763505379 0.286143671645744 0.749066098135104 0.29100872891607 0.7157127586263721 0.28486297329889265 0.6464838876965961 0.3014002475398618 0.6363138054465302 0.3069659136747188 0.6192370990236503 0.33613520238696026 0.621239461144747 0.36858755156714984 0.6406394305349454 0.4235421515321699 0.6287486822286138 0.5225610579569173 0.6306109225768041 0.5566150063301804 0.5980591089241182 0.6150937055275696 0.6022838170210185 0.6590374926050864 0.6259476992895083 0.6837018296746152 0.6863082412257836 0.7131905667140603 0.701403640437281 0.7435606916913524 0.7231254202757796 0.7535303924774069 0.7332955025258456 0.74796472634255 0.7383202839597734 0.7274241803784063 0.7525342952334237 0.7125291626309205 0.8106920935845909 0.6934094367865343 0.8306917548478054 0.6677235900062525 0.8339944177064489 0.611527496475772 0.8145145862344496 0.5759322086005407 0.8270260813235115 0.48826461830021445 0.8236421038640485 0.4347112360642563 0.8529108570487862 0.3953116054108433 0.8558534142798164 0.36167802235629887