9 0.39453125 0.0859375 0.01875 0.06640625
9 0.44296875 0.08515625 0.01484375 0.05
9 0.39296875 0.33046875 0.01875 0.0640625
9 0.4375 0.33046875 0.0171875 0.05703125
9 0.4875 0.3296875 0.021875 0.053125
9 0.44921875 0.44921875 0.02578125 0.05390625
3 0.38984375 0.565625 0.01640625 0.05859375
3 0.4453125 0.21328125 0.009375 0.05625
3 0.48046875 0.0828125 0.01875 0.0515625
8 0.4890625 0.2109375 0.015625 0.053125
4 0.40078125 0.4515625 0.01875 0.0609375
4 0.52890625 0.08125 0.0171875 0.0625
4 0.39453125 0.21328125 0.0125 0.06484375
12 0.53671875 0.2109375 0.0328125 0.05546875
12 0.546875 0.45 0.0171875 0.0609375
7 0.4859375 0.5640625 0.02578125 0.053125
4 0.53046875 0.56640625 0.015625 0.05625
1 0.440625 0.56796875 0.02109375 0.05234375
8 0.49375 0.45078125 0.0171875 0.05859375
0 0.36875 0.109375 0.3828125 0.115625 0.4703125 0.1078125 0.55 0.1109375 0.5640625 0.10625 0.5796875 0.084375 0.56875 0.059375 0.553125 0.05 0.48125 0.059375 0.428125 0.059375 0.3859375 0.0515625 0.3625 0.0640625 0.3609375 0.0953125 0.36875 0.109375
0 0.3765625 0.2421875 0.4359375 0.2359375 0.5078125 0.2359375 0.5234375 0.2421875 0.5421875 0.2421875 0.559375 0.2359375 0.58125 0.2171875 0.58125 0.2078125 0.5578125 0.1828125 0.546875 0.178125 0.4828125 0.1859375 0.3734375 0.1828125 0.3609375 0.190625 0.3515625 0.20625 0.353125 0.2265625 0.3765625 0.2421875
0 0.3625 0.3515625 0.3703125 0.3578125 0.3890625 0.3609375 0.4765625 0.3546875 0.553125 0.359375 0.5625 0.35625 0.584375 0.3296875 0.5703125 0.309375 0.5515625 0.2984375 0.446875 0.3046875 0.3875 0.2953125 0.375 0.2984375 0.35625 0.3140625 0.3546875 0.325 0.3625 0.3515625
0 0.3828125 0.4796875 0.4625 0.475 0.553125 0.4796875 0.575 0.4703125 0.5828125 0.459375 0.5828125 0.4421875 0.575 0.4296875 0.553125 0.4171875 0.53125 0.4171875 0.5125 0.4234375 0.378125 0.4203125 0.3625 0.434375 0.3671875 0.4703125 0.3828125 0.4796875
0 0.36875 0.59375 0.38125 0.5953125 0.4234375 0.5890625 0.5078125 0.5890625 0.546875 0.5953125 0.5640625 0.5875 0.5765625 0.56875 0.5765625 0.5609375 0.565625 0.5453125 0.5484375 0.534375 0.4265625 0.540625 0.3828125 0.53125 0.365625 0.5359375 0.359375 0.54375 0.3609375 0.5859375 0.36875 0.59375
0 0.359375 0.709375 0.3796875 0.71875 0.44375 0.7140625 0.55 0.71875 0.5609375 0.7140625 0.58125 0.6890625 0.5703125 0.671875 0.553125 0.659375 0.440625 0.6625 0.3734375 0.65625 0.353125 0.671875 0.3515625 0.6875 0.359375 0.709375
0 0.378125 0.8328125 0.553125 0.834375 0.56875 0.828125 0.5828125 0.8125 0.5828125 0.7984375 0.575 0.7859375 0.5515625 0.771875 0.5265625 0.771875 0.5078125 0.778125 0.3765625 0.775 0.365625 0.78125 0.3609375 0.790625 0.359375 0.8140625 0.378125 0.8328125
0 0.38125 0.9453125 0.446875 0.9390625 0.553125 0.9453125 0.5640625 0.9421875 0.584375 0.921875 0.5828125 0.9109375 0.5609375 0.8859375 0.4359375 0.890625 0.4015625 0.8828125 0.3796875 0.884375 0.35625 0.9078125 0.3625 0.93125 0.38125 0.9453125