9 0.4609375 0.896875 0.46875 0.9 0.4640625 0.9265625 0.4640625 0.9375 0.4671875 0.9453125 0.4640625 0.95 0.4515625 0.95 0.4484375 0.9453125 0.45 0.90625 0.4515625 0.9 0.459375 0.896875
9 0.540625 0.040625 0.5421875 0.0421875 0.540625 0.084375 0.54375 0.103125 0.5421875 0.1078125 0.5296875 0.10625 0.5265625 0.08125 0.5265625 0.04375 0.53125 0.040625 0.5390625 0.040625
9 0.48125 0.9 0.4859375 0.8984375 0.4984375 0.9 0.496875 0.940625 0.4953125 0.9484375 0.4921875 0.9515625 0.48125 0.9515625 0.4765625 0.9484375 0.4765625 0.9296875 0.4796875 0.9203125 0.4796875 0.903125 0.48125 0.9015625
9 0.48203125 0.8296875 0.0203125 0.053125
9 0.50390625 0.07578125 0.0203125 0.0578125
8 0.46875 0.640625 0.4734375 0.6421875 0.4765625 0.646875 0.475 0.6484375 0.4765625 0.65625 0.475 0.6921875 0.45625 0.6921875 0.4546875 0.690625 0.4546875 0.6421875 0.4671875 0.640625
2 0.5171875 0.215625 0.521875 0.2234375 0.521875 0.2625 0.51875 0.2671875 0.503125 0.2671875 0.5 0.2625 0.4984375 0.2484375 0.4984375 0.2171875 0.515625 0.215625
2 0.5359375 0.70625 0.5375 0.709375 0.5359375 0.746875 0.534375 0.7484375 0.5375 0.76875 0.5359375 0.7703125 0.5203125 0.76875 0.5203125 0.7265625 0.51875 0.725 0.51875 0.7109375 0.5265625 0.70625 0.534375 0.70625
2 0.503125 0.7125 0.5078125 0.7171875 0.5078125 0.7546875 0.50625 0.7609375 0.5015625 0.7640625 0.4859375 0.7625 0.484375 0.7515625 0.4859375 0.7140625 0.5015625 0.7125
2 0.5109375 0.5015625 0.021875 0.06875
0 0.3984375 0.1078125 0.4140625 0.1109375 0.4890625 0.103125 0.5453125 0.109375 0.5734375 0.0796875 0.571875 0.0671875 0.55625 0.046875 0.5390625 0.0390625 0.4515625 0.05 0.403125 0.0453125 0.3875 0.0640625 0.390625 0.0984375 0.3984375 0.1078125
0 0.41875 0.1921875 0.4875 0.1859375 0.55 0.1921875 0.5625 0.1890625 0.590625 0.1640625 0.5640625 0.1296875 0.55 0.125 0.51875 0.1328125 0.4515625 0.1328125 0.4203125 0.1265625 0.403125 0.1390625 0.4 0.171875 0.41875 0.1921875
0 0.4171875 0.2765625 0.48333281250000004 0.2703125 0.559375 0.2734375 0.59375 0.24375 0.5515625 0.2078125 0.4671875 0.2171875 0.4203125 0.2125 0.4015625 0.2296875 0.4015625 0.2609375 0.4171875 0.2765625
0 0.403125 0.3671875 0.45 0.359375 0.5265625 0.365625 0.540625 0.359375 0.565625 0.328125 0.528125 0.296875 0.4453125 0.30625 0.4046875 0.2984375 0.3875 0.3046875 0.371875 0.325 0.38125 0.3546875 0.403125 0.3671875
0 0.4078125 0.4453125 0.509375 0.4421875 0.5328125 0.45 0.559375 0.4421875 0.575 0.425 0.575 0.4109375 0.5609375 0.39375 0.5375 0.3828125 0.4921875 0.390625 0.409375 0.384375 0.39375 0.3984375 0.390625 0.4265625 0.4078125 0.4453125
0 0.378125 0.525 0.390625 0.5296875 0.4828125 0.528125 0.515625 0.5359375 0.5390625 0.5265625 0.5515625 0.5109375 0.5515625 0.4984375 0.5375 0.4765625 0.51875 0.465625 0.478125 0.4734375 0.3859375 0.4671875 0.371875 0.478125 0.3625 0.50625 0.378125 0.525
0 0.409375 0.6203125 0.4828125 0.615625 0.5390625 0.625 0.5515625 0.621875 0.5765625 0.596875 0.5734375 0.5828125 0.5421875 0.5578125 0.49375 0.5640625 0.409375 0.55625 0.4 0.5625 0.3796875 0.584375 0.409375 0.6203125
0 0.3828125 0.6953125 0.4859375 0.696875 0.5140625 0.7046875 0.528125 0.7015625 0.54375 0.6859375 0.5625 0.678125 0.5546875 0.6640625 0.5125 0.6359375 0.4171875 0.6375 0.3828125 0.63125 0.3453125 0.6546875 0.34375 0.6671875 0.3828125 0.6953125
0 0.403125 0.76875 0.4546875 0.7640625 0.5390625 0.771875 0.5765625 0.74375 0.575 0.7328125 0.553125 0.7125 0.5359375 0.70625 0.5109375 0.7125 0.4 0.7078125 0.3875 0.7234375 0.3890625 0.7546875 0.403125 0.76875
0 0.39375 0.859375 0.4421875 0.8546875 0.534375 0.8609375 0.5703125 0.834375 0.565625 0.821875 0.528125 0.7953125 0.4953125 0.803125 0.39375 0.7953125 0.3703125 0.8203125 0.3796875 0.8484375 0.39375 0.859375
0 0.384375 0.9421875 0.4015625 0.9546875 0.4984375 0.9515625 0.5328125 0.959375 0.5453125 0.95625 0.5703125 0.934375 0.56875 0.9203125 0.5390625 0.89375 0.5015625 0.9 0.40625 0.890625 0.3890625 0.896875 0.3765625 0.9109375 0.375 0.9234375 0.384375 0.9421875
4 0.42421875 0.41796875 0.0125 0.06015625
4 0.40625 0.5015625 0.01328125 0.065625
4 0.43125 0.59296875 0.0140625 0.05703125
4 0.39609375 0.665625 0.015625 0.0609375
4 0.42109375 0.7375 0.01171875 0.05546875
4 0.41015625 0.83046875 0.01328125 0.06953125
3 0.4578125 0.334375 0.01953125 0.053125
3 0.46484375 0.41640625 0.01640625 0.05390625
1 0.4484375 0.5 0.01796875 0.05625
3 0.43203125 0.6640625 0.02421875 0.05703125
3 0.46875 0.7390625 0.01484375 0.046875
3 0.44921875 0.82734375 0.015625 0.05546875
3 0.47109375 0.590625 0.015625 0.053125
1 0.4734375 0.07421875 0.01484375 0.06484375