9 0.625 0.44375 0.628125 0.44375 0.6296875 0.4390625 0.6828125 0.4390625 0.684375 0.44375 0.7359375 0.44375 0.7359375 0.4515625 0.7453125 0.453125 0.7453125 0.4640625 0.740625 0.465625 0.740625 0.4734375 0.7328125 0.4734375 0.73125 0.478125 0.728125 0.478125 0.7265625 0.4734375 0.71875 0.4734375 0.7171875 0.478125 0.7109375 0.478125 0.709375 0.4734375 0.6390625 0.4734375 0.6375 0.46875 0.6296875 0.46875 0.6296875 0.465625 0.625 0.4640625 0.625 0.4609375 0.621875 0.459375 0.625 0.4453125
9 0.884375 0.453125 0.896875 0.453125 0.896875 0.4640625 0.9046875 0.465625 0.9046875 0.4828125 0.8984375 0.4828125 0.896875 0.4859375 0.89375 0.4859375 0.8921875 0.4953125 0.884375 0.4953125 0.8828125 0.5 0.8796875 0.5 0.878125 0.4953125 0.8625 0.4953125 0.8609375 0.490625 0.8484375 0.490625 0.846875 0.4953125 0.8046875 0.4953125 0.803125 0.490625 0.7953125 0.490625 0.79375 0.4953125 0.790625 0.4953125 0.790625 0.4921875 0.7859375 0.490625 0.784375 0.4859375 0.7734375 0.4859375 0.771875 0.4828125 0.76875 0.4828125 0.76875 0.4703125 0.771875 0.4703125 0.7734375 0.465625 0.778125 0.4640625 0.778125 0.4609375 0.79375 0.4609375 0.7953125 0.45625 0.85625 0.45625 0.85625 0.4640625 0.8609375 0.465625 0.8625 0.45625 0.8828125 0.45625 0.884375 0.4546875
9 0.621875 0.36875 0.753125 0.36875 0.7546875 0.371875 0.7578125 0.371875 0.7578125 0.39375 0.7546875 0.39375 0.753125 0.3984375 0.6125 0.3984375 0.6125 0.390625 0.6078125 0.3890625 0.6078125 0.38125 0.6109375 0.38125 0.6125 0.3765625 0.6203125 0.3765625 0.621875 0.3703125
9 0.76875 0.4 0.771875 0.4 0.7734375 0.3953125 0.9046875 0.3953125 0.90625 0.4 0.9234375 0.4 0.9234375 0.4109375 0.9203125 0.4109375 0.91875 0.415625 0.8984375 0.415625 0.896875 0.4109375 0.7734375 0.4109375 0.7734375 0.4078125 0.76875 0.40625 0.76875 0.4015625
9 0.65625 0.5234375 0.7265625 0.5234375 0.728125 0.51875 0.7359375 0.51875 0.7359375 0.521875 0.740625 0.5234375 0.740625 0.5484375 0.7453125 0.55 0.7453125 0.553125 0.7421875 0.553125 0.740625 0.5578125 0.6390625 0.5578125 0.6375 0.5625 0.625 0.5625 0.625 0.559375 0.621875 0.5578125 0.621875 0.55 0.625 0.5484375 0.625 0.5453125 0.621875 0.54375 0.621875 0.5328125 0.6375 0.5328125 0.6390625 0.528125 0.6546875 0.528125 0.65625 0.525
9 0.103125 0.453125 0.240625 0.453125 0.2421875 0.45625 0.2453125 0.45625 0.2453125 0.4640625 0.2421875 0.4640625 0.240625 0.46875 0.20625 0.46875 0.2046875 0.4734375 0.15625 0.4734375 0.1546875 0.46875 0.103125 0.46875 0.103125 0.465625 0.0984375 0.4640625 0.0984375 0.45625 0.103125 0.4546875
4 0.3296875 0.359375 0.3296875 0.3671875 0.334375 0.36875 0.3359375 0.3765625 0.4234375 0.3765625 0.425 0.371875 0.428125 0.371875 0.4296875 0.36875 0.4546875 0.36875 0.45625 0.359375 0.4640625 0.359375 0.4671875 0.3546875 0.4671875 0.3578125 0.471875 0.359375 0.471875 0.3796875 0.4765625 0.38125 0.478125 0.3859375 0.48125 0.3859375 0.48125 0.39375 0.478125 0.39375 0.4765625 0.3984375 0.446875 0.3984375 0.4453125 0.4015625 0.4375 0.4015625 0.4359375 0.40625 0.4296875 0.40625 0.428125 0.4109375 0.3984375 0.4109375 0.396875 0.40625 0.340625 0.40625 0.3390625 0.4015625 0.3265625 0.4015625 0.325 0.3984375 0.321875 0.3984375 0.3203125 0.39375 0.3171875 0.39375 0.315625 0.3890625 0.3125 0.3890625 0.3125 0.359375 0.328125 0.359375
4 0.7640625 0.6265625 0.7890625 0.6265625 0.790625 0.6296875 0.878125 0.6296875 0.8796875 0.634375 0.896875 0.634375 0.8984375 0.6296875 0.909375 0.6296875 0.9109375 0.634375 0.9328125 0.634375 0.9328125 0.6375 0.9359375 0.6390625 0.9359375 0.6515625 0.903125 0.6515625 0.9015625 0.659375 0.790625 0.659375 0.7890625 0.6546875 0.78125 0.6546875 0.78125 0.6484375 0.7734375 0.646875 0.7734375 0.64375 0.76875 0.6421875 0.76875 0.6390625 0.7640625 0.6375 0.7625 0.6328125 0.759375 0.6328125 0.759375 0.6296875 0.7640625 0.628125
4 0.5984375 0.6125 0.6015625 0.6125 0.603125 0.6078125 0.6109375 0.6078125 0.6125 0.6125 0.6234375 0.6125 0.6234375 0.615625 0.628125 0.6171875 0.6296875 0.621875 0.6375 0.621875 0.6390625 0.6265625 0.6828125 0.6265625 0.684375 0.621875 0.740625 0.621875 0.7421875 0.6265625 0.7671875 0.6265625 0.7671875 0.6375 0.759375 0.6375 0.7578125 0.6421875 0.7421875 0.6421875 0.740625 0.646875 0.728125 0.646875 0.7265625 0.6515625 0.675 0.6515625 0.6734375 0.646875 0.665625 0.646875 0.6640625 0.6421875 0.5984375 0.6421875 0.5984375 0.6390625 0.59375 0.6375 0.59375 0.634375 0.590625 0.6328125 0.590625 0.621875 0.596875 0.621875 0.5984375 0.6140625
1 0.3359375 0.5328125 0.4359375 0.5328125 0.4375 0.528125 0.459375 0.528125 0.459375 0.53125 0.4640625 0.5328125 0.4640625 0.5359375 0.4671875 0.5375 0.4671875 0.5578125 0.4640625 0.559375 0.4640625 0.5625 0.446875 0.5625 0.4453125 0.5671875 0.434375 0.5671875 0.4328125 0.5703125 0.33125 0.5703125 0.33125 0.5421875 0.3359375 0.540625 0.3359375 0.534375
1 0.184375 0.50625 0.2046875 0.50625 0.20625 0.5015625 0.2265625 0.5015625 0.2265625 0.5046875 0.23125 0.50625 0.23125 0.5125 0.2359375 0.5140625 0.2359375 0.521875 0.2328125 0.521875 0.23125 0.5265625 0.2265625 0.528125 0.2265625 0.53125 0.1078125 0.53125 0.1078125 0.528125 0.103125 0.5265625 0.103125 0.5140625 0.1328125 0.5140625 0.134375 0.5109375 0.1828125 0.5109375 0.184375 0.5078125
7 0.321875 0.4484375 0.378125 0.4484375 0.3796875 0.453125 0.4359375 0.453125 0.4375 0.4484375 0.4546875 0.4484375 0.4546875 0.4515625 0.459375 0.453125 0.459375 0.478125 0.40625 0.478125 0.4046875 0.4828125 0.3796875 0.4828125 0.378125 0.4859375 0.340625 0.4859375 0.3390625 0.4828125 0.3359375 0.4828125 0.334375 0.478125 0.3265625 0.478125 0.325 0.46875 0.3171875 0.46875 0.3171875 0.453125 0.3203125 0.453125 0.321875 0.45
3 0.33125 0.6125 0.45 0.6125 0.4515625 0.6078125 0.4546875 0.6078125 0.4546875 0.6109375 0.459375 0.6125 0.459375 0.615625 0.4640625 0.6171875 0.465625 0.621875 0.471875 0.621875 0.471875 0.625 0.4765625 0.6265625 0.4765625 0.6375 0.46875 0.6375 0.4671875 0.6421875 0.3046875 0.6421875 0.3046875 0.6390625 0.3 0.6375 0.3 0.6265625 0.325 0.6265625 0.3265625 0.6171875 0.3296875 0.6171875 0.33125 0.6140625
3 0.09375 0.38125 0.096875 0.38125 0.0984375 0.3765625 0.1109375 0.3765625 0.1125 0.38125 0.240625 0.38125 0.240625 0.384375 0.2453125 0.3859375 0.2453125 0.39375 0.2484375 0.3953125 0.2484375 0.40625 0.2453125 0.4078125 0.2453125 0.4109375 0.09375 0.4109375 0.090625 0.403125 0.0859375 0.4015625 0.090625 0.3984375 0.090625 0.390625 0.09375 0.3890625 0.09375 0.3828125
3 0.09375 0.6265625 0.2484375 0.6265625 0.25 0.6296875 0.253125 0.6296875 0.2546875 0.634375 0.2578125 0.634375 0.2578125 0.6375 0.2546875 0.6375 0.253125 0.6421875 0.09375 0.6421875 0.09375 0.6390625 0.090625 0.6375 0.090625 0.6296875 0.09375 0.628125
3 0.1875 0.6390625 0.190625 0.6390625 0.1921875 0.634375 0.209375 0.634375 0.209375 0.6375 0.2140625 0.6390625 0.2140625 0.6515625 0.1875 0.6515625 0.1875 0.640625
7 0.78125 0.5328125 0.784375 0.5328125 0.7859375 0.528125 0.7984375 0.528125 0.8 0.5328125 0.9015625 0.5328125 0.9015625 0.5359375 0.9046875 0.5375 0.9046875 0.5578125 0.9015625 0.559375 0.9015625 0.5625 0.896875 0.5640625 0.896875 0.5671875 0.78125 0.5671875 0.778125 0.559375 0.7734375 0.5578125 0.7734375 0.5453125 0.778125 0.54375 0.778125 0.5375 0.78125 0.534375
0 0.7678571428571429 0.6844444444444444 0.8348214285714286 0.7288888888888889 0.875 0.7066666666666667 0.9017857142857142 0.6622222222222222 0.9151785714285715 0.3644444444444444 0.8660714285714286 0.32 0.78125 0.3555555555555555 0.7678571428571429 0.6844444444444444
0 0.5982142857142858 0.6444444444444445 0.6116071428571429 0.6844444444444444 0.6473214285714286 0.7066666666666667 0.7053571428571429 0.7066666666666667 0.7366071428571429 0.6844444444444444 0.7410714285714286 0.3333333333333333 0.65625 0.3288888888888889 0.59375 0.37777777777777777 0.6116071428571429 0.5155555555555555 0.5982142857142858 0.6444444444444445
0 0.3125 0.5688888888888889 0.32142857142857145 0.6755555555555556 0.3482142857142857 0.7066666666666667 0.41071428571428575 0.72 0.4508928571428571 0.6888888888888889 0.4642857142857143 0.3866666666666666 0.44642857142857145 0.3333333333333333 0.3705357142857143 0.3155555555555555 0.3169642857142857 0.3644444444444444 0.3125 0.5688888888888889
0 0.09821428571428577 0.6844444444444444 0.14732142857142855 0.7555555555555555 0.17410714285714288 0.76 0.24107142857142855 0.6666666666666666 0.24107142857142855 0.3511111111111111 0.19196428571428573 0.3155555555555555 0.13392857142857145 0.32 0.09375 0.3688888888888888 0.09821428571428577 0.6844444444444444