0 0.95859375 0.4375 0.0828125 0.36875
6 0.6296875 0.403125 0.634375 0.40625 0.6390625 0.415625 0.6359375 0.4234375 0.6265625 0.4296875 0.628125 0.44375 0.625 0.45 0.5234375 0.4640625 0.5171875 0.4609375 0.5109375 0.453125 0.50625 0.4359375 0.509375 0.425 0.5140625 0.4234375 0.521875 0.415625 0.534375 0.4140625 0.571875 0.415625 0.5859375 0.4109375 0.5984375 0.409375 0.6078125 0.4109375 0.6109375 0.4078125 0.628125 0.403125
8 0.8265625 0.3921875 0.83125 0.3953125 0.8328125 0.4046875 0.8328125 0.4109375 0.828125 0.4234375 0.81875 0.425 0.8140625 0.4296875 0.8046875 0.4296875 0.8 0.4328125 0.7140625 0.44375 0.703125 0.440625 0.7 0.4421875 0.69375 0.4359375 0.69375 0.4234375 0.703125 0.4171875 0.715625 0.415625 0.71875 0.4125 0.71875 0.4078125 0.7265625 0.403125 0.8015625 0.3953125 0.815625 0.390625 0.825 0.3921875
3 0.3203125 0.4734375 0.325 0.465625 0.3328125 0.4625 0.409375 0.453125 0.43125 0.4546875 0.4359375 0.459375 0.4375 0.46875 0.4328125 0.4765625 0.421875 0.4796875 0.3328125 0.4890625 0.321875 0.4828125 0.321875 0.475
3 0.434375 0.5765625 0.44375 0.578125 0.459375 0.5859375 0.4609375 0.5921875 0.4671875 0.5984375 0.4671875 0.609375 0.4625 0.6140625 0.45625 0.6171875 0.41875 0.615625 0.340625 0.6265625 0.3234375 0.625 0.31875 0.6140625 0.321875 0.60625 0.33125 0.5984375 0.3328125 0.5921875 0.340625 0.584375 0.378125 0.578125 0.3890625 0.58125 0.415625 0.5765625 0.4328125 0.5765625
3 0.6171875 0.3421875 0.61875 0.34375 0.6203125 0.3421875 0.634375 0.34375 0.640625 0.3515625 0.6390625 0.359375 0.64375 0.3640625 0.64375 0.3703125 0.6390625 0.378125 0.634375 0.3796875 0.621875 0.378125 0.50625 0.39375 0.503125 0.39375 0.4953125 0.384375 0.496875 0.378125 0.4953125 0.365625 0.4984375 0.359375 0.50625 0.3546875 0.615625 0.3421875
4 0.85 0.5234375 0.859375 0.5328125 0.859375 0.5390625 0.85625 0.5484375 0.846875 0.55625 0.8375 0.5578125 0.8328125 0.55625 0.825 0.559375 0.8125 0.559375 0.7734375 0.565625 0.7625 0.5640625 0.759375 0.5671875 0.746875 0.56875 0.7390625 0.5671875 0.7359375 0.5703125 0.728125 0.56875 0.7203125 0.5609375 0.721875 0.553125 0.7203125 0.5375 0.7265625 0.53125 0.734375 0.5296875 0.7453125 0.53125 0.759375 0.528125 0.7703125 0.5296875 0.771875 0.5265625 0.7765625 0.528125 0.7984375 0.525 0.809375 0.5265625 0.8359375 0.521875 0.8484375 0.5234375
4 0.4296875 0.3765625 0.44375 0.38125 0.44375 0.3859375 0.446875 0.3890625 0.4453125 0.4 0.4390625 0.4078125 0.4328125 0.4078125 0.43125 0.4109375 0.41875 0.4109375 0.3546875 0.4203125 0.340625 0.41875 0.3078125 0.4203125 0.3015625 0.415625 0.3 0.409375 0.303125 0.3921875 0.315625 0.3875 0.390625 0.378125 0.396875 0.3796875 0.428125 0.378125
4 0.2171875 0.3984375 0.225 0.40625 0.2296875 0.4078125 0.2328125 0.415625 0.2328125 0.421875 0.221875 0.434375 0.2171875 0.434375 0.2140625 0.4375 0.1640625 0.44375 0.1515625 0.4421875 0.1375 0.4453125 0.1265625 0.44375 0.1125 0.446875 0.1046875 0.446875 0.0984375 0.44375 0.0875 0.43125 0.0890625 0.4171875 0.0984375 0.4109375 0.1484375 0.40625 0.2125 0.396875 0.215625 0.3984375
9 0.6265625 0.471875 0.6359375 0.48125 0.628125 0.5109375 0.6171875 0.515625 0.60625 0.5109375 0.5921875 0.5125 0.5828125 0.5140625 0.5703125 0.5203125 0.540625 0.525 0.5296875 0.5234375 0.5234375 0.5171875 0.521875 0.5125 0.5234375 0.5078125 0.5171875 0.4984375 0.51875 0.490625 0.5234375 0.484375 0.6 0.475 0.6078125 0.471875 0.625 0.471875
9 0.2390625 0.603125 0.2453125 0.60625 0.2484375 0.6109375 0.253125 0.609375 0.265625 0.615625 0.2703125 0.6234375 0.26875 0.63125 0.253125 0.6421875 0.246875 0.6421875 0.2390625 0.646875 0.2140625 0.65 0.209375 0.6484375 0.2015625 0.65 0.190625 0.6484375 0.1890625 0.65 0.1859375 0.646875 0.178125 0.646875 0.1640625 0.6484375 0.1375 0.6578125 0.1265625 0.65625 0.1234375 0.659375 0.1140625 0.65625 0.1078125 0.65 0.1078125 0.6375 0.1140625 0.6296875 0.11875 0.628125 0.1171875 0.6265625 0.1234375 0.6171875 0.2375 0.6046875
9 0.2234375 0.528125 0.2296875 0.5296875 0.2390625 0.5375 0.24375 0.54375 0.24375 0.5515625 0.2421875 0.55625 0.2359375 0.559375 0.234375 0.5625 0.2296875 0.5625 0.2265625 0.5671875 0.228125 0.56875 0.2234375 0.5703125 0.221875 0.5734375 0.1859375 0.571875 0.1203125 0.58125 0.1109375 0.578125 0.1078125 0.5734375 0.1078125 0.5640625 0.1046875 0.55625 0.109375 0.5453125 0.11875 0.5421875 0.14375 0.540625 0.1828125 0.534375 0.184375 0.5359375 0.20625 0.534375 0.2140625 0.5328125 0.221875 0.528125
9 0.209375 0.4640625 0.2140625 0.465625 0.21875 0.471875 0.221875 0.50625 0.2171875 0.5125 0.20625 0.5140625 0.1953125 0.5046875 0.1703125 0.5078125 0.165625 0.5125 0.1546875 0.5140625 0.11875 0.5125 0.109375 0.5078125 0.10625 0.4921875 0.109375 0.484375 0.1140625 0.4828125 0.115625 0.4796875 0.125 0.478125 0.134375 0.471875 0.2046875 0.4625 0.2078125 0.4640625
1 0.3953125 0.5 0.403125 0.5046875 0.4265625 0.503125 0.4359375 0.5078125 0.4390625 0.5171875 0.440625 0.5453125 0.4296875 0.559375 0.4203125 0.5609375 0.4125 0.55625 0.403125 0.55625 0.325 0.5671875 0.3171875 0.5671875 0.309375 0.5578125 0.309375 0.55 0.3125 0.5453125 0.325 0.540625 0.3203125 0.534375 0.31875 0.5234375 0.325 0.5140625 0.3296875 0.5140625 0.3484375 0.50625 0.359375 0.5078125 0.3734375 0.503125 0.3828125 0.503125 0.3859375 0.5 0.39375 0.5
1 0.7828125 0.45 0.7953125 0.45625 0.8109375 0.4578125 0.8328125 0.4546875 0.8375 0.4578125 0.840625 0.4734375 0.8359375 0.4796875 0.8296875 0.4828125 0.7828125 0.4875 0.775 0.4890625 0.7671875 0.4953125 0.759375 0.49375 0.7515625 0.4953125 0.7453125 0.4921875 0.74375 0.49375 0.7390625 0.4921875 0.7328125 0.4859375 0.7328125 0.4828125 0.728125 0.4796875 0.725 0.46875 0.728125 0.4625 0.7328125 0.459375 0.78125 0.45
12 0.009375 0.421875 0.0203125 0.4234375 0.021875 0.421875 0.0265625 0.428125 0.0265625 0.446875 0.0296875 0.453125 0.0265625 0.4609375 0.021875 0.465625 0 0.46875 0 0.4234375 0.0078125 0.425 0.009375 0.4234375
8 0 0.490625 0.015625 0.490625 0.0234375 0.496875 0.025 0.5046875 0.021875 0.5234375 0.0140625 0.5296875 0.0015625 0.53125 0 0.5296875 0 0.4921875
7 0.0046875 0.559375 0.0171875 0.5578125 0.0234375 0.559375 0.03125 0.56875 0.0296875 0.590625 0.025 0.5953125 0.009375 0.596875 0.0046875 0.5609375
11 0.9953125 0.4390625 0.9984375 0.4578125 0.9984375 0.496875 0.975 0.5 0.96875 0.496875 0.9609375 0.4984375 0.9515625 0.496875 0.9453125 0.4921875 0.94375 0.48125 0.946875 0.475 0.9515625 0.471875 0.9484375 0.465625 0.95 0.45625 0.959375 0.4515625 0.965625 0.4515625 0.9734375 0.440625 0.9796875 0.440625 0.984375 0.4375 0.99375 0.4390625
12 0.84375 0.309375 0.8546875 0.315625 0.8546875 0.321875 0.8453125 0.3328125 0.8453125 0.3421875 0.834375 0.3625 0.825 0.365625 0.7484375 0.375 0.734375 0.3734375 0.73125 0.3703125 0.709375 0.375 0.7015625 0.3703125 0.7 0.3671875 0.7 0.359375 0.703125 0.3546875 0.7015625 0.33125 0.7078125 0.321875 0.715625 0.3203125 0.7203125 0.3234375 0.7265625 0.3234375 0.734375 0.3203125 0.796875 0.3125 0.809375 0.3125 0.8359375 0.3078125 0.8421875 0.309375
0 0.22597293762689358 0.3995297248542779 0.21596671556868255 0.3713181122634935 0.2027093835954022 0.3565902289638551 0.17514840548353944 0.34525418047312534 0.13042835100440509 0.3540162485228442 0.10015266755769239 0.38717385719338293 0.1010561943496165 0.43449438710866506 0.11790320097499554 0.46513719276708265 0.1327126317395831 0.5990709588866199 0.12360993647329639 0.6181798762111175 0.12276146215118464 0.6379108705398613 0.1371772757089305 0.675394460765447 0.17237039776072208 0.6956068072045978 0.19473042500028934 0.6912257731797384 0.2136415024815967 0.6987171922258282 0.24066607601324014 0.6790433128464356 0.24996661112271706 0.6615456717421349 0.2504765207077996 0.6124160257634657 0.2366256692049487 0.5928543138032365 0.21760448678401642 0.45125984626909493 0.2281491759019855 0.41725376327644437 0.22597293762689358 0.3995297248542779
0 0.4356938010450385 0.34924572225022055 0.4292772536389262 0.33694903201821547 0.40092491615430276 0.31916787864669793 0.37293970088138406 0.31769732732034006 0.331215801524778 0.3375404890682473 0.3162615209072739 0.3622745944260965 0.3193698434489657 0.41423111315877936 0.3321743807865145 0.4519125432275552 0.3308159968793202 0.5207731835349683 0.3373732691792715 0.5608572491967019 0.326997862429817 0.6095626580143152 0.3422050353603236 0.6534913531206887 0.3858502181994804 0.6759370527842826 0.42432300764101705 0.6695776203275214 0.4574255638417434 0.6328017795302084 0.45751123626577 0.593537630715911 0.444084621923975 0.56411042159131 0.43656670788274843 0.5028819252238259 0.43984637527249343 0.476310146327914 0.4349289366674146 0.42294019121822435 0.4430424327177505 0.395774892792742 0.4356938010450385 0.34924572225022055
0 0.6221776054268289 0.33616179760453224 0.5972742177004651 0.30650819116206546 0.5813878528163612 0.29700981620939837 0.5614590186444273 0.29455006566708963 0.5389011515616701 0.2973198234717521 0.5239754284188416 0.3089658792248356 0.51066098149621 0.32041409513472885 0.5003426896961067 0.34294340474281054 0.501868293492277 0.3820097137139177 0.5176975434270296 0.4176841878761164 0.5333554485137291 0.5318869596669098 0.5282381075859214 0.5701333517905807 0.533579783352056 0.6136378097358983 0.5476284746980971 0.6348107979163243 0.5977187624180417 0.6564651382071576 0.6289550876060298 0.6444519602423693 0.6543969423921518 0.611887871101401 0.6480946248847418 0.5472389824503329 0.6346680105429467 0.5178117733257318 0.6369584787167409 0.4831836133288351 0.6253695379130086 0.4420817909764751 0.621836978210261 0.3999907694081642 0.6273214413497734 0.37805497932965293 0.6221776054268289 0.33616179760453224
0 0.8300607953069111 0.29755240822823387 0.7969031866363725 0.26727672478152104 0.7388972427092823 0.27439895913636736 0.7134839453978359 0.29387499867256983 0.7073774052540771 0.324065009695256 0.7115320419610708 0.35790181031939194 0.721171141807577 0.3698028208650168 0.7381853683219319 0.5083725758019545 0.7252380436110053 0.5361313937570075 0.7267922048818511 0.5621096531233489 0.742819294659794 0.5993954035057445 0.7864644774989508 0.6218411031693384 0.8354248411091051 0.6076516869294581 0.8511704810993701 0.5893626864523968 0.8556371875482561 0.5724585648776664 0.854931500599522 0.5267493111825814 0.8432854448464384 0.5118235880397529 0.8320085737845986 0.41998084348852666 0.8274868148659003 0.36983344081923103 0.8390207031998201 0.3438837389275652 0.8300607953069111 0.29755240822823387
0 0.01998453623422507 0.4002884017932857 0 0.3815253295260147 0 0.5305813100752406 0.021849053815559155 0.7085275734726144 0.02495290235003889 0.7071651280541159 0.039285105963296894 0.6906852436404416 0.04394965225537302 0.6753923982859084 0.043441805149829205 0.63129442081102 0.027810395058266785 0.5972312228690184 0.02032103849171563 0.5229146768967684 0.019219671856601207 0.47398287076128937 0.027333167906937007 0.446817572335807 0.01998453623422507 0.4002884017932857