3 0.5859375 0.8 0.61875 0.8046875 0.625 0.8125 0.6359375 0.815625 0.640625 0.821875 0.64375 0.8203125 0.6515625 0.821875 0.6578125 0.8328125 0.665625 0.834375 0.6703125 0.8390625 0.6703125 0.8453125 0.675 0.8515625 0.6765625 0.8671875 0.6796875 0.8703125 0.678125 0.8828125 0.6734375 0.8890625 0.665625 0.8890625 0.6609375 0.8859375 0.6578125 0.871875 0.646875 0.8546875 0.6375 0.8453125 0.6375 0.8421875 0.63125 0.8375 0.6171875 0.8328125 0.6015625 0.834375 0.5875 0.8203125 0.5828125 0.821875 0.5546875 0.8203125 0.5515625 0.821875 0.55 0.81875 0.54375 0.815625 0.5421875 0.809375 0.5546875 0.8015625 0.584375 0.8
3 0.4109375 0.590625 0.4125 0.59375 0.4171875 0.5953125 0.4578125 0.596875 0.465625 0.603125 0.484375 0.609375 0.503125 0.6296875 0.515625 0.6328125 0.521875 0.640625 0.5234375 0.65625 0.5234375 0.6640625 0.515625 0.6765625 0.50625 0.675 0.5 0.6453125 0.484375 0.6359375 0.471875 0.6234375 0.459375 0.61875 0.4578125 0.6203125 0.45 0.6125 0.4421875 0.6109375 0.4140625 0.6125 0.403125 0.609375 0.4 0.60625 0.3984375 0.6078125 0.39375 0.6015625 0.396875 0.5921875 0.409375 0.590625
3 0.2828125 0.3859375 0.2921875 0.390625 0.29375 0.39375 0.3078125 0.396875 0.3125 0.4015625 0.3203125 0.403125 0.328125 0.4109375 0.3375 0.4140625 0.3390625 0.41875 0.35625 0.4328125 0.365625 0.4515625 0.3671875 0.459375 0.3671875 0.4671875 0.3625 0.4734375 0.3578125 0.4734375 0.353125 0.4703125 0.3515625 0.4609375 0.3453125 0.4546875 0.340625 0.4421875 0.3234375 0.4265625 0.315625 0.425 0.3078125 0.415625 0.2875 0.409375 0.278125 0.403125 0.246875 0.4015625 0.240625 0.396875 0.240625 0.3890625 0.24375 0.384375 0.28125 0.3859375
3 0.065625 0.21875 0.08125 0.225 0.0890625 0.23125 0.090625 0.2296875 0.10625 0.23125 0.1265625 0.2390625 0.134375 0.2390625 0.1453125 0.246875 0.1484375 0.246875 0.15625 0.2609375 0.1625 0.265625 0.171875 0.284375 0.1734375 0.3109375 0.1703125 0.315625 0.159375 0.315625 0.15625 0.3125 0.1546875 0.2875 0.1359375 0.259375 0.115625 0.2546875 0.1125 0.25 0.103125 0.246875 0.0953125 0.2453125 0.0875 0.246875 0.0703125 0.240625 0.0671875 0.2375 0.0515625 0.2359375 0.0484375 0.225 0.053125 0.2203125 0.0640625 0.21875
9 0.4734375 0.5625 0.4859375 0.5671875 0.4984375 0.5671875 0.5078125 0.571875 0.5125 0.571875 0.521875 0.58125 0.5328125 0.584375 0.5359375 0.5890625 0.5421875 0.590625 0.559375 0.6203125 0.5578125 0.634375 0.5546875 0.6359375 0.5484375 0.6359375 0.54375 0.63125 0.54375 0.6265625 0.5375 0.61875 0.5359375 0.6109375 0.5328125 0.609375 0.53125 0.6046875 0.5203125 0.5984375 0.509375 0.5953125 0.4984375 0.584375 0.49375 0.5828125 0.484375 0.584375 0.46875 0.578125 0.4546875 0.5796875 0.45 0.575 0.45 0.56875 0.4578125 0.5625 0.471875 0.5625
9 0.303125 0.3546875 0.3125 0.359375 0.3140625 0.3625 0.325 0.365625 0.334375 0.3640625 0.35 0.36875 0.375 0.38125 0.378125 0.3875 0.3921875 0.4015625 0.39375 0.4078125 0.396875 0.409375 0.396875 0.428125 0.3921875 0.4328125 0.3875 0.4328125 0.38125 0.4265625 0.38125 0.41875 0.3796875 0.4140625 0.375 0.4109375 0.375 0.4078125 0.3578125 0.3921875 0.35 0.3890625 0.3484375 0.3859375 0.3359375 0.38125 0.3203125 0.38125 0.3 0.375 0.2953125 0.3703125 0.2953125 0.3609375 0.3015625 0.35625
9 0.11875 0.190625 0.13125 0.1921875 0.1328125 0.1953125 0.1453125 0.2015625 0.1625 0.203125 0.175 0.215625 0.1796875 0.215625 0.1921875 0.225 0.1953125 0.225 0.1984375 0.2296875 0.1984375 0.234375 0.2046875 0.2421875 0.2046875 0.253125 0.2078125 0.2625 0.20625 0.2703125 0.2015625 0.2734375 0.1953125 0.2734375 0.190625 0.2703125 0.1890625 0.25625 0.18125 0.2390625 0.1578125 0.225 0.153125 0.21875 0.1421875 0.21875 0.134375 0.2125 0.125 0.209375 0.11875 0.2109375 0.109375 0.209375 0.10625 0.20625 0.10625 0.196875 0.1109375 0.1921875 0.1171875 0.1921875
9 0.64375 0.7734375 0.659375 0.78125 0.675 0.7828125 0.690625 0.79375 0.7078125 0.821875 0.709375 0.8328125 0.703125 0.8390625 0.6984375 0.8390625 0.69375 0.834375 0.690625 0.834375 0.690625 0.8296875 0.6828125 0.815625 0.678125 0.8109375 0.671875 0.8109375 0.665625 0.803125 0.6578125 0.8 0.6359375 0.796875 0.628125 0.790625 0.6125 0.7921875 0.6078125 0.7890625 0.60625 0.778125 0.6125 0.7734375 0.6421875 0.7734375
1 0.646875 0.7515625 0.6546875 0.7546875 0.65625 0.7578125 0.6765625 0.75625 0.696875 0.7609375 0.709375 0.76875 0.7171875 0.7765625 0.7265625 0.778125 0.73125 0.7859375 0.7375 0.7875 0.740625 0.8078125 0.7328125 0.8234375 0.7296875 0.825 0.725 0.8203125 0.7234375 0.80625 0.7 0.78125 0.678125 0.7703125 0.6703125 0.771875 0.6375 0.7625 0.6375 0.753125 0.6453125 0.7515625
1 0.53125 0.54375 0.5609375 0.5640625 0.578125 0.58125 0.5828125 0.6046875 0.5765625 0.6109375 0.571875 0.6078125 0.5703125 0.596875 0.5578125 0.584375 0.55625 0.578125 0.5421875 0.5671875 0.5203125 0.5578125 0.5078125 0.559375 0.5 0.5578125 0.4984375 0.5546875 0.4921875 0.553125 0.471875 0.5546875 0.46875 0.5515625 0.471875 0.5453125 0.4796875 0.5453125 0.4859375 0.5421875 0.5171875 0.540625 0.5296875 0.54375
1 0.353125 0.3359375 0.3671875 0.34375 0.375 0.34375 0.3859375 0.35 0.39375 0.3515625 0.39375 0.35625 0.415625 0.3734375 0.4203125 0.384375 0.421875 0.3984375 0.421875 0.4046875 0.41875 0.4109375 0.4125 0.409375 0.40625 0.3890625 0.3953125 0.378125 0.39375 0.3734375 0.3859375 0.3671875 0.3546875 0.353125 0.340625 0.3515625 0.334375 0.3484375 0.3203125 0.35 0.3171875 0.346875 0.3203125 0.340625 0.328125 0.340625 0.33125 0.3375 0.3515625 0.3359375
1 0.1578125 0.1765625 0.1734375 0.1859375 0.1796875 0.1859375 0.1859375 0.1921875 0.1953125 0.19375 0.2140625 0.203125 0.221875 0.209375 0.2265625 0.2203125 0.23125 0.2234375 0.2328125 0.228125 0.234375 0.2484375 0.23125 0.2515625 0.225 0.25 0.2234375 0.23125 0.2203125 0.2265625 0.2171875 0.2265625 0.209375 0.2125 0.203125 0.2109375 0.1921875 0.203125 0.178125 0.2 0.153125 0.1859375 0.140625 0.1875 0.1375 0.184375 0.140625 0.178125 0.15625 0.1765625
4 0.73125 0.684375 0.7390625 0.6875 0.75 0.6875 0.75625 0.69375 0.7625 0.6921875 0.7671875 0.6953125 0.771875 0.6953125 0.7921875 0.7046875 0.8078125 0.715625 0.8140625 0.7328125 0.81875 0.7375 0.825 0.7515625 0.825 0.7578125 0.8140625 0.7671875 0.8109375 0.778125 0.8 0.778125 0.7953125 0.7734375 0.7953125 0.759375 0.790625 0.75625 0.7875 0.7484375 0.7828125 0.74375 0.775 0.7421875 0.76875 0.7375 0.7484375 0.715625 0.7125 0.709375 0.7 0.7125 0.6921875 0.7078125 0.6921875 0.7 0.7 0.690625 0.7140625 0.6875 0.71875 0.684375 0.7296875 0.684375
4 0.5625 0.471875 0.5640625 0.4734375 0.578125 0.471875 0.5953125 0.478125 0.603125 0.4796875 0.6046875 0.478125 0.6109375 0.484375 0.6265625 0.490625 0.6296875 0.4953125 0.6390625 0.4953125 0.646875 0.5 0.659375 0.5140625 0.6625 0.5234375 0.665625 0.525 0.66875 0.53125 0.66875 0.5390625 0.671875 0.54375 0.66875 0.5546875 0.6609375 0.5609375 0.659375 0.565625 0.653125 0.565625 0.6484375 0.5609375 0.646875 0.5484375 0.6421875 0.5453125 0.6375 0.5359375 0.621875 0.528125 0.6171875 0.5234375 0.615625 0.5171875 0.6078125 0.5109375 0.603125 0.5109375 0.6 0.5078125 0.5921875 0.5078125 0.5828125 0.503125 0.575 0.5046875 0.5625 0.503125 0.5453125 0.4953125 0.5421875 0.4921875 0.5421875 0.484375 0.5609375 0.471875
4 0.40625 0.2765625 0.4078125 0.278125 0.4234375 0.2765625 0.446875 0.28125 0.4734375 0.29375 0.475 0.296875 0.496875 0.3109375 0.503125 0.31875 0.5125 0.3375 0.5140625 0.3578125 0.5109375 0.3625 0.4984375 0.365625 0.4953125 0.371875 0.4859375 0.3703125 0.4828125 0.340625 0.4625 0.3203125 0.440625 0.3140625 0.4359375 0.309375 0.4234375 0.303125 0.4203125 0.3046875 0.3953125 0.3015625 0.378125 0.3046875 0.36875 0.303125 0.36875 0.296875 0.38125 0.2875 0.3859375 0.2765625 0.390625 0.2734375 0.4046875 0.2765625
4 0.24375 0.1140625 0.253125 0.115625 0.2578125 0.1203125 0.2671875 0.1234375 0.271875 0.1296875 0.296875 0.1484375 0.3 0.159375 0.3046875 0.1640625 0.309375 0.1640625 0.3171875 0.175 0.321875 0.1921875 0.3203125 0.1984375 0.3140625 0.203125 0.309375 0.2015625 0.3078125 0.209375 0.303125 0.2140625 0.3 0.2140625 0.2953125 0.20625 0.2921875 0.19375 0.2859375 0.18125 0.284375 0.1703125 0.26875 0.153125 0.2625 0.1515625 0.2546875 0.1453125 0.225 0.1359375 0.190625 0.1375 0.1875 0.134375 0.1890625 0.128125 0.2 0.1265625 0.2125 0.1140625 0.2421875 0.1140625
4 0.9265625 0.9 0.9359375 0.9015625 0.9421875 0.90625 0.965625 0.909375 0.978125 0.9078125 0.9921875 0.9140625 0.9984375 0.9203125 0.9984375 0.9734375 0.9859375 0.9734375 0.984375 0.9578125 0.9765625 0.9484375 0.9734375 0.95 0.9640625 0.94375 0.9546875 0.9421875 0.940625 0.93125 0.9171875 0.9265625 0.9140625 0.928125 0.8953125 0.9265625 0.8921875 0.9203125 0.89375 0.9171875 0.9 0.9140625 0.9015625 0.909375 0.91875 0.90625 0.925 0.9
8 0.3796875 0.31875 0.38125 0.3203125 0.396875 0.3203125 0.4140625 0.325 0.4296875 0.3390625 0.4328125 0.3390625 0.44375 0.346875 0.45 0.3546875 0.4546875 0.3671875 0.4546875 0.375 0.4484375 0.3875 0.4421875 0.3859375 0.4421875 0.3796875 0.4375 0.36875 0.43125 0.365625 0.425 0.353125 0.4171875 0.3453125 0.403125 0.3390625 0.3625 0.3296875 0.359375 0.3265625 0.3609375 0.3203125 0.378125 0.31875
8 0.70625 0.7328125 0.73125 0.740625 0.74375 0.753125 0.7453125 0.75 0.7484375 0.75 0.7484375 0.753125 0.7625 0.765625 0.76875 0.778125 0.76875 0.7859375 0.759375 0.7953125 0.7515625 0.79375 0.7453125 0.7796875 0.7296875 0.759375 0.703125 0.7484375 0.6703125 0.740625 0.6734375 0.7328125 0.69375 0.7328125 0.6953125 0.734375 0.7046875 0.7328125
8 0.8734375 0.9546875 0.8859375 0.9515625 0.9171875 0.953125 0.9375 0.9609375 0.94375 0.965625 0.9453125 0.9703125 0.953125 0.9703125 0.959375 0.9734375 0.959375 0.975 0.940625 0.9765625 0.9375 0.9734375 0.925 0.9734375 0.9171875 0.9703125 0.9125 0.971875 0.8921875 0.9640625 0.875 0.9625 0.8734375 0.95625
8 0.540625 0.5203125 0.5421875 0.521875 0.5515625 0.5203125 0.5640625 0.5234375 0.565625 0.5265625 0.5765625 0.5296875 0.584375 0.5375 0.5828125 0.540625 0.584375 0.5421875 0.590625 0.540625 0.6015625 0.5453125 0.609375 0.553125 0.6171875 0.575 0.615625 0.5828125 0.6078125 0.5859375 0.60625 0.5890625 0.6 0.5890625 0.5984375 0.5734375 0.5796875 0.5546875 0.5765625 0.546875 0.5296875 0.5328125 0.5125 0.53125 0.5140625 0.525 0.51875 0.5203125 0.5390625 0.5203125
8 0.19375 0.1546875 0.21875 0.159375 0.2203125 0.1625 0.240625 0.1734375 0.2359375 0.1828125 0.2375 0.184375 0.24375 0.1796875 0.25 0.1796875 0.2578125 0.1859375 0.2671875 0.2015625 0.2671875 0.2203125 0.2578125 0.228125 0.2515625 0.221875 0.25 0.2140625 0.246875 0.2125 0.24375 0.203125 0.2328125 0.190625 0.2375 0.184375 0.2359375 0.1828125 0.215625 0.18125 0.1875 0.16875 0.171875 0.16875 0.165625 0.165625 0.165625 0.1625 0.171875 0.1578125 0.1765625 0.1578125 0.18125 0.1546875 0.1921875 0.1546875
1 0.8859375 0.9703125 0.8984375 0.978125 0.8421875 0.98125 0.84375 0.9765625 0.865625 0.971875 0.884375 0.971875
0 0.7424588634997018 0.6806275342178715 0.7067231637849445 0.6924149405641953 0.6060936643217633 0.7902247675374701 0.5530082925342109 0.8177932981931395 0.5182225854245235 0.8477076432891337 0.5161358598764905 0.8709510185350908 0.53555824308762 0.8947195787704805 0.5249729110338087 0.913451058268832 0.5386743169999708 0.9226475756922377 0.5531599968478577 0.915278694924573 0.617773686089442 0.9185021534155687 0.6518614822815021 0.9068011100333424 0.675630042516892 0.8873787268222129 0.6984486101472118 0.8498294048614129 0.7602986845376836 0.8003199506260946 0.8087857976135331 0.7796021229535063 0.8318634541361449 0.7469965115607982 0.8305680096746858 0.7222779587203384 0.81634842592394 0.7031940201607487 0.8234652250041623 0.6813394595451973 0.8164417960928866 0.6734453937880998 0.7923277840011076 0.68627616290844 0.7424588634997018 0.6806275342178715
0 0.6425903397977912 0.477655290419262 0.5992266704230773 0.4700133063496071 0.5616703412574282 0.4785912686146334 0.5345196110125464 0.4965384742312601 0.5146513985712321 0.5273234561730764 0.4766562473802473 0.5590584307199624 0.38540299847351556 0.6150661288771235 0.3657938749244931 0.6507948213870316 0.3827840807312007 0.6912151427775891 0.3767970073890922 0.7030959192928592 0.3920599539138544 0.7105581702294705 0.40654563376174113 0.7031892894618058 0.45311874721775236 0.7090106440805689 0.48416982525670954 0.702426037194629 0.5256335094212836 0.673814143764943 0.5469768994571006 0.6396469918136348 0.5977234640091775 0.5989815959404841 0.6365822448411349 0.5837256566205711 0.6682448708336224 0.5572798444981659 0.680478106410131 0.5384620020357174 0.6805714765790775 0.5087133756630684 0.6679997963510289 0.4895430741393815 0.6755484102517375 0.4759280311373167 0.6702592478272564 0.4695955059388191 0.658637560204278 0.46855214316480265 0.6425903397977912 0.477655290419262
0 0.4219930441184901 0.2727480253862664 0.39770630609851654 0.282282987461212 0.3754129234576296 0.29832320066284956 0.36031569565621263 0.32555328666697936 0.3366334983849202 0.3466235734008062 0.2727037056512646 0.3879798729867351 0.23714073186470178 0.4030630863784535 0.20886027588170641 0.4309840760953613 0.20390955810876518 0.4626396948829995 0.2183018677877054 0.48501944048798373 0.21725850501368904 0.4966411281109623 0.2293120074571538 0.5059240084984652 0.24644226851728107 0.5017213903300494 0.2823040090757597 0.5081041042154446 0.3265383152962954 0.5008285936167265 0.36002157073967467 0.47759222557561876 0.38136496077549176 0.4434250736243107 0.4213534673455629 0.4181953502041167 0.43696887293156345 0.40085268533617074 0.4998553028912025 0.3711180733732203 0.5229329594138141 0.3385124619805123 0.523458144403247 0.3170033532213499 0.5089794717602094 0.29297570409366824 0.5164417226968208 0.2777127575689061 0.5109798343441452 0.26808442532501403 0.49319834745086355 0.27562603202087316 0.4219930441184901 0.2727480253862664
0 0.8875910417864663 0.9274956395854769 0.8441269950379567 0.980998811783817 0.8420411215403165 0.9827605573955516 1 0.9744822833574398 1 0.8932723490693059 0.9918477857417327 0.8988977605654892 0.9470089387725164 0.8946379465053262 0.9113596020218562 0.9080732563743474 0.8875910417864663 0.9274956395854769
0 0.21075097738109064 0.1202282212231959 0.1397907485313103 0.1850869849473737 0.05313575833628137 0.23424398012145367 0.02797838347048609 0.25869643686477234 0.014701785119961109 0.2891359669501995 0.0277052801684957 0.31654578608737294 0.025273102764073897 0.33319754724254064 0.034117161126241344 0.3443010570809355 0.053805640434511894 0.34161679798907096 0.07730810457276051 0.34864723410519577 0.10861827150400957 0.34700633778734774 0.13620081656937763 0.3372986497842077 0.16977043497685404 0.3157101852657972 0.18330612221967096 0.29021436574846216 0.19753271317526588 0.27790177441270547 0.2564324323767322 0.2351566601963711 0.31923249937227405 0.20377414471072325 0.33745280829089097 0.17307552573300433 0.3269678536108755 0.1306618489633605 0.33789863752107585 0.11852198355579842 0.32922730508710296 0.11071428076279818 0.30979791467112416 0.11834225042275462 0.24492513653724793 0.11017508136366674 0.21075097738109064 0.1202282212231959
0 0 0.02551771664256029 0 0.09086043658353186 0.008677399247700038 0.07959313067534853 0.07044111067407466 0.02843577291733288 0.09052966249913226 0.020773258071737556 0 0.02551771664256029