4 0.43203125 0.32421875 0.03125 0.109375
2 0.53125 0.871875 0.534375 0.7875 0.553125 0.7890625 0.553125 0.815625 0.5515625 0.8171875 0.55 0.8734375 0.5328125 0.871875
2 0.5515625 0.2890625 0.5703125 0.2890625 0.5671875 0.3734375 0.55 0.3734375 0.5484375 0.371875 0.5515625 0.290625
2 0.55 0.04375 0.5703125 0.0453125 0.5671875 0.1171875 0.546875 0.115625 0.55 0.0453125
2 0.54375 0.54375 0.5625 0.5453125 0.5609375 0.5484375 0.559375 0.628125 0.540625 0.6265625 0.5421875 0.546875 0.54375 0.5453125
6 0.603125 0.0359375 0.6234375 0.0359375 0.6203125 0.140625 0.6 0.140625 0.603125 0.0375
6 0.6046875 0.28125 0.6234375 0.28125 0.6203125 0.3859375 0.5921875 0.3859375 0.590625 0.384375 0.5921875 0.3234375 0.59375 0.321875 0.6015625 0.3234375 0.6046875 0.3203125 0.6046875 0.2828125
6 0.5875 0.78125 0.60625 0.78125 0.603125 0.8859375 0.584375 0.8859375 0.5875 0.7828125
6 0.596875 0.5359375 0.615625 0.5359375 0.6125 0.6375 0.6109375 0.640625 0.59375 0.640625 0.5921875 0.6390625 0.59375 0.63125 0.5828125 0.628125 0.5828125 0.609375 0.590625 0.6109375 0.59375 0.609375 0.59375 0.6 0.5828125 0.596875 0.5828125 0.5921875 0.584375 0.5875 0.5921875 0.5890625 0.5953125 0.5859375 0.596875 0.5375
9 0.48125 0.796875 0.490625 0.7953125 0.490625 0.7859375 0.5 0.7875 0.496875 0.871875 0.478125 0.8703125 0.48125 0.7984375
9 0.490625 0.5421875 0.509375 0.54375 0.5078125 0.546875 0.50625 0.625 0.5046875 0.6265625 0.4875 0.625 0.4890625 0.5453125 0.490625 0.54375
9 0.5078125 0.0421875 0.5265625 0.04375 0.5234375 0.115625 0.5046875 0.1140625 0.5078125 0.04375
9 0.5078125 0.2875 0.5171875 0.2875 0.515625 0.3671875 0.5140625 0.371875 0.4953125 0.3703125 0.4984375 0.296875 0.50625 0.2984375 0.5078125 0.2890625
0 0.3491631527751779 0.8566552623565611 0.3696842449095735 0.8786614394570208 0.43347514876185633 0.8808890669061163 0.44447823731208597 0.8706285208389186 0.46574187192951355 0.8713710633219506 0.4866342353054252 0.8827454231136963 0.5189009584730824 0.8732274195295304 0.5291615045402803 0.8842305080797601 0.5716887737751355 0.885715593045824 0.5925811371510471 0.8970899528375698 0.6358509488689341 0.8773114031862062 0.6479678511437118 0.8351554051928668 0.627818030250832 0.8025174107836935 0.6069256668749206 0.7911430509919478 0.43644531869398395 0.7958345284364061 0.4261847726267861 0.7848314398861764 0.383657503391931 0.7833463549201125 0.33964514919101196 0.8243885391889038 0.3491631527751779 0.8566552623565611
0 0.36796293739724295 0.6231265528063737 0.38885530077315456 0.6345009125981196 0.6227552815648577 0.6426688799114708 0.6557645472155472 0.6118872417098774 0.6565070896985791 0.5906236070924498 0.6260967227385015 0.5469825241330468 0.5729376361949325 0.5451261679254669 0.5619345476447029 0.5553867139926647 0.4449845572488512 0.551302730335989 0.4347240111816534 0.5402996417857594 0.39219674194679827 0.5388145568196955 0.37056183608785476 0.5487038316453773 0.3701905648463387 0.559335648954091 0.34818438774587923 0.5798567410884867 0.36796293739724295 0.6231265528063737
0 0.38713399326082404 0.3789660259474727 0.4615567144218205 0.38156492463808445 0.48319162028076407 0.37167564981240275 0.4934521663479618 0.38267873836263233 0.589138522126386 0.3860201795362761 0.6100308855022976 0.39739453932802177 0.6536719684617006 0.36698417236794434 0.6654175994949624 0.33545999168331897 0.6448965073605666 0.3134538145828595 0.6452677786020826 0.30282199727414577 0.6243754152261711 0.29144763748239993 0.4538950670452345 0.2961391149268583 0.4436345209780367 0.28513602637662855 0.39047543443446775 0.28327967016904865 0.3684692573340082 0.3038007623034442 0.3563523550592306 0.34595676029678346 0.38713399326082404 0.3789660259474727
0 0.3854126857484934 0.12343113929682588 0.5874172146140554 0.13048529288562927 0.5976777606812532 0.14148838143585904 0.6189413952986808 0.14223092391889094 0.6625824782580838 0.1118205569588134 0.6636962919826317 0.07992510503267214 0.643546471089752 0.04728711062349884 0.6222828364723245 0.046544568140466855 0.6120222904051266 0.035541479590237304 0.5903873845461831 0.04543075441591897 0.43091012491547637 0.03986168579317946 0.4100177615395647 0.02848732600143391 0.36637667858016165 0.05889769296151126 0.3648915936140978 0.10142496219636636 0.3854126857484934 0.12343113929682588