4 0.41875 0.646875 0.0359375 0.109375
2 0.4875 0.10625 0.5015625 0.103125 0.50625 0.103125 0.5078125 0.10625 0.5140625 0.184375 0.4953125 0.1859375 0.4890625 0.1078125
2 0.55 0.590625 0.55625 0.6734375 0.54375 0.675 0.5375 0.675 0.53125 0.5921875 0.5484375 0.590625
2 0.5609375 0.840625 0.5671875 0.9125 0.5546875 0.9140625 0.5484375 0.9140625 0.546875 0.9109375 0.5421875 0.8421875 0.559375 0.840625
2 0.528125 0.3421875 0.5328125 0.409375 0.534375 0.4109375 0.5328125 0.425 0.515625 0.425 0.5109375 0.3578125 0.509375 0.35625 0.509375 0.34375 0.5265625 0.3421875
6 0.6109375 0.815625 0.6203125 0.91875 0.6078125 0.9203125 0.6 0.9203125 0.590625 0.81875 0.609375 0.815625
6 0.6 0.5765625 0.609375 0.678125 0.5984375 0.6796875 0.590625 0.6796875 0.5890625 0.675 0.5875 0.6421875 0.584375 0.6390625 0.578125 0.640625 0.575 0.6390625 0.575 0.6234375 0.5703125 0.5875 0.5703125 0.5796875 0.5984375 0.5765625
6 0.5390625 0.0890625 0.5546875 0.0875 0.5578125 0.0890625 0.5609375 0.1390625 0.565625 0.175 0.565625 0.190625 0.546875 0.1921875 0.5390625 0.090625
6 0.578125 0.328125 0.5875 0.428125 0.56875 0.43125 0.5640625 0.38125 0.553125 0.3796875 0.5515625 0.371875 0.5609375 0.3703125 0.5625 0.3609375 0.5515625 0.359375 0.55 0.3390625 0.5578125 0.3390625 0.559375 0.3296875 0.5765625 0.328125
9 0.4546875 0.1078125 0.4625 0.1890625 0.453125 0.1890625 0.4515625 0.18125 0.440625 0.1796875 0.4359375 0.109375 0.453125 0.1078125
9 0.45625 0.3484375 0.4765625 0.346875 0.4828125 0.4125 0.4828125 0.428125 0.4625 0.4296875 0.45625 0.35
9 0.5 0.8453125 0.5203125 0.84375 0.5234375 0.89375 0.5265625 0.9125 0.5265625 0.915625 0.50625 0.9171875 0.5 0.846875
9 0.478125 0.596875 0.4984375 0.5953125 0.5046875 0.6625 0.5046875 0.678125 0.4953125 0.678125 0.49375 0.6671875 0.484375 0.66875 0.478125 0.5984375
0 0.566157083337458 0.18051830596373653 0.5860032672274146 0.16832553321803806 0.6040337064767949 0.13537870426209472 0.5900251890905202 0.09477846416189348 0.5467013320294546 0.07765589723280115 0.5268551481394981 0.08984866997849972 0.4853470357190087 0.09348015925965214 0.47587787993417435 0.10476505968506263 0.4438389232985192 0.09711164854080456 0.42399273940856264 0.10930442128650317 0.4032386831983178 0.11112016592707943 0.3919537827729075 0.10165101014224512 0.32969161414217335 0.1070982440639738 0.3107533025725048 0.12966804491479467 0.30309989142824684 0.1617070015504498 0.34823949312988867 0.19958362468978677 0.3897476055503781 0.19595213540863435 0.39921676133521233 0.1846672349832239 0.566157083337458 0.18051830596373653
0 0.41062866891700456 0.4346237818264485 0.4200978247018388 0.423338881401038 0.5342451338581846 0.4133522858778688 0.5455300342835951 0.4228214416627031 0.5974151748092068 0.41828208006126255 0.6249147698434214 0.37405035067990877 0.6230990252028452 0.3532962944696641 0.5892443239266139 0.3248888271151613 0.36094970561392214 0.3448620181614997 0.3411035217239655 0.35705479090719827 0.32398095479487327 0.40037864796826383 0.34655075564569415 0.41931695953793235 0.34745862796598226 0.4296939876430548 0.3691205564965151 0.43825527110760093 0.41062866891700456 0.4346237818264485
0 0.44188676038875335 0.6723875559239744 0.6088270823909989 0.668238626904487 0.6286732662809555 0.6560458541587885 0.6277653939606674 0.6456688260536662 0.646703705530336 0.6230990252028452 0.6336030604643492 0.5928758132077663 0.5893713310829956 0.5653762181735515 0.5695251471930389 0.5775689909192502 0.4761318942469378 0.5857398418018431 0.46666273846210365 0.5970247422272535 0.4450008099315707 0.5884634587627076 0.3723616131957143 0.5948185650047242 0.3439541458412116 0.6286732662809555 0.3579626632274863 0.6692735063811568 0.3805324640783073 0.6882118179508254 0.4324176046039191 0.6836724563493848 0.44188676038875335 0.6723875559239744
0 0.588200033337136 0.9105417626034535 0.6098619618676688 0.9191030460679996 0.619331117652503 0.9078181456425891 0.6400851738627478 0.9060024010020129 0.6581156131121281 0.8730555720460698 0.6553919961512638 0.8419244877307028 0.6111602667699101 0.8144248926964881 0.5904062105596654 0.8162406373370643 0.5809370547748312 0.8275255377624747 0.3837735207775065 0.8447751118479487 0.3648352092078381 0.8673449126987697 0.36846669848899044 0.908853025119259 0.41269842787034416 0.9363526201534735 0.4325446117603008 0.9241598474077751 0.588200033337136 0.9105417626034535