3 0.303125 0.5078125 0.3046875 0.509375 0.3046875 0.528125 0.309375 0.53125 0.309375 0.5359375 0.3140625 0.5375 0.3140625 0.540625 0.3171875 0.5421875 0.3171875 0.5515625 0.3234375 0.5546875 0.3234375 0.5578125 0.3265625 0.559375 0.3265625 0.56875 0.33125 0.5703125 0.3328125 0.58125 0.3359375 0.5828125 0.3375 0.5875 0.340625 0.5875 0.3453125 0.596875 0.3421875 0.6 0.3421875 0.6046875 0.3390625 0.6046875 0.3375 0.5984375 0.33125 0.5984375 0.325 0.5859375 0.321875 0.5875 0.321875 0.584375 0.31875 0.5828125 0.31875 0.578125 0.3140625 0.5765625 0.3125 0.5734375 0.3125 0.565625 0.309375 0.5640625 0.309375 0.5609375 0.3078125 0.559375 0.3015625 0.5609375 0.3015625 0.55625 0.296875 0.5546875 0.2953125 0.5515625 0.29375 0.509375 0.3015625 0.5078125
3 0.2359375 0.30625 0.2421875 0.30625 0.24375 0.3109375 0.246875 0.3125 0.246875 0.3296875 0.253125 0.3359375 0.253125 0.3515625 0.2546875 0.35625 0.2578125 0.3578125 0.2578125 0.3671875 0.2625 0.36875 0.2640625 0.3796875 0.2671875 0.38125 0.2671875 0.3859375 0.271875 0.3875 0.271875 0.390625 0.2671875 0.3921875 0.2671875 0.396875 0.2640625 0.390625 0.2578125 0.390625 0.2578125 0.3875 0.253125 0.3859375 0.253125 0.3828125 0.25 0.38125 0.2484375 0.3703125 0.24375 0.36875 0.24375 0.3546875 0.2390625 0.3515625 0.2390625 0.33125 0.2359375 0.3078125
1 0.440625 0.6515625 0.446875 0.6515625 0.446875 0.6546875 0.45 0.65625 0.453125 0.6625 0.459375 0.6625 0.459375 0.6671875 0.4609375 0.66875 0.4640625 0.6671875 0.4640625 0.671875 0.4765625 0.684375 0.4765625 0.6890625 0.48125 0.690625 0.48125 0.6953125 0.4828125 0.696875 0.4890625 0.6953125 0.4890625 0.7 0.4953125 0.70625 0.4984375 0.70625 0.4984375 0.7109375 0.5015625 0.7125 0.503125 0.725 0.5015625 0.728125 0.4984375 0.7234375 0.4921875 0.7234375 0.490625 0.7171875 0.4796875 0.71875 0.478125 0.7125 0.471875 0.7125 0.4703125 0.70625 0.4640625 0.70625 0.459375 0.7015625 0.459375 0.6921875 0.4546875 0.690625 0.4546875 0.6859375 0.4515625 0.684375 0.4484375 0.678125 0.4453125 0.678125 0.4453125 0.675 0.4421875 0.6734375 0.4421875 0.66875 0.440625 0.6671875 0.4375 0.66875 0.4375 0.6640625 0.4328125 0.659375 0.4328125 0.6578125 0.4375 0.6578125 0.440625 0.653125
1 0.3265625 0.4765625 0.3328125 0.4765625 0.334375 0.5046875 0.3390625 0.50625 0.340625 0.5125 0.34375 0.5125 0.34375 0.5203125 0.346875 0.521875 0.346875 0.5265625 0.353125 0.5296875 0.3578125 0.5390625 0.3609375 0.5390625 0.3609375 0.54375 0.3640625 0.5453125 0.365625 0.55 0.3625 0.5609375 0.35625 0.5609375 0.35625 0.553125 0.35 0.55 0.35 0.5390625 0.3453125 0.534375 0.3390625 0.534375 0.3390625 0.5296875 0.3328125 0.528125 0.3296875 0.5171875 0.325 0.515625 0.325 0.5078125 0.3203125 0.4984375 0.31875 0.484375 0.325 0.4828125 0.3265625 0.478125
1 0.2546875 0.2984375 0.2609375 0.2984375 0.2609375 0.303125 0.265625 0.3046875 0.2671875 0.315625 0.2703125 0.3171875 0.2703125 0.325 0.275 0.3265625 0.2765625 0.3375 0.2796875 0.3390625 0.2796875 0.3484375 0.2859375 0.3515625 0.2859375 0.3609375 0.2828125 0.3609375 0.28125 0.365625 0.278125 0.3609375 0.275 0.3609375 0.275 0.353125 0.2703125 0.3484375 0.2703125 0.340625 0.265625 0.3390625 0.265625 0.33125 0.2609375 0.3265625 0.2609375 0.3109375 0.2546875 0.3078125 0.2546875 0.3
9 0.2875 0.2796875 0.2890625 0.2890625 0.2921875 0.290625 0.29375 0.3125 0.2984375 0.3140625 0.2984375 0.3171875 0.3015625 0.31875 0.3015625 0.3234375 0.30625 0.325 0.3078125 0.3296875 0.3109375 0.33125 0.3109375 0.340625 0.3078125 0.3421875 0.3078125 0.346875 0.303125 0.3484375 0.3046875 0.353125 0.2984375 0.353125 0.296875 0.35 0.296875 0.3421875 0.29375 0.340625 0.29375 0.3296875 0.290625 0.325 0.2875 0.325 0.2875 0.315625 0.284375 0.3140625 0.2828125 0.296875 0.278125 0.2953125 0.2765625 0.2796875 0.2859375 0.2796875
9 0.4625 0.6140625 0.46875 0.615625 0.46875 0.61875 0.471875 0.6203125 0.471875 0.625 0.4765625 0.6265625 0.48125 0.6359375 0.4875 0.6359375 0.4890625 0.640625 0.49375 0.6421875 0.49375 0.646875 0.496875 0.6484375 0.4984375 0.653125 0.5015625 0.653125 0.503125 0.6484375 0.509375 0.646875 0.509375 0.65 0.5125 0.6515625 0.5125 0.65625 0.51875 0.6578125 0.51875 0.66875 0.521875 0.6703125 0.5234375 0.675 0.5265625 0.675 0.5265625 0.6796875 0.515625 0.6796875 0.5140625 0.6734375 0.50625 0.675 0.503125 0.6703125 0.5 0.6703125 0.4984375 0.6640625 0.4921875 0.6640625 0.4890625 0.6578125 0.4828125 0.6578125 0.4796875 0.65 0.475 0.6484375 0.471875 0.6375 0.465625 0.6359375 0.465625 0.6265625 0.4625 0.625 0.4625 0.615625
4 0.490625 0.5484375 0.490625 0.5515625 0.4953125 0.553125 0.4953125 0.5640625 0.4984375 0.565625 0.5015625 0.571875 0.503125 0.5703125 0.5078125 0.575 0.5078125 0.5796875 0.5125 0.58125 0.5125 0.5859375 0.515625 0.5875 0.51875 0.59375 0.521875 0.59375 0.521875 0.5984375 0.5234375 0.6 0.5296875 0.5984375 0.53125 0.603125 0.5375 0.603125 0.5390625 0.609375 0.5484375 0.609375 0.5546875 0.615625 0.5546875 0.6234375 0.55 0.625 0.546875 0.6203125 0.5359375 0.6203125 0.5359375 0.615625 0.5328125 0.6140625 0.5296875 0.6078125 0.525 0.609375 0.521875 0.603125 0.515625 0.603125 0.515625 0.6 0.5109375 0.5984375 0.50625 0.5875 0.5046875 0.5859375 0.503125 0.5875 0.5015625 0.5828125 0.4984375 0.58125 0.4984375 0.5765625 0.49375 0.575 0.49375 0.56875 0.4890625 0.5640625 0.4890625 0.559375 0.484375 0.5578125 0.484375 0.55 0.4796875 0.5453125 0.4796875 0.5375 0.4859375 0.5359375 0.4859375 0.5453125 0.4890625 0.5484375
4 0.3890625 0.3953125 0.390625 0.4109375 0.3953125 0.415625 0.3953125 0.4296875 0.4 0.43125 0.4046875 0.446875 0.409375 0.4484375 0.4125 0.45625 0.4171875 0.4578125 0.41875 0.4625 0.421875 0.4640625 0.421875 0.46875 0.4265625 0.4703125 0.4265625 0.478125 0.43125 0.48125 0.4296875 0.4859375 0.421875 0.4859375 0.421875 0.4828125 0.415625 0.4796875 0.415625 0.4765625 0.4125 0.475 0.4125 0.4703125 0.4109375 0.46875 0.4078125 0.4703125 0.403125 0.4546875 0.3984375 0.453125 0.3984375 0.4484375 0.3953125 0.446875 0.39375 0.4359375 0.3890625 0.434375 0.3890625 0.43125 0.3859375 0.4296875 0.3859375 0.4203125 0.38125 0.41875 0.3796875 0.415625 0.3796875 0.403125 0.3828125 0.403125 0.384375 0.396875 0.3875 0.3953125
4 0.30625 0.2484375 0.309375 0.2484375 0.309375 0.253125 0.3125 0.2546875 0.3140625 0.26875 0.31875 0.2703125 0.31875 0.28125 0.3234375 0.284375 0.3234375 0.2921875 0.328125 0.29375 0.328125 0.303125 0.3328125 0.30625 0.3328125 0.315625 0.3375 0.3171875 0.3375 0.3203125 0.340625 0.321875 0.3375 0.334375 0.334375 0.328125 0.328125 0.328125 0.3265625 0.3234375 0.3234375 0.321875 0.3234375 0.3125 0.31875 0.3109375 0.3171875 0.3 0.3140625 0.2984375 0.3140625 0.2890625 0.309375 0.2875 0.3078125 0.2828125 0.30625 0.25
0 0.46575289588379015 0.6262258488074064 0.4138671924897962 0.724201523391776 0.41161178671244814 0.7479461049175701 0.4253536514189048 0.7764687653661702 0.4261743158158945 0.7882048130162856 0.45078571983934373 0.804173967138081 0.4741661272673084 0.8025390497847031 0.4815492642114683 0.7961260535085194 0.49200847132996606 0.777704523356657 0.4973399472816518 0.7419514079551843 0.5209240994944903 0.6872317899507234 0.5662473303413138 0.6074051592926532 0.5676820717216721 0.5719245301167434 0.5492228080468984 0.5319383082435908 0.5328152053645989 0.5212922054957273 0.5055380633653068 0.5231996090746682 0.48502998132680614 0.5659106932034506 0.46575289588379015 0.6262258488074064
0 0.327723014464603 0.500253346274656 0.29080732974380286 0.5323183276555749 0.28424485719663256 0.5504673715818741 0.285886185990612 0.5739394668821053 0.2901932527604343 0.5795350044816001 0.2879378469830863 0.6032795860073943 0.29224491375290856 0.608875123606889 0.3039351174668909 0.6080576649302001 0.31254925100653547 0.6192487401291896 0.33592965843450007 0.6176138227758117 0.3433127953786601 0.611200826499628 0.36730727978999334 0.5623492323202248 0.38597028824964086 0.5492507535422942 0.4142718394307964 0.5059946969623857 0.4511875241515965 0.4739297155814669 0.45733966450027186 0.44991264783010976 0.4530325977304496 0.444317110230615 0.44667386996815306 0.4093814535058312 0.421652133746209 0.38754427555897797 0.4099619300322267 0.38836173423566694 0.327723014464603 0.500253346274656
0 0.31520646109613626 0.2652599070467814 0.30823365635047106 0.27754092714802303 0.2934673824621511 0.29036691970039047 0.2856739133194962 0.29091189215151647 0.271317971629671 0.30960590852894176 0.2596277679156887 0.31042336720563074 0.2561413655428561 0.3165638772562515 0.24096475945604118 0.32352184598356126 0.23091588453603826 0.3478113999604814 0.23214688113152282 0.36541547143565484 0.24978548040930687 0.3936656456586918 0.2692691532659441 0.39230321453087685 0.2905978997014344 0.36132817805221 0.2983913688440893 0.36078320560108396 0.32054077967656935 0.3415442167725326 0.3322309833905517 0.34072675809584363 0.3543803942230318 0.3214877692672924 0.3578667965958643 0.31534725921667156 0.35581513560339006 0.2860071400913826 0.34248360309542836 0.26335250346784045 0.3303830671829512 0.2583019383194717 0.3268966648101186 0.2644424483700924 0.31520646109613626 0.2652599070467814