9 0.15 0.3375 0.165625 0.3359375 0.165625 0.3390625 0.171875 0.3453125 0.175 0.3453125 0.175 0.35 0.178125 0.3515625 0.1796875 0.35625 0.18125 0.3578125 0.184375 0.35625 0.1859375 0.3609375 0.1953125 0.3671875 0.1953125 0.371875 0.196875 0.3734375 0.1984375 0.371875 0.1984375 0.3765625 0.203125 0.3796875 0.203125 0.3828125 0.2078125 0.384375 0.215625 0.39375 0.221875 0.4421875 0.2203125 0.4578125 0.2140625 0.459375 0.2140625 0.4546875 0.209375 0.453125 0.2046875 0.4078125 0.196875 0.4 0.196875 0.396875 0.1921875 0.3953125 0.1921875 0.3921875 0.184375 0.3859375 0.184375 0.38125 0.1796875 0.378125 0.1796875 0.375 0.175 0.3734375 0.175 0.3703125 0.16875 0.3640625 0.1640625 0.3640625 0.1625 0.3578125 0.15 0.359375 0.1484375 0.3546875 0.15 0.3390625
3 0.16875 0.3046875 0.1703125 0.309375 0.1765625 0.3109375 0.18125 0.315625 0.18125 0.31875 0.1859375 0.3203125 0.1859375 0.325 0.1921875 0.3265625 0.1953125 0.3328125 0.2046875 0.33125 0.2046875 0.334375 0.2125 0.3421875 0.2140625 0.3515625 0.2109375 0.353125 0.2109375 0.3578125 0.1984375 0.359375 0.1984375 0.35625 0.1921875 0.3546875 0.190625 0.35 0.1859375 0.3484375 0.184375 0.34375 0.1796875 0.34375 0.175 0.334375 0.1703125 0.3328125 0.16875 0.328125 0.15625 0.3296875 0.1546875 0.328125 0.153125 0.3078125 0.1671875 0.30625
9 0.3890625 0.44375 0.390625 0.45 0.396875 0.4484375 0.396875 0.453125 0.4015625 0.45625 0.40625 0.465625 0.4125 0.4640625 0.415625 0.4703125 0.4203125 0.4703125 0.4203125 0.4734375 0.4234375 0.475 0.4265625 0.48125 0.4328125 0.48125 0.4328125 0.484375 0.4359375 0.4859375 0.4390625 0.515625 0.44375 0.5203125 0.44375 0.525 0.4484375 0.5265625 0.453125 0.5328125 0.4546875 0.546875 0.4515625 0.5484375 0.4515625 0.5546875 0.4453125 0.5546875 0.4453125 0.55 0.4421875 0.5484375 0.4421875 0.5453125 0.4375 0.5421875 0.4359375 0.5375 0.4328125 0.5375 0.4328125 0.53125 0.428125 0.5265625 0.4265625 0.50625 0.425 0.5 0.421875 0.4984375 0.421875 0.49375 0.4125 0.4921875 0.4109375 0.4859375 0.40625 0.4875 0.40625 0.484375 0.4015625 0.48125 0.4 0.4765625 0.39375 0.478125 0.39375 0.4734375 0.390625 0.471875 0.3875 0.465625 0.371875 0.4671875 0.3703125 0.4515625 0.3734375 0.45 0.3734375 0.4453125 0.3875 0.44375
9 0.621875 0.575 0.6234375 0.58125 0.628125 0.58125 0.63125 0.5859375 0.634375 0.584375 0.6375 0.5859375 0.640625 0.59375 0.6453125 0.596875 0.6453125 0.60625 0.6515625 0.6125 0.6546875 0.6125 0.6546875 0.6171875 0.659375 0.6203125 0.659375 0.628125 0.6671875 0.634375 0.6703125 0.6578125 0.6671875 0.66875 0.6640625 0.6703125 0.6625 0.665625 0.6578125 0.6640625 0.65625 0.6484375 0.6515625 0.6453125 0.6515625 0.6375 0.64375 0.63125 0.64375 0.621875 0.6375 0.61875 0.6375 0.615625 0.634375 0.6140625 0.634375 0.6109375 0.6296875 0.6078125 0.628125 0.603125 0.621875 0.603125 0.6203125 0.5984375 0.6125 0.5984375 0.609375 0.5921875 0.5859375 0.5953125 0.5859375 0.590625 0.584375 0.5890625 0.5828125 0.590625 0.58125 0.584375 0.5828125 0.5734375 0.6125 0.5703125 0.615625 0.5765625 0.6203125 0.5765625
9 0.80625 0.71875 0.80625 0.721875 0.8140625 0.7296875 0.8140625 0.734375 0.8203125 0.740625 0.8234375 0.740625 0.8265625 0.7484375 0.83125 0.7515625 0.83125 0.75625 0.840625 0.7625 0.840625 0.765625 0.84375 0.7671875 0.84375 0.771875 0.8515625 0.7796875 0.85625 0.8125 0.85625 0.8171875 0.853125 0.81875 0.84375 0.81875 0.840625 0.7921875 0.8328125 0.7859375 0.8328125 0.78125 0.8296875 0.7796875 0.8296875 0.7765625 0.8234375 0.7734375 0.8234375 0.7703125 0.8203125 0.76875 0.8203125 0.7640625 0.8125 0.7625 0.8125 0.7546875 0.8078125 0.753125 0.8015625 0.740625 0.775 0.74375 0.7703125 0.7390625 0.771875 0.721875 0.8046875 0.71875
3 0.328125 0.4875 0.3640625 0.4828125 0.3671875 0.4890625 0.3734375 0.4875 0.3734375 0.490625 0.38125 0.4984375 0.38125 0.503125 0.3875 0.509375 0.390625 0.509375 0.390625 0.5125 0.39375 0.5140625 0.396875 0.5203125 0.4 0.51875 0.4015625 0.5234375 0.40625 0.525 0.40625 0.5296875 0.4171875 0.540625 0.41875 0.55625 0.425 0.559375 0.43125 0.6078125 0.4296875 0.615625 0.421875 0.615625 0.421875 0.6125 0.415625 0.60625 0.4125 0.60625 0.4125 0.596875 0.4078125 0.59375 0.4046875 0.559375 0.3953125 0.54375 0.390625 0.5421875 0.3890625 0.5375 0.3875 0.5390625 0.3875 0.534375 0.3796875 0.5328125 0.378125 0.5265625 0.371875 0.528125 0.371875 0.5234375 0.3671875 0.521875 0.3671875 0.5171875 0.365625 0.515625 0.359375 0.5171875 0.359375 0.5140625 0.353125 0.5125 0.35 0.50625 0.3265625 0.509375 0.325 0.49375 0.328125 0.4921875 0.328125 0.4890625
3 0.55625 0.6078125 0.5828125 0.6046875 0.5828125 0.6078125 0.5875 0.6109375 0.5890625 0.615625 0.5984375 0.615625 0.6 0.61875 0.6046875 0.61875 0.6078125 0.625 0.6125 0.6234375 0.6171875 0.6328125 0.625 0.640625 0.625 0.64375 0.63125 0.646875 0.634375 0.6546875 0.6421875 0.6609375 0.6421875 0.665625 0.646875 0.6671875 0.6484375 0.678125 0.6515625 0.6796875 0.653125 0.684375 0.6546875 0.696875 0.653125 0.7109375 0.6484375 0.7140625 0.6484375 0.71875 0.64375 0.71875 0.640625 0.7109375 0.634375 0.709375 0.6328125 0.6859375 0.6234375 0.671875 0.6234375 0.6640625 0.6171875 0.6578125 0.6140625 0.6578125 0.6125 0.653125 0.6078125 0.653125 0.6078125 0.6484375 0.603125 0.646875 0.6015625 0.640625 0.5953125 0.6421875 0.59375 0.6375 0.58125 0.6390625 0.578125 0.6328125 0.56875 0.634375 0.56875 0.6296875 0.565625 0.628125 0.5640625 0.6234375 0.5578125 0.621875 0.55625 0.609375
3 0.7609375 0.7546875 0.7625 0.759375 0.771875 0.759375 0.7734375 0.7640625 0.7828125 0.7640625 0.7859375 0.76875 0.790625 0.7671875 0.790625 0.771875 0.7984375 0.7734375 0.7984375 0.7765625 0.80625 0.784375 0.8078125 0.79375 0.809375 0.7953125 0.815625 0.79375 0.815625 0.7984375 0.8203125 0.803125 0.8203125 0.8109375 0.828125 0.8171875 0.8296875 0.8328125 0.834375 0.834375 0.8359375 0.84375 0.8390625 0.8453125 0.8421875 0.865625 0.8390625 0.86875 0.8390625 0.8734375 0.8328125 0.8734375 0.8328125 0.8703125 0.8296875 0.86875 0.828125 0.853125 0.8234375 0.8515625 0.8234375 0.8421875 0.8171875 0.8390625 0.8171875 0.828125 0.8125 0.8234375 0.8125 0.81875 0.8046875 0.8125 0.8046875 0.8078125 0.803125 0.80625 0.8 0.8078125 0.8 0.8046875 0.7953125 0.8015625 0.7953125 0.796875 0.7890625 0.790625 0.784375 0.7921875 0.78125 0.7859375 0.771875 0.7875 0.7703125 0.78125 0.7625 0.78125 0.759375 0.7765625 0.7484375 0.778125 0.746875 0.7734375 0.7375 0.7671875 0.740625 0.75625 0.759375 0.7546875
3 0.128125 0.3703125 0.1296875 0.375 0.1359375 0.3734375 0.1359375 0.378125 0.14375 0.3859375 0.1453125 0.3921875 0.1515625 0.390625 0.1546875 0.3953125 0.159375 0.3953125 0.1609375 0.4015625 0.1703125 0.4 0.1703125 0.403125 0.175 0.40625 0.178125 0.4140625 0.1828125 0.415625 0.184375 0.4265625 0.1921875 0.4328125 0.1921875 0.4421875 0.196875 0.44375 0.1984375 0.4609375 0.203125 0.4625 0.20625 0.4828125 0.2015625 0.4859375 0.2015625 0.4890625 0.1984375 0.484375 0.19375 0.484375 0.1921875 0.46875 0.1859375 0.4671875 0.184375 0.4515625 0.1765625 0.44375 0.1765625 0.4359375 0.1734375 0.434375 0.1703125 0.428125 0.1671875 0.428125 0.1671875 0.4234375 0.165625 0.421875 0.1609375 0.4234375 0.1578125 0.4171875 0.1484375 0.4171875 0.14375 0.4078125 0.1359375 0.4078125 0.1359375 0.4046875 0.1328125 0.403125 0.1328125 0.3984375 0.1265625 0.3921875 0.1140625 0.39375 0.1140625 0.3890625 0.1109375 0.3875 0.109375 0.3828125 0.109375 0.371875 0.1265625 0.3703125
2 0.1953125 0.278125 0.196875 0.284375 0.209375 0.2828125 0.2109375 0.2875 0.2171875 0.2875 0.2171875 0.290625 0.221875 0.2921875 0.221875 0.296875 0.228125 0.2984375 0.2296875 0.303125 0.234375 0.3078125 0.2375 0.3078125 0.2375 0.3109375 0.2421875 0.3140625 0.2421875 0.3234375 0.246875 0.3265625 0.253125 0.375 0.2484375 0.378125 0.24375 0.378125 0.2421875 0.3734375 0.2390625 0.371875 0.2359375 0.3390625 0.23125 0.3359375 0.23125 0.328125 0.2265625 0.325 0.2265625 0.321875 0.221875 0.3203125 0.221875 0.3171875 0.21875 0.315625 0.215625 0.309375 0.209375 0.309375 0.2078125 0.3046875 0.1953125 0.30625 0.19375 0.3015625 0.184375 0.3015625 0.184375 0.296875 0.1828125 0.2953125 0.1796875 0.296875 0.178125 0.28125 0.19375 0.278125
2 0.4171875 0.3859375 0.4203125 0.3921875 0.428125 0.3921875 0.4296875 0.3984375 0.4421875 0.396875 0.44375 0.4015625 0.4515625 0.4015625 0.453125 0.40625 0.45625 0.4046875 0.4578125 0.40625 0.459375 0.415625 0.4640625 0.4171875 0.4640625 0.421875 0.471875 0.4296875 0.4734375 0.44375 0.4765625 0.4453125 0.478125 0.4515625 0.48125 0.478125 0.4765625 0.478125 0.475 0.484375 0.471875 0.4796875 0.46875 0.4796875 0.465625 0.453125 0.4609375 0.4515625 0.4609375 0.4421875 0.453125 0.434375 0.453125 0.428125 0.45 0.4234375 0.44375 0.4234375 0.4421875 0.41875 0.4296875 0.4203125 0.4265625 0.4140625 0.41875 0.415625 0.415625 0.409375 0.403125 0.4109375 0.403125 0.4078125 0.3984375 0.403125 0.396875 0.3890625 0.415625 0.3875
2 0.6359375 0.496875 0.6375 0.503125 0.64375 0.5015625 0.646875 0.5078125 0.65625 0.5078125 0.6609375 0.5171875 0.6671875 0.5171875 0.6671875 0.5203125 0.671875 0.521875 0.671875 0.5265625 0.6796875 0.5328125 0.68125 0.5375 0.6875 0.5375 0.6890625 0.5484375 0.69375 0.553125 0.69375 0.559375 0.6953125 0.5609375 0.696875 0.559375 0.6984375 0.5703125 0.7015625 0.571875 0.703125 0.578125 0.703125 0.590625 0.70625 0.6046875 0.6984375 0.60625 0.69375 0.60625 0.6890625 0.6015625 0.6875 0.584375 0.690625 0.5828125 0.690625 0.5796875 0.6859375 0.5765625 0.6859375 0.56875 0.68125 0.565625 0.68125 0.55625 0.6734375 0.5546875 0.671875 0.546875 0.665625 0.5453125 0.659375 0.5328125 0.653125 0.534375 0.653125 0.53125 0.6484375 0.5296875 0.646875 0.5234375 0.6265625 0.5265625 0.6265625 0.5203125 0.625 0.515625 0.621875 0.5140625 0.6203125 0.5046875 0.6234375 0.503125 0.6234375 0.4984375 0.634375 0.496875
2 0.821875 0.6578125 0.825 0.6625 0.8328125 0.6609375 0.8359375 0.6671875 0.8453125 0.665625 0.846875 0.671875 0.8578125 0.671875 0.859375 0.6765625 0.8640625 0.6765625 0.8640625 0.68125 0.86875 0.684375 0.86875 0.690625 0.8734375 0.6921875 0.875 0.703125 0.8828125 0.709375 0.884375 0.7265625 0.8859375 0.728125 0.8875 0.7265625 0.890625 0.7484375 0.8875 0.75 0.884375 0.7609375 0.8828125 0.75625 0.878125 0.7546875 0.8765625 0.7359375 0.871875 0.73125 0.871875 0.7234375 0.8671875 0.7203125 0.8671875 0.7109375 0.8625 0.709375 0.8625 0.7015625 0.859375 0.6984375 0.8578125 0.7 0.8546875 0.69375 0.85 0.69375 0.8484375 0.6875 0.8359375 0.6890625 0.834375 0.6859375 0.828125 0.6859375 0.825 0.6796875 0.8125 0.68125 0.809375 0.659375 0.8203125 0.6578125
4 0 0.0703125 0.003125 0.071875 0.0046875 0.0765625 0.009375 0.0765625 0.0125 0.0828125 0.0140625 0.08125 0.0171875 0.0859375 0.021875 0.0859375 0.021875 0.09375 0.025 0.0984375 0.03125 0.096875 0.03125 0.1046875 0.0359375 0.1078125 0.0375 0.128125 0.0421875 0.13125 0.0421875 0.140625 0.046875 0.14375 0.0484375 0.1578125 0.0484375 0.1640625 0.0453125 0.165625 0.046875 0.1703125 0.04375 0.171875 0.0421875 0.1890625 0.0390625 0.1890625 0.0390625 0.184375 0.034375 0.1828125 0.034375 0.1796875 0.03125 0.178125 0.03125 0.171875 0.0265625 0.1671875 0.0265625 0.1625 0.01875 0.1609375 0.015625 0.15625 0.0109375 0.15625 0.0109375 0.153125 0.00625 0.1515625 0.00625 0.1484375 0.0015625 0.1453125 0 0.071875
4 0.190625 0.23125 0.2234375 0.228125 0.2234375 0.23125 0.2265625 0.2328125 0.2453125 0.2296875 0.2484375 0.2359375 0.253125 0.2359375 0.253125 0.2390625 0.2578125 0.240625 0.2578125 0.2453125 0.2625 0.246875 0.2625 0.2515625 0.26875 0.25625 0.271875 0.2625 0.275 0.2625 0.275 0.2671875 0.2828125 0.275 0.2828125 0.2828125 0.2875 0.284375 0.29375 0.334375 0.29375 0.3421875 0.2875 0.3421875 0.284375 0.3453125 0.2859375 0.3546875 0.2765625 0.3546875 0.271875 0.346875 0.2703125 0.3234375 0.2640625 0.321875 0.259375 0.30625 0.25625 0.3046875 0.25625 0.2984375 0.2515625 0.29375 0.2515625 0.2890625 0.246875 0.2875 0.2453125 0.2796875 0.2421875 0.278125 0.240625 0.2671875 0.2375 0.265625 0.2359375 0.25625 0.234375 0.2546875 0.228125 0.25625 0.2265625 0.25 0.196875 0.253125 0.1953125 0.2484375 0.1921875 0.246875 0.190625 0.2328125
4 0.4484375 0.325 0.4484375 0.3296875 0.45 0.33125 0.453125 0.3296875 0.453125 0.3328125 0.45625 0.334375 0.459375 0.340625 0.46875 0.3390625 0.46875 0.34375 0.471875 0.3453125 0.4734375 0.35 0.475 0.3515625 0.4796875 0.35 0.484375 0.3546875 0.484375 0.359375 0.4890625 0.3609375 0.4890625 0.365625 0.4921875 0.3671875 0.4921875 0.3703125 0.4984375 0.3734375 0.4984375 0.38125 0.50625 0.3890625 0.50625 0.396875 0.5109375 0.4 0.5140625 0.4265625 0.5078125 0.428125 0.509375 0.446875 0.496875 0.446875 0.496875 0.4375 0.4921875 0.4359375 0.4921875 0.425 0.490625 0.4203125 0.4859375 0.41875 0.484375 0.4078125 0.4828125 0.40625 0.48125 0.4078125 0.48125 0.403125 0.475 0.396875 0.471875 0.396875 0.471875 0.3921875 0.4640625 0.3859375 0.4640625 0.38125 0.45625 0.3796875 0.4515625 0.375 0.446875 0.3640625 0.4375 0.365625 0.434375 0.359375 0.425 0.3609375 0.4234375 0.35625 0.415625 0.35625 0.4140625 0.3515625 0.409375 0.3515625 0.409375 0.340625 0.4125 0.3390625 0.4140625 0.334375 0.43125 0.3328125 0.4328125 0.3265625 0.446875 0.325
4 0.6453125 0.4484375 0.6625 0.446875 0.6640625 0.4515625 0.66875 0.4515625 0.6734375 0.45625 0.675 0.4625 0.678125 0.4609375 0.684375 0.4734375 0.6890625 0.4734375 0.690625 0.4765625 0.6953125 0.478125 0.696875 0.4828125 0.7015625 0.4828125 0.70625 0.4921875 0.7109375 0.49375 0.7109375 0.4984375 0.71875 0.5046875 0.71875 0.5125 0.7234375 0.515625 0.725 0.53125 0.7296875 0.5328125 0.73125 0.5390625 0.73125 0.54375 0.7265625 0.5453125 0.73125 0.578125 0.71875 0.5796875 0.7125 0.534375 0.7015625 0.5234375 0.7015625 0.51875 0.696875 0.5171875 0.6921875 0.5078125 0.6890625 0.50625 0.6890625 0.503125 0.684375 0.5015625 0.684375 0.496875 0.6796875 0.4953125 0.6796875 0.4921875 0.675 0.4890625 0.6734375 0.484375 0.66875 0.484375 0.6671875 0.4796875 0.6546875 0.4796875 0.64375 0.48125 0.640625 0.4890625 0.628125 0.490625 0.6265625 0.4859375 0.6171875 0.4796875 0.615625 0.4625 0.61875 0.4609375 0.61875 0.4578125 0.64375 0.4546875 0.6453125 0.45
4 0.821875 0.6046875 0.8265625 0.6046875 0.828125 0.609375 0.8390625 0.609375 0.840625 0.6140625 0.8453125 0.6125 0.846875 0.61875 0.85625 0.6171875 0.8578125 0.621875 0.865625 0.6234375 0.8671875 0.628125 0.8796875 0.628125 0.88125 0.63125 0.890625 0.63125 0.890625 0.6359375 0.8921875 0.6375 0.8953125 0.6359375 0.8953125 0.640625 0.903125 0.6484375 0.903125 0.6546875 0.9078125 0.659375 0.9078125 0.6671875 0.9140625 0.6703125 0.9171875 0.69375 0.9171875 0.6984375 0.9140625 0.6984375 0.909375 0.70625 0.9109375 0.709375 0.8984375 0.7125 0.896875 0.703125 0.89375 0.7015625 0.8921875 0.684375 0.8875 0.68125 0.8875 0.6734375 0.8859375 0.671875 0.8828125 0.6734375 0.8828125 0.6703125 0.878125 0.6671875 0.878125 0.6625 0.875 0.6609375 0.875 0.6578125 0.871875 0.6546875 0.8625 0.65625 0.8625 0.653125 0.85625 0.6515625 0.8546875 0.646875 0.8484375 0.646875 0.8453125 0.640625 0.8359375 0.6421875 0.834375 0.6359375 0.8296875 0.6375 0.8265625 0.6328125 0.8203125 0.6328125 0.8203125 0.628125 0.8171875 0.6265625 0.815625 0.621875 0.815625 0.6109375 0.8203125 0.6109375 0.821875 0.60625
1 0.63125 0.5375 0.6328125 0.54375 0.6421875 0.54375 0.64375 0.55 0.65 0.5484375 0.6515625 0.5578125 0.6578125 0.559375 0.6578125 0.5625 0.6625 0.5640625 0.6640625 0.575 0.671875 0.58125 0.671875 0.590625 0.6765625 0.59375 0.6765625 0.603125 0.6828125 0.60625 0.6859375 0.6375 0.6734375 0.6390625 0.6703125 0.6109375 0.665625 0.609375 0.6640625 0.6 0.65625 0.5921875 0.65625 0.5828125 0.6515625 0.58125 0.6515625 0.578125 0.646875 0.5765625 0.6453125 0.571875 0.640625 0.571875 0.6375 0.565625 0.6328125 0.5671875 0.6296875 0.5609375 0.6 0.5640625 0.6 0.5609375 0.5953125 0.5578125 0.59375 0.5453125 0.5953125 0.5421875 0.6296875 0.5390625
1 0.8234375 0.6921875 0.825 0.6984375 0.8328125 0.6984375 0.8328125 0.7015625 0.8359375 0.703125 0.8359375 0.7078125 0.84375 0.7140625 0.84375 0.71875 0.8453125 0.7203125 0.8484375 0.71875 0.8484375 0.721875 0.853125 0.725 0.853125 0.734375 0.8578125 0.7359375 0.859375 0.759375 0.8640625 0.76875 0.86875 0.7703125 0.8703125 0.7734375 0.871875 0.7921875 0.8671875 0.79375 0.8671875 0.7984375 0.8625 0.79375 0.8625 0.7890625 0.85625 0.7828125 0.853125 0.7828125 0.853125 0.775 0.8484375 0.7703125 0.8453125 0.74375 0.8421875 0.7421875 0.8421875 0.7375 0.8375 0.7359375 0.8359375 0.73125 0.8328125 0.7328125 0.8328125 0.728125 0.825 0.7203125 0.825 0.715625 0.821875 0.7140625 0.79375 0.71875 0.7921875 0.7140625 0.784375 0.7140625 0.7828125 0.7015625 0.784375 0.696875 0.821875 0.6921875
1 0.40625 0.4171875 0.409375 0.4234375 0.4171875 0.4234375 0.4203125 0.434375 0.4265625 0.434375 0.428125 0.4390625 0.4328125 0.4375 0.434375 0.4421875 0.4390625 0.44375 0.4390625 0.4484375 0.446875 0.45625 0.446875 0.4640625 0.4484375 0.4703125 0.4515625 0.471875 0.453125 0.48125 0.4578125 0.4828125 0.4578125 0.4859375 0.4625 0.490625 0.4625 0.4984375 0.4671875 0.503125 0.46875 0.515625 0.465625 0.5171875 0.465625 0.521875 0.459375 0.5234375 0.459375 0.51875 0.4546875 0.515625 0.4546875 0.5125 0.4515625 0.5109375 0.4515625 0.5046875 0.446875 0.5 0.446875 0.4921875 0.440625 0.4890625 0.440625 0.484375 0.4328125 0.478125 0.4328125 0.475 0.4296875 0.4734375 0.4296875 0.46875 0.4234375 0.4671875 0.4234375 0.4625 0.421875 0.4609375 0.4203125 0.4625 0.41875 0.4578125 0.409375 0.4578125 0.40625 0.453125 0.4015625 0.453125 0.4 0.446875 0.39375 0.4484375 0.39375 0.44375 0.3890625 0.4421875 0.3890625 0.4390625 0.3859375 0.4375 0.384375 0.4265625 0.3875 0.425 0.3875 0.4203125 0.4046875 0.41875
1 0.16875 0.2984375 0.175 0.3109375 0.184375 0.309375 0.184375 0.3125 0.190625 0.3140625 0.19375 0.3203125 0.2 0.31875 0.2 0.3234375 0.2046875 0.3265625 0.2046875 0.3296875 0.20625 0.33125 0.2109375 0.3296875 0.2109375 0.3328125 0.215625 0.334375 0.215625 0.3375 0.2203125 0.340625 0.2203125 0.35 0.225 0.353125 0.2265625 0.3578125 0.2296875 0.3578125 0.23125 0.3671875 0.234375 0.36875 0.2375 0.3890625 0.2375 0.396875 0.234375 0.3984375 0.2359375 0.4015625 0.234375 0.403125 0.225 0.4015625 0.225 0.39375 0.2203125 0.3921875 0.21875 0.3890625 0.21875 0.378125 0.2140625 0.375 0.2140625 0.365625 0.20625 0.359375 0.20625 0.3546875 0.2 0.3515625 0.1953125 0.3421875 0.190625 0.3421875 0.1890625 0.3375 0.184375 0.3359375 0.1828125 0.3328125 0.1640625 0.334375 0.1640625 0.33125 0.159375 0.328125 0.1578125 0.315625 0.1578125 0.30625 0.1609375 0.3046875 0.159375 0.3 0.1671875 0.3
0 0.5099475726221907 0.3209827401119731 0.4889782877283599 0.32355744455011004 0.47705988830020757 0.313167783220457 0.442111080143823 0.3174589572840186 0.42051442839682773 0.3438168062259545 0.37122726503708736 0.46247254825321893 0.3363679685181569 0.4963853735949401 0.31969995456803724 0.5339911186792413 0.32050634469610984 0.5694512767317619 0.3303636202898608 0.5919470690164925 0.3346648912335719 0.6269781096626568 0.3514224168211457 0.6189940158565153 0.3710474563711935 0.6343639491478166 0.39900650289630113 0.6309310098969675 0.42687603778395466 0.5978764193679584 0.4525054255622985 0.5176846572377076 0.4622731895185955 0.5105587982442784 0.4817192057937351 0.4666854289792604 0.5075276168469871 0.4457369694053289 0.521417628472087 0.4143988485017446 0.5198943598533957 0.3731001836748634 0.5086033272784077 0.3389273778414114 0.5099475726221907 0.3209827401119731
0 0.2844833968902759 0.2182826354574065 0.21942490673692805 0.20849122844873516 0.19711137649931448 0.2290105706163103 0.17703799337101042 0.29666708438512746 0.145046210814554 0.3539339368242916 0.1129649166206435 0.38157913798529597 0.09835802650492531 0.40707875211451955 0.09145777651110246 0.43755863820539176 0.09504216896419504 0.46675117207719535 0.10418256606732756 0.4834084575875651 0.10498895619540016 0.5188686156400856 0.1126955963172956 0.5238488876017339 0.12174648178297383 0.5108845218339442 0.15606792308619397 0.5303764922741815 0.18259321263006478 0.5152665394746109 0.21449548354906703 0.428378035757287 0.2924585719245337 0.3121278612535341 0.29658081959333654 0.28791559934337896 0.28457290852773004 0.24790428673556622 0.2844833968902759 0.2182826354574065
0 0.7263608628884272 0.43664721053432964 0.7061084564852149 0.4450604217468272 0.6829885361195286 0.430119605861882 0.6620192512256978 0.43269431030001887 0.6369277186630642 0.45948127664831107 0.6168543355347602 0.5271377904171282 0.5883574337939422 0.5839755254499361 0.5562761396000317 0.6116207266109406 0.5368301233248922 0.6554940958759585 0.5369196349623462 0.6851157471541183 0.5531393053342096 0.7305364491299355 0.5510781814998084 0.7426425800850133 0.5762592256998961 0.7454772650148809 0.5881776251280485 0.7558669263445338 0.6196315524687945 0.7520048696873285 0.6467842088658295 0.7131117723839587 0.6724135966441736 0.6329200102537079 0.6953544937349516 0.5886175235823337 0.7121120193225253 0.5806334297761923 0.7302137902538821 0.5547046982406123 0.7378309187383234 0.5300633189241011 0.7363076501196322 0.48876465409722 0.7271672530164996 0.47210736858685004 0.7235828605634071 0.44291483471504645 0.7263608628884272 0.43664721053432964
0 0.9044199758200946 0.5866536237047635 0.8540578874199192 0.5809842538450283 0.8219765932260085 0.6086294550060326 0.7963472054476648 0.6888212171362834 0.7650723013818269 0.7519265763498083 0.7392638903285748 0.7728750359237397 0.7253738787034751 0.8042131568273241 0.7212516310346723 0.8284254187374792 0.7347828107189699 0.9097353961721734 0.7459843316565038 0.9142865507274653 0.7543183386315635 0.8954836781853146 0.7613081002628406 0.8946254433726024 0.7809331398128883 0.909995376663904 0.8019024247067191 0.907420672225767 0.8242159549443328 0.8869013300581916 0.8672302351634148 0.7749423296180004 0.9180406671418464 0.697585252417617 0.9249409171356693 0.6671053663267451 0.9227902816638137 0.649589846003663 0.9030757304763117 0.6045982614342018 0.9044199758200946 0.5866536237047635
0 0.9871311079355574 0.8846774496888908 0.9815751032855176 0.8972126980503246 0.9745853416542406 0.8980709328630369 0.9690293370042007 0.9106061812244708 0.965534456188562 0.9110352986308268 0.9516444445634626 0.942373419534411 0.9511963627822014 0.9483549654442239 1 0.942362632277972 1 0.8735558695457597 0.9941208695668344 0.8838192148761784 0.9871311079355574 0.8846774496888908
0 0.013854305467423412 0.21002601091994907 0.019410310117463365 0.1974907625585153 0.026400071748740254 0.19663252774580306 0.041723840355076945 0.1769714203909402 0.05839185430519671 0.13936567530663896 0.05337370487086711 0.09849612788611388 0.04916194556461011 0.09308673851810942 0.047011310092754555 0.07557121819502725 0.05534531706781444 0.05676834565287656 0.054628438577195924 0.05092983887851581 0 0.0576373677220281 0 0.2243817417619717 0.006864543836146431 0.2108842457326614 0.013854305467423412 0.21002601091994907