0 0.02265625 0.4921875 0.0453125 0.365625
9 0.75 0.496875 0.8421875 0.4953125 0.8453125 0.5046875 0.884375 0.503125 0.8875 0.5140625 0.896875 0.5140625 0.896875 0.54375 0.8359375 0.5453125 0.834375 0.534375 0.7515625 0.5359375 0.7515625 0.528125 0.7421875 0.5265625 0.7421875 0.50625 0.7484375 0.50625 0.7515625 0.503125 0.75 0.4984375
6 0.4796875 0.5109375 0.4796875 0.5203125 0.490625 0.521875 0.490625 0.5515625 0.48125 0.5515625 0.4796875 0.5625 0.4140625 0.5625 0.4125 0.5640625 0.3765625 0.5640625 0.375 0.553125 0.3453125 0.553125 0.3453125 0.5234375 0.3546875 0.5234375 0.35625 0.5125 0.478125 0.5109375
8 0.1375 0.5171875 0.1421875 0.515625 0.28125 0.5140625 0.28125 0.5546875 0.2421875 0.5546875 0.240625 0.565625 0.2328125 0.5671875 0.2296875 0.55625 0.1453125 0.55625 0.1375 0.5578125 0.1375 0.51875
12 0.21875 0.578125 0.21875 0.5859375 0.221875 0.5890625 0.2921875 0.5875 0.29375 0.5921875 0.29375 0.6171875 0.284375 0.6171875 0.2828125 0.628125 0.2359375 0.628125 0.234375 0.6296875 0.1703125 0.6296875 0.16875 0.61875 0.1390625 0.6203125 0.1375 0.590625 0.146875 0.5890625 0.15 0.578125 0.2171875 0.578125
3 0.509375 0.3640625 0.675 0.3625 0.6765625 0.371875 0.6953125 0.371875 0.6953125 0.4015625 0.6875 0.4015625 0.684375 0.4046875 0.6859375 0.4109375 0.6796875 0.4125 0.5421875 0.4140625 0.5390625 0.4046875 0.509375 0.4046875 0.509375 0.3953125 0.4984375 0.39375 0.4984375 0.3765625 0.5078125 0.375 0.509375 0.365625
4 0.5328125 0.571875 0.6671875 0.5703125 0.6671875 0.5859375 0.66875 0.5875 0.66875 0.5984375 0.6578125 0.6015625 0.6578125 0.6109375 0.534375 0.6125 0.534375 0.5953125 0.53125 0.5921875 0.5234375 0.590625 0.5234375 0.584375 0.5328125 0.58125 0.5328125 0.5734375
4 0.7625 0.56875 0.7921875 0.5671875 0.79375 0.578125 0.8859375 0.5765625 0.8875 0.5859375 0.8875 0.60625 0.7953125 0.6078125 0.79375 0.61875 0.775 0.61875 0.775 0.6109375 0.771875 0.6078125 0.7703125 0.609375 0.753125 0.609375 0.7515625 0.5796875 0.7609375 0.5796875 0.7625 0.5703125
4 0.20078125 0.41015625 0.134375 0.0328125
3 0.40546875 0.6125 0.1234375 0.028125
1 0.1953125 0.48203125 0.1046875 0.0296875
0 0.7842976945693373 0.6721478733734583 0.8259580152008537 0.6714206897719048 0.867072948131205 0.639448265696714 0.8528401540651702 0.42091337828164194 0.8630734383226608 0.41031650222337435 0.8621644588207189 0.358241101433979 0.8303738306459165 0.3275412486615069 0.8095436703301584 0.32790484046228363 0.7989467942718911 0.31767155620479287 0.7576500654411513 0.3392289001221046 0.747598577084049 0.3602408563382511 0.7618313711500838 0.5787757437533234 0.7515980868925931 0.5893726198115907 0.752507066394535 0.641448020600986 0.7842976945693373 0.6721478733734583
0 0.5445690550377302 0.6659140989245117 0.5655810112538767 0.675965587281614 0.6072413318853931 0.6752384036800605 0.6483562648157443 0.6432659796048699 0.647265489413414 0.5807754986575955 0.6366686133551467 0.5705422144001047 0.6361232256539815 0.5392969739264675 0.6463565099114722 0.5287000978682 0.6447203468079769 0.43496437644728836 0.6549536310654676 0.42436750038902094 0.6536810597627489 0.3514619392838674 0.6432659796048699 0.35164373518425573 0.6010602712721885 0.3211256783121719 0.5493484622835699 0.342864818129872 0.5392969739264675 0.36387677434601856 0.5518936048890071 0.4886759403401791 0.5416603206315164 0.49927281639844656 0.542932891934235 0.5721783775036 0.5326996076767442 0.5827752535618675 0.5339721789794627 0.655680814667021 0.5445690550377302 0.6659140989245117
0 0.37810956841205334 0.6792379134886046 0.43018496920144883 0.6783289339866629 0.4608848219739209 0.6465383058118604 0.45979404657159073 0.5840478248645861 0.4491971705133233 0.5738145406070954 0.44665202790788605 0.42800341839678835 0.4559763326634349 0.36533114154912544 0.4451976607047792 0.3446827771337557 0.4031737482724861 0.3245798004195509 0.3616952235413581 0.3357220641789836 0.34122865502637667 0.3569158162955184 0.35546144909241156 0.5754507037105906 0.3452281648349208 0.5860475797688581 0.346318940237251 0.6485380607161325 0.37810956841205334 0.6792379134886046
0 0.13819913298005795 0.6625890588817791 0.15939288509659277 0.6830556273967605 0.22188336604386721 0.6819648519944302 0.24253173045923707 0.6711861800357743 0.2525832188163394 0.6501742238196279 0.2487655049081836 0.43145754050416735 0.2589987891656743 0.42086066444589976 0.25845340146450924 0.38961542397226256 0.21588410133105101 0.33826720678442074 0.19487214511490453 0.3282157184273184 0.15357541628416493 0.34977306234463007 0.13329064366957194 0.38138189461904404 0.13401782727112543 0.4230422152505603 0.14461470332939283 0.433275499508051 0.1473416418352184 0.5895017018762372 0.12705686922062537 0.6211105341506511 0.1274204610214021 0.6419406944664092 0.13819913298005795 0.6625890588817791
0 0.9569909556439609 0.4190954192777582 0.9675878317022283 0.42932870353524893 0.967951423503005 0.45015886385100706 0.9578999351459027 0.4711708200671535 0.9690421989053352 0.5126493447982815 0.9588089146478446 0.5232462208565489 0.9597178941497863 0.5753216216459444 0.9494846098922958 0.5859184977042118 0.9503935893942377 0.6379938984936071 0.9927810936273073 0.6789270355235699 1 0.6788010290441239 1 0.4956365661046213 0.9970757118054445 0.3281042076412527 0.9763667487566119 0.33541118621394883 0.9559001802416306 0.35660493833048373 0.9569909556439609 0.4190954192777582