0 0.49609375 0.63671875 0.0984375 0.07109375
0 0.50390625 0.78671875 0.10546875 0.0765625
0 0.49609375 0.16640625 0.15625 0.09296875
0 0.5015625 0.30078125 0.1234375 0.0765625
1 0.484375 0.1265625 0.496875 0.1265625 0.496875 0.2125 0.49375 0.2140625 0.49375 0.2171875 0.4875 0.2171875 0.4875 0.2140625 0.484375 0.2125 0.484375 0.128125
1 0.5171875 0.1203125 0.5265625 0.1203125 0.5265625 0.2125 0.5234375 0.2140625 0.5234375 0.2171875 0.5140625 0.2171875 0.5140625 0.1265625 0.5171875 0.125 0.5171875 0.121875
1 0.525 0.2625 0.534375 0.2625 0.534375 0.34375 0.525 0.34375 0.525 0.334375 0.5203125 0.3328125 0.5203125 0.26875 0.5234375 0.26875 0.525 0.2640625
4 0.4484375 0.1265625 0.4609375 0.1265625 0.4609375 0.2171875 0.4578125 0.21875 0.4578125 0.2234375 0.4515625 0.2234375 0.4515625 0.21875 0.4484375 0.2171875 0.4484375 0.128125
7 0.48125 0.2578125 0.4859375 0.2625 0.4859375 0.3375 0.4828125 0.3390625 0.4828125 0.34375 0.48125 0.34375 0.48125 0.3390625 0.4765625 0.3375 0.4765625 0.334375 0.4734375 0.3328125 0.4734375 0.26875 0.4765625 0.2671875 0.4765625 0.2625 0.4796875 0.2625 0.48125 0.259375
7 0.50625 0.2578125 0.5125 0.2578125 0.5125 0.2609375 0.515625 0.2625 0.515625 0.2890625 0.5125 0.290625 0.5125 0.321875 0.515625 0.3234375 0.515625 0.3375 0.5125 0.3390625 0.5125 0.34375 0.503125 0.34375 0.503125 0.328125 0.4984375 0.3265625 0.4984375 0.284375 0.503125 0.2828125 0.503125 0.2625 0.50625 0.259375
1 0.4953125 0.7546875 0.5015625 0.7546875 0.5015625 0.759375 0.5046875 0.7609375 0.5046875 0.8140625 0.5015625 0.815625 0.5015625 0.81875 0.4953125 0.81875 0.4953125 0.75625
1 0.4921875 0.61875 0.496875 0.61875 0.496875 0.665625 0.4921875 0.665625 0.4921875 0.6203125
3 0.5421875 0.1265625 0.5484375 0.1265625 0.5484375 0.2125 0.5421875 0.2125 0.5421875 0.128125
9 0.5140625 0.7546875 0.51875 0.7546875 0.51875 0.81875 0.5140625 0.81875 0.5140625 0.75625
4 0.4734375 0.7609375 0.4796875 0.7609375 0.4796875 0.796875 0.475 0.7984375 0.475 0.81875 0.4703125 0.81875 0.4703125 0.809375 0.465625 0.8078125 0.465625 0.7765625 0.4703125 0.775 0.4703125 0.765625 0.4734375 0.7625
9 0.5421875 0.2625 0.5515625 0.2625 0.5515625 0.271875 0.55625 0.2734375 0.55625 0.3265625 0.5515625 0.328125 0.5515625 0.3328125 0.5453125 0.3390625 0.5453125 0.34375 0.5421875 0.34375 0.5421875 0.3390625 0.5390625 0.3375 0.5390625 0.26875 0.5421875 0.2671875 0.5421875 0.2640625
8 0.484375 0.7546875 0.490625 0.7546875 0.490625 0.759375 0.49375 0.7609375 0.49375 0.775 0.490625 0.7765625 0.490625 0.78125 0.49375 0.7828125 0.49375 0.825 0.484375 0.825 0.484375 0.75625
2 0.4765625 0.6125 0.4796875 0.6125 0.4796875 0.6171875 0.4828125 0.61875 0.4828125 0.671875 0.4765625 0.671875 0.4765625 0.6671875 0.4734375 0.665625 0.4734375 0.6234375 0.4765625 0.621875 0.4765625 0.6140625