3 0.440625 0.7765625 0.45 0.7828125 0.45 0.7890625 0.446875 0.7921875 0.409375 0.7953125 0.3953125 0.809375 0.38125 0.809375 0.375 0.8125 0.36875 0.8125 0.35 0.8359375 0.34375 0.846875 0.3421875 0.8578125 0.3359375 0.8640625 0.3296875 0.8640625 0.325 0.859375 0.3234375 0.846875 0.3265625 0.8390625 0.3265625 0.828125 0.33125 0.821875 0.33125 0.8171875 0.34375 0.8078125 0.346875 0.8 0.3578125 0.7984375 0.3625 0.79375 0.3703125 0.790625 0.378125 0.7828125 0.3953125 0.778125 0.4390625 0.7765625
3 0.521875 0.61171875 0.1234375 0.0875
3 0.6640625 0.371875 0.6875 0.3609375 0.715625 0.3609375 0.71875 0.3640625 0.71875 0.3734375 0.7125 0.378125 0.6921875 0.378125 0.6796875 0.3828125 0.671875 0.3890625 0.6609375 0.3921875 0.6484375 0.403125 0.640625 0.40625 0.6234375 0.425 0.6171875 0.4359375 0.6171875 0.44375 0.6140625 0.45 0.60625 0.4515625 0.6015625 0.446875 0.6015625 0.43125 0.6078125 0.4171875 0.6171875 0.4046875 0.6453125 0.3828125 0.6640625 0.3734375
3 0.83671875 0.24375 0.1171875 0.0984375
9 0.428125 0.615625 0.425 0.609375 0.425 0.6015625 0.440625 0.571875 0.45625 0.565625 0.46875 0.553125 0.4796875 0.5484375 0.490625 0.5484375 0.50625 0.5421875 0.5234375 0.5421875 0.528125 0.546875 0.528125 0.5546875 0.525 0.5578125 0.5109375 0.5578125 0.4953125 0.5640625 0.48125 0.565625 0.471875 0.575 0.453125 0.584375 0.45 0.5875 0.446875 0.5984375 0.4421875 0.603125 0.440625 0.6125 0.434375 0.6171875 0.4296875 0.615625
9 0.6625 0.3375 0.6671875 0.3453125 0.6625 0.353125 0.64375 0.3609375 0.63125 0.3609375 0.6125 0.36875 0.590625 0.390625 0.5859375 0.4 0.5859375 0.409375 0.58125 0.4140625 0.575 0.4140625 0.5703125 0.409375 0.5703125 0.39375 0.578125 0.3796875 0.5921875 0.3625 0.5953125 0.3625 0.6046875 0.3546875 0.621875 0.346875 0.64375 0.34375 0.6578125 0.3359375 0.6609375 0.3375
9 0.8359375 0.171875 0.8390625 0.175 0.8390625 0.1828125 0.8359375 0.1859375 0.8203125 0.1875 0.8046875 0.196875 0.79375 0.1984375 0.7828125 0.209375 0.76875 0.2171875 0.76875 0.221875 0.7625 0.2296875 0.7625 0.246875 0.7578125 0.253125 0.746875 0.2515625 0.74375 0.2453125 0.7453125 0.221875 0.753125 0.2140625 0.753125 0.209375 0.75625 0.2046875 0.7734375 0.1953125 0.7859375 0.1828125 0.7984375 0.18125 0.8140625 0.171875 0.825 0.1703125 0.834375 0.171875
9 0.384375 0.753125 0.3890625 0.75625 0.3875 0.7671875 0.3671875 0.76875 0.3609375 0.775 0.3484375 0.7796875 0.3359375 0.78125 0.3265625 0.7921875 0.3203125 0.7921875 0.3171875 0.7953125 0.309375 0.809375 0.309375 0.8140625 0.3046875 0.81875 0.296875 0.81875 0.2921875 0.809375 0.30625 0.7796875 0.315625 0.76875 0.3375 0.7625 0.35625 0.753125 0.3828125 0.753125
1 0.2890625 0.753125 0.29375 0.7515625 0.3015625 0.7421875 0.30625 0.740625 0.3203125 0.7375 0.3390625 0.7375 0.346875 0.7328125 0.3578125 0.734375 0.3578125 0.740625 0.3453125 0.7453125 0.34375 0.7484375 0.321875 0.7546875 0.31875 0.753125 0.3 0.7640625 0.28125 0.784375 0.278125 0.790625 0.278125 0.8015625 0.2734375 0.80625 0.26875 0.803125 0.2625 0.7921875 0.2640625 0.771875 0.26875 0.7703125 0.275 0.7625 0.2796875 0.7625 0.2890625 0.7546875
1 0.4953125 0.525 0.50625 0.5265625 0.509375 0.5296875 0.50625 0.5359375 0.4859375 0.5359375 0.471875 0.540625 0.459375 0.540625 0.440625 0.55 0.43125 0.559375 0.428125 0.559375 0.425 0.5671875 0.4140625 0.5796875 0.4140625 0.590625 0.4109375 0.59375 0.4078125 0.59375 0.403125 0.5890625 0.4046875 0.5703125 0.40625 0.565625 0.415625 0.5578125 0.415625 0.5546875 0.4265625 0.54375 0.453125 0.5265625 0.49375 0.525
1 0.640625 0.321875 0.6453125 0.3265625 0.6421875 0.33125 0.628125 0.33125 0.6078125 0.3359375 0.584375 0.346875 0.5734375 0.3546875 0.5609375 0.371875 0.5546875 0.3953125 0.55 0.3953125 0.546875 0.390625 0.546875 0.36875 0.5515625 0.3578125 0.5703125 0.340625 0.571875 0.3359375 0.584375 0.3296875 0.59375 0.328125 0.609375 0.31875 0.6390625 0.321875
1 0.7625 0.19609375 0.090625 0.075
4 0.2796875 0.6734375 0.3 0.68125 0.303125 0.684375 0.303125 0.6921875 0.296875 0.696875 0.2828125 0.6953125 0.2703125 0.696875 0.2640625 0.7015625 0.25 0.703125 0.2359375 0.715625 0.2296875 0.725 0.2125 0.7375 0.20625 0.746875 0.20625 0.7625 0.203125 0.765625 0.19375 0.765625 0.1890625 0.75625 0.178125 0.7484375 0.178125 0.7390625 0.19375 0.70625 0.2109375 0.6921875 0.2328125 0.68125 0.240625 0.68125 0.246875 0.6765625 0.25625 0.6765625 0.26875 0.671875 0.278125 0.6734375
4 0.425 0.4640625 0.4359375 0.471875 0.4359375 0.478125 0.4328125 0.48125 0.421875 0.4875 0.396875 0.490625 0.3890625 0.4953125 0.3828125 0.4953125 0.3765625 0.5015625 0.371875 0.5015625 0.365625 0.5078125 0.3609375 0.5171875 0.3453125 0.5265625 0.3359375 0.5421875 0.3359375 0.55 0.3328125 0.5546875 0.3265625 0.5546875 0.325 0.55 0.3171875 0.5453125 0.3140625 0.5390625 0.315625 0.5234375 0.33125 0.4984375 0.33125 0.4953125 0.3421875 0.4859375 0.3515625 0.484375 0.3671875 0.475 0.3734375 0.46875 0.384375 0.4671875 0.4 0.4609375 0.415625 0.459375 0.41875 0.459375 0.4234375 0.4640625
4 0.5703125 0.2625 0.575 0.265625 0.5796875 0.275 0.590625 0.284375 0.590625 0.2890625 0.5890625 0.290625 0.565625 0.2890625 0.5390625 0.2921875 0.525 0.303125 0.5046875 0.3109375 0.4953125 0.3171875 0.484375 0.3296875 0.4828125 0.3578125 0.4796875 0.3609375 0.475 0.3609375 0.471875 0.3546875 0.4578125 0.3515625 0.4546875 0.346875 0.4546875 0.3328125 0.4578125 0.3234375 0.4703125 0.303125 0.4859375 0.2890625 0.50625 0.2796875 0.5171875 0.271875 0.5375 0.2671875 0.553125 0.2671875 0.56875 0.2625
4 0.734375 0.1015625 0.74375 0.1109375 0.75625 0.1125 0.7578125 0.115625 0.75625 0.1203125 0.721875 0.1203125 0.7203125 0.1234375 0.7125 0.125 0.6984375 0.1328125 0.69375 0.1328125 0.6796875 0.1421875 0.6671875 0.1578125 0.665625 0.16875 0.6609375 0.178125 0.6609375 0.184375 0.653125 0.2 0.646875 0.196875 0.6453125 0.1890625 0.640625 0.190625 0.6328125 0.1828125 0.634375 0.178125 0.6328125 0.1703125 0.6421875 0.1546875 0.6484375 0.1515625 0.653125 0.1390625 0.6796875 0.1125 0.69375 0.103125 0.7109375 0.1 0.73125 0.1 0.7328125 0.1015625
4 0.090625 0.8890625 0.0953125 0.8953125 0.1109375 0.896875 0.1125 0.9015625 0.1203125 0.90625 0.1203125 0.9109375 0.0859375 0.915625 0.08125 0.91875 0.0765625 0.91875 0.0625 0.93125 0.0421875 0.9375 0.0359375 0.946875 0.0359375 0.95625 0.0296875 0.9703125 0.0296875 0.9765625 0.025 0.9796875 0.0234375 0.978125 0.0171875 0.9796875 0.0109375 0.9734375 0.00625 0.971875 0.0046875 0.9703125 0.00625 0.9609375 0 0.9578125 0 0.9484375 0.003125 0.946875 0.0109375 0.9265625 0.015625 0.921875 0.01875 0.9140625 0.028125 0.9046875 0.034375 0.9015625 0.071875 0.896875 0.0796875 0.890625 0.0890625 0.8890625
8 0.6 0.30625 0.6015625 0.3125 0.5953125 0.315625 0.575 0.3203125 0.5484375 0.33125 0.53125 0.3546875 0.525 0.3734375 0.5203125 0.3734375 0.5140625 0.3625 0.5140625 0.3515625 0.5171875 0.3421875 0.5234375 0.334375 0.55 0.3125 0.5828125 0.3046875 0.5984375 0.30625
8 0.253125 0.7359375 0.25625 0.7375 0.271875 0.7234375 0.290625 0.7171875 0.321875 0.715625 0.325 0.7203125 0.325 0.7234375 0.321875 0.725 0.315625 0.725 0.2703125 0.7421875 0.2546875 0.7671875 0.2515625 0.778125 0.2484375 0.7796875 0.2421875 0.7796875 0.234375 0.775 0.2328125 0.7640625 0.240625 0.746875 0.2484375 0.7390625 0.253125 0.7375
8 0.140625 0.9375 0.1421875 0.9390625 0.140625 0.9453125 0.1234375 0.9484375 0.0921875 0.959375 0.08125 0.959375 0.078125 0.9625 0.0796875 0.965625 0.078125 0.9734375 0.0703125 0.98125 0.0640625 0.99375 0.059375 0.9984375 0.0546875 0.9984375 0.053125 0.9953125 0.05 0.9953125 0.0453125 0.9875 0.0453125 0.9796875 0.0484375 0.9734375 0.059375 0.9609375 0.065625 0.9578125 0.0734375 0.9578125 0.075 0.9515625 0.08125 0.946875 0.103125 0.9375 0.1109375 0.9359375 0.1375 0.9359375 0.1390625 0.9375
8 0.4640625 0.509375 0.465625 0.5125 0.4640625 0.515625 0.4390625 0.5203125 0.4234375 0.528125 0.40625 0.5328125 0.403125 0.540625 0.3890625 0.55625 0.3859375 0.5640625 0.3859375 0.5734375 0.3796875 0.5734375 0.36875 0.56875 0.3671875 0.559375 0.3734375 0.540625 0.3921875 0.528125 0.3953125 0.528125 0.396875 0.53125 0.3984375 0.5296875 0.396875 0.525 0.4125 0.5125 0.4390625 0.50625 0.459375 0.50625 0.4625 0.509375
8 0.7734375 0.140625 0.7796875 0.1453125 0.7796875 0.1484375 0.7609375 0.1515625 0.74375 0.1578125 0.73125 0.165625 0.715625 0.1671875 0.7125 0.1671875 0.7078125 0.1625 0.7078125 0.159375 0.728125 0.1453125 0.740625 0.140625 0.753125 0.1390625 0.771875 0.140625
1 0.16875 0.95625 0.171875 0.9609375 0.16875 0.965625 0.1546875 0.96875 0.1421875 0.96875 0.13125 0.98125 0.1171875 0.9828125 0.1125 0.9890625 0.10625 0.9921875 0.1046875 0.9984375 0.078125 0.9984375 0.0765625 0.99375 0.078125 0.984375 0.0859375 0.978125 0.0921875 0.9765625 0.0984375 0.96875 0.1078125 0.9671875 0.13125 0.9546875 0.1671875 0.95625
0 0.17246835443037972 0.7373417721518987 0.19620253164556964 0.7674050632911392 0.2436708860759494 0.7848101265822784 0.30537974683544306 0.8291139240506329 0.32911392405063294 0.8639240506329113 0.3528481012658228 0.8813291139240507 0.3860759493670886 0.8908227848101266 0.44778481012658233 0.8844936708860759 0.4620253164556963 0.8908227848101266 0.4746835443037975 0.8813291139240507 0.4636075949367089 0.8639240506329113 0.48101265822784817 0.8401898734177216 0.47784810126582283 0.8180379746835443 0.44303797468354433 0.7911392405063291 0.3908227848101266 0.7674050632911392 0.2895569620253165 0.6787974683544304 0.254746835443038 0.6693037974683544 0.20727848101265822 0.6772151898734177 0.18354430379746836 0.6661392405063291 0.17721518987341772 0.6740506329113923 0.18512658227848103 0.694620253164557 0.17246835443037972 0.7136075949367088 0.17246835443037972 0.7373417721518987
0 0.3069620253164557 0.5300632911392404 0.319620253164557 0.5474683544303798 0.3512658227848101 0.5712025316455696 0.38924050632911394 0.5838607594936709 0.439873417721519 0.620253164556962 0.4620253164556963 0.6518987341772151 0.5031645569620253 0.6772151898734177 0.5332278481012659 0.6819620253164557 0.5775316455696202 0.6740506329113923 0.5917721518987342 0.680379746835443 0.6060126582278482 0.6724683544303798 0.5996835443037976 0.6613924050632911 0.6139240506329114 0.6218354430379747 0.5933544303797469 0.5886075949367088 0.5031645569620253 0.5395569620253164 0.4651898734177215 0.5110759493670886 0.444620253164557 0.4825949367088607 0.4177215189873418 0.4667721518987341 0.38132911392405067 0.46044303797468344 0.34018987341772156 0.46993670886075944 0.324367088607595 0.46202531645569617 0.31329113924050633 0.4636075949367088 0.30854430379746833 0.46993670886075944 0.31645569620253167 0.4825949367088607 0.30537974683544306 0.5015822784810127 0.3069620253164557 0.5300632911392404
0 0.44778481012658233 0.3306962025316455 0.47151898734177217 0.36075949367088606 0.5332278481012659 0.38607594936708856 0.5490506329113924 0.4018987341772151 0.5886075949367089 0.42405063291139233 0.6107594936708861 0.4556962025316455 0.6439873417721519 0.4762658227848101 0.6867088607594937 0.4810126582278481 0.7207278481012659 0.4731012658227848 0.7373417721518988 0.4762658227848101 0.7484177215189873 0.4667721518987341 0.7468354430379748 0.4556962025316455 0.759493670886076 0.43354430379746833 0.7531645569620253 0.40348101265822783 0.7246835443037976 0.3781645569620252 0.689873417721519 0.365506329113924 0.6265822784810127 0.3291139240506329 0.6028481012658229 0.310126582278481 0.5870253164556962 0.2848101265822784 0.564873417721519 0.27056962025316456 0.5411392405063291 0.2626582278481012 0.4731012658227848 0.26898734177215183 0.4556962025316456 0.2626582278481012 0.45094936708860767 0.27215189873417717 0.45886075949367094 0.2863924050632911 0.44620253164556967 0.310126582278481 0.44778481012658233 0.3306962025316455
0 0.12816455696202533 0.9129746835443038 0.10443037974683547 0.8955696202531647 0.06962025316455697 0.8844936708860759 0.0268987341772152 0.8908227848101266 0.006329113924050667 0.8781645569620252 0 0.8787974683544304 0 1 0.21308016877637131 1 0.21835443037974683 0.9968354430379748 0.17246835443037972 0.9620253164556962 0.12816455696202533 0.9129746835443038
0 0.6170886075949367 0.16297468354430383 0.6360759493670887 0.19145569620253156 0.6977848101265823 0.21835443037974675 0.7563291139240507 0.25632911392405056 0.7705696202531647 0.2674050632911392 0.7848101265822786 0.29113924050632906 0.8180379746835443 0.310126582278481 0.8449367088607594 0.3180379746835443 0.875 0.3180379746835443 0.8971518987341772 0.310126582278481 0.9161392405063292 0.3117088607594936 0.9240506329113926 0.300632911392405 0.9208860759493671 0.2848101265822784 0.9319620253164558 0.2579113924050632 0.9177215189873419 0.2294303797468354 0.8924050632911393 0.20727848101265814 0.8069620253164558 0.16455696202531644 0.7357594936708861 0.106012658227848 0.7025316455696202 0.09810126582278471 0.6408227848101267 0.10917721518987342 0.6218354430379748 0.10284810126582275 0.6139240506329114 0.11075949367088604 0.625 0.12183544303797458 0.6170886075949367 0.16297468354430383
0 0.9556962025316457 0.09018987341772142 0.9873417721518989 0.10759493670886063 1 0.1090014064697609 1 0 0.8311708860759494 0 0.8655063291139241 0.011075949367088533 0.9272151898734178 0.056962025316455646 0.9556962025316457 0.09018987341772142