6 0.56875 0.4109375 0.571875 0.4171875 0.5796875 0.4171875 0.5796875 0.421875 0.5828125 0.4234375 0.5828125 0.434375 0.5796875 0.4359375 0.5796875 0.4421875 0.575 0.4421875 0.5734375 0.4484375 0.56875 0.4484375 0.5671875 0.4546875 0.5609375 0.45625 0.5609375 0.4609375 0.5578125 0.4625 0.5578125 0.4671875 0.5546875 0.46875 0.5546875 0.4734375 0.5515625 0.475 0.5515625 0.4796875 0.5484375 0.48125 0.5484375 0.4859375 0.5453125 0.4875 0.5453125 0.4921875 0.5421875 0.49375 0.5421875 0.5125 0.5390625 0.5140625 0.5390625 0.53125 0.5359375 0.5328125 0.5359375 0.55 0.5328125 0.5515625 0.5328125 0.5890625 0.525 0.5890625 0.525 0.584375 0.521875 0.5828125 0.521875 0.578125 0.51875 0.5765625 0.51875 0.571875 0.515625 0.5703125 0.515625 0.5078125 0.51875 0.50625 0.51875 0.49375 0.521875 0.4921875 0.521875 0.4875 0.525 0.4859375 0.525 0.48125 0.528125 0.4796875 0.528125 0.46875 0.53125 0.4671875 0.53125 0.4625 0.534375 0.4609375 0.534375 0.45625 0.5375 0.4546875 0.5375 0.44375 0.540625 0.4421875 0.540625 0.4359375 0.546875 0.434375 0.55 0.4234375 0.5578125 0.4234375 0.559375 0.4171875 0.5671875 0.4171875 0.56875 0.4125
9 0.4859375 0.2640625 0.496875 0.2640625 0.496875 0.26875 0.5015625 0.2703125 0.5015625 0.275 0.5046875 0.2765625 0.5046875 0.2875 0.5015625 0.2890625 0.5015625 0.29375 0.496875 0.2953125 0.496875 0.3 0.490625 0.3015625 0.490625 0.30625 0.4875 0.3078125 0.4875 0.3140625 0.48125 0.315625 0.48125 0.3203125 0.478125 0.321875 0.475 0.3328125 0.46875 0.334375 0.46875 0.3390625 0.465625 0.340625 0.465625 0.3453125 0.4625 0.346875 0.4625 0.3515625 0.459375 0.353125 0.45625 0.3640625 0.453125 0.365625 0.453125 0.384375 0.45 0.3859375 0.45 0.409375 0.446875 0.4109375 0.446875 0.421875 0.44375 0.4234375 0.44375 0.4421875 0.440625 0.44375 0.440625 0.4546875 0.4375 0.45625 0.4375 0.4609375 0.434375 0.4546875 0.4296875 0.4546875 0.4296875 0.4046875 0.4328125 0.403125 0.4328125 0.3859375 0.4359375 0.384375 0.4359375 0.3796875 0.4390625 0.378125 0.4390625 0.365625 0.4421875 0.3640625 0.4421875 0.346875 0.4453125 0.3453125 0.4453125 0.334375 0.4484375 0.3328125 0.4484375 0.328125 0.4515625 0.3265625 0.4515625 0.321875 0.4546875 0.3203125 0.4546875 0.315625 0.4578125 0.3140625 0.4578125 0.3015625 0.4640625 0.3 0.4640625 0.2953125 0.4671875 0.29375 0.4671875 0.2890625 0.4703125 0.2875 0.4734375 0.2765625 0.478125 0.2765625 0.4796875 0.2703125 0.484375 0.2703125 0.4859375 0.265625
9 0.1828125 0.4625 0.203125 0.4625 0.203125 0.4671875 0.209375 0.46875 0.209375 0.4734375 0.215625 0.475 0.215625 0.4796875 0.2046875 0.4796875 0.203125 0.4859375 0.1984375 0.4859375 0.196875 0.4921875 0.190625 0.49375 0.190625 0.4984375 0.1875 0.5 0.1875 0.50625 0.18125 0.5078125 0.18125 0.5125 0.178125 0.5140625 0.178125 0.51875 0.175 0.5203125 0.175 0.525 0.171875 0.5265625 0.171875 0.53125 0.16875 0.5328125 0.16875 0.5375 0.165625 0.5390625 0.165625 0.55 0.1625 0.5515625 0.1625 0.55625 0.159375 0.5578125 0.159375 0.5703125 0.15625 0.571875 0.15625 0.5828125 0.153125 0.584375 0.153125 0.5953125 0.15 0.596875 0.15 0.628125 0.146875 0.6296875 0.146875 0.646875 0.1390625 0.646875 0.1390625 0.6359375 0.1359375 0.634375 0.1359375 0.6296875 0.1328125 0.628125 0.1328125 0.590625 0.1359375 0.5890625 0.1359375 0.571875 0.1390625 0.5703125 0.1390625 0.5515625 0.1421875 0.55 0.1421875 0.5390625 0.1453125 0.5375 0.1453125 0.5328125 0.1484375 0.53125 0.1484375 0.5203125 0.1515625 0.51875 0.1515625 0.5140625 0.1546875 0.5125 0.1546875 0.5078125 0.1578125 0.50625 0.1578125 0.5 0.1609375 0.4984375 0.1609375 0.49375 0.1640625 0.4921875 0.1640625 0.4875 0.1671875 0.4859375 0.1671875 0.48125 0.1703125 0.4796875 0.1703125 0.475 0.1734375 0.4734375 0.1734375 0.46875 0.18125 0.46875 0.1828125 0.4640625
9 0.9421875 0.2578125 0.9453125 0.2640625 0.95625 0.2640625 0.95625 0.26875 0.9625 0.2703125 0.9640625 0.2765625 0.971875 0.2765625 0.971875 0.28125 0.975 0.2828125 0.975 0.2875 0.978125 0.2890625 0.978125 0.3 0.984375 0.3015625 0.984375 0.3203125 0.9765625 0.3203125 0.975 0.3265625 0.971875 0.328125 0.971875 0.3328125 0.96875 0.334375 0.96875 0.3390625 0.9640625 0.3390625 0.9625 0.3453125 0.95625 0.346875 0.95625 0.3515625 0.953125 0.353125 0.953125 0.3578125 0.95 0.359375 0.95 0.3640625 0.946875 0.365625 0.946875 0.3703125 0.94375 0.371875 0.94375 0.378125 0.940625 0.3796875 0.940625 0.390625 0.9375 0.3921875 0.9375 0.403125 0.934375 0.4046875 0.934375 0.415625 0.93125 0.4171875 0.93125 0.428125 0.928125 0.4296875 0.928125 0.4421875 0.925 0.44375 0.925 0.4546875 0.921875 0.45625 0.921875 0.4796875 0.9109375 0.4796875 0.9109375 0.475 0.9046875 0.4734375 0.9046875 0.4625 0.9015625 0.4609375 0.9015625 0.45 0.8984375 0.4484375 0.8984375 0.4234375 0.8953125 0.421875 0.8953125 0.4046875 0.8984375 0.403125 0.8984375 0.371875 0.9015625 0.3703125 0.9015625 0.359375 0.9046875 0.3578125 0.9046875 0.346875 0.9078125 0.3453125 0.9078125 0.340625 0.9109375 0.3390625 0.9109375 0.328125 0.9140625 0.3265625 0.9140625 0.315625 0.9171875 0.3140625 0.9171875 0.3078125 0.9203125 0.30625 0.9203125 0.3015625 0.9234375 0.3 0.9234375 0.2953125 0.9265625 0.29375 0.9265625 0.2828125 0.9296875 0.28125 0.9296875 0.2703125 0.9328125 0.26875 0.9328125 0.2640625 0.940625 0.2640625 0.9421875 0.259375
7 0.4328125 0.5140625 0.446875 0.5140625 0.446875 0.51875 0.453125 0.5203125 0.453125 0.525 0.45625 0.5265625 0.45625 0.53125 0.459375 0.5328125 0.4625 0.54375 0.4578125 0.54375 0.45625 0.55 0.4484375 0.55 0.446875 0.55625 0.440625 0.5578125 0.440625 0.5640625 0.434375 0.565625 0.43125 0.5765625 0.425 0.578125 0.425 0.5890625 0.41875 0.590625 0.41875 0.6015625 0.415625 0.603125 0.415625 0.6078125 0.4125 0.609375 0.4125 0.628125 0.409375 0.6296875 0.409375 0.646875 0.40625 0.6484375 0.40625 0.678125 0.403125 0.6796875 0.403125 0.6921875 0.3984375 0.6921875 0.3984375 0.6859375 0.3953125 0.684375 0.3953125 0.6796875 0.3921875 0.678125 0.3921875 0.6734375 0.3890625 0.671875 0.3890625 0.6671875 0.3859375 0.665625 0.3859375 0.6296875 0.3890625 0.628125 0.3890625 0.609375 0.3921875 0.6078125 0.3921875 0.590625 0.3953125 0.5890625 0.3953125 0.578125 0.3984375 0.5765625 0.3984375 0.571875 0.4015625 0.5703125 0.4015625 0.565625 0.4046875 0.5640625 0.4046875 0.5578125 0.4078125 0.55625 0.4078125 0.5515625 0.4109375 0.55 0.4109375 0.5453125 0.4140625 0.54375 0.4140625 0.5390625 0.4171875 0.5375 0.4203125 0.5265625 0.425 0.5265625 0.4265625 0.5203125 0.43125 0.5203125 0.4328125 0.515625
7 0.278125 0.609375 0.2953125 0.609375 0.2953125 0.6140625 0.3015625 0.615625 0.3015625 0.6203125 0.3046875 0.621875 0.3046875 0.628125 0.3078125 0.6296875 0.3078125 0.646875 0.296875 0.646875 0.2953125 0.653125 0.2921875 0.6546875 0.2921875 0.659375 0.2875 0.659375 0.2859375 0.665625 0.2796875 0.6671875 0.2765625 0.678125 0.271875 0.678125 0.2703125 0.684375 0.2671875 0.6859375 0.2671875 0.6984375 0.2640625 0.7 0.2640625 0.7046875 0.2609375 0.70625 0.2609375 0.7109375 0.2578125 0.7125 0.2578125 0.7234375 0.2546875 0.725 0.2546875 0.7421875 0.2515625 0.74375 0.2515625 0.7625 0.2484375 0.7640625 0.246875 0.8 0.2421875 0.8 0.2421875 0.7953125 0.2390625 0.79375 0.2390625 0.7890625 0.2359375 0.7875 0.2359375 0.7828125 0.2328125 0.78125 0.2328125 0.71875 0.2359375 0.7171875 0.2359375 0.7 0.2390625 0.6984375 0.2390625 0.6859375 0.2421875 0.684375 0.2421875 0.6796875 0.2453125 0.678125 0.2453125 0.6734375 0.2484375 0.671875 0.25 0.6484375 0.253125 0.646875 0.253125 0.6421875 0.259375 0.640625 0.2625 0.6296875 0.26875 0.628125 0.26875 0.621875 0.271875 0.6203125 0.271875 0.615625 0.2765625 0.615625 0.278125 0.6109375
7 0.9390625 0.2578125 0.94375 0.2578125 0.9453125 0.2640625 0.953125 0.2640625 0.953125 0.26875 0.959375 0.2703125 0.959375 0.275 0.9625 0.2765625 0.9640625 0.2828125 0.971875 0.2828125 0.971875 0.2875 0.975 0.2890625 0.975 0.3 0.98125 0.3015625 0.98125 0.3140625 0.975 0.315625 0.975 0.3265625 0.96875 0.328125 0.96875 0.3328125 0.965625 0.334375 0.9625 0.3453125 0.9578125 0.3453125 0.95625 0.3515625 0.95 0.353125 0.95 0.3578125 0.946875 0.359375 0.946875 0.3640625 0.94375 0.365625 0.94375 0.3703125 0.940625 0.371875 0.940625 0.384375 0.9375 0.3859375 0.9375 0.390625 0.934375 0.3921875 0.934375 0.415625 0.93125 0.4171875 0.93125 0.421875 0.928125 0.4234375 0.928125 0.4421875 0.925 0.44375 0.925 0.4546875 0.921875 0.45625 0.921875 0.4671875 0.91875 0.46875 0.921875 0.4796875 0.9109375 0.4796875 0.9109375 0.475 0.9078125 0.4734375 0.9078125 0.46875 0.9046875 0.4671875 0.9046875 0.4625 0.9015625 0.4609375 0.9015625 0.44375 0.8984375 0.4421875 0.8984375 0.4171875 0.8953125 0.415625 0.8953125 0.4109375 0.8984375 0.409375 0.8984375 0.371875 0.9015625 0.3703125 0.9015625 0.359375 0.9046875 0.3578125 0.9046875 0.346875 0.9078125 0.3453125 0.9078125 0.340625 0.9109375 0.3390625 0.9109375 0.328125 0.9140625 0.3265625 0.9140625 0.315625 0.9171875 0.3140625 0.9171875 0.3078125 0.9203125 0.30625 0.9203125 0.3015625 0.9234375 0.3 0.9234375 0.2890625 0.9265625 0.2875 0.9265625 0.2828125 0.9296875 0.28125 0.9296875 0.2703125 0.9328125 0.26875 0.9328125 0.2640625 0.9390625 0.2625 0.9390625 0.259375
8 0.4109375 0.46875 0.41875 0.46875 0.41875 0.4734375 0.421875 0.475 0.421875 0.4796875 0.425 0.48125 0.425 0.4921875 0.421875 0.49375 0.421875 0.4984375 0.415625 0.5 0.415625 0.50625 0.409375 0.5078125 0.40625 0.51875 0.4 0.5203125 0.4 0.525 0.396875 0.5265625 0.396875 0.53125 0.39375 0.5328125 0.39375 0.5375 0.390625 0.5390625 0.390625 0.54375 0.3875 0.5453125 0.3875 0.55 0.384375 0.5515625 0.384375 0.5640625 0.38125 0.565625 0.38125 0.5703125 0.378125 0.571875 0.378125 0.5890625 0.375 0.590625 0.375 0.628125 0.3734375 0.6296875 0.375 0.640625 0.36875 0.640625 0.36875 0.6359375 0.365625 0.634375 0.365625 0.6296875 0.3625 0.628125 0.3625 0.621875 0.359375 0.6203125 0.359375 0.578125 0.3625 0.5765625 0.3625 0.5515625 0.365625 0.55 0.365625 0.5390625 0.36875 0.5375 0.36875 0.5328125 0.371875 0.53125 0.371875 0.5203125 0.3765625 0.51875 0.3765625 0.5140625 0.3796875 0.5125 0.3796875 0.5078125 0.3828125 0.50625 0.3828125 0.5 0.3859375 0.4984375 0.3890625 0.4875 0.39375 0.4875 0.3953125 0.48125 0.4 0.48125 0.4015625 0.475 0.409375 0.475 0.4109375 0.4703125
3 0.2203125 0.5203125 0.246875 0.5203125 0.2484375 0.53125 0.2515625 0.5328125 0.2546875 0.54375 0.2453125 0.54375 0.24375 0.55 0.2359375 0.55 0.234375 0.55625 0.228125 0.5578125 0.228125 0.5640625 0.221875 0.565625 0.221875 0.5703125 0.21875 0.571875 0.21875 0.5765625 0.215625 0.578125 0.215625 0.5828125 0.2125 0.584375 0.209375 0.5953125 0.2046875 0.5953125 0.203125 0.6015625 0.2 0.603125 0.2 0.6140625 0.196875 0.615625 0.196875 0.634375 0.19375 0.6359375 0.19375 0.653125 0.190625 0.6546875 0.190625 0.684375 0.1875 0.6859375 0.1875 0.7046875 0.190625 0.70625 0.190625 0.7234375 0.1859375 0.7234375 0.1859375 0.71875 0.1828125 0.7171875 0.1828125 0.7125 0.1796875 0.7109375 0.1796875 0.70625 0.1765625 0.7046875 0.1765625 0.7 0.1734375 0.6984375 0.1734375 0.6421875 0.1765625 0.640625 0.1765625 0.615625 0.1796875 0.6140625 0.1796875 0.603125 0.1828125 0.6015625 0.1828125 0.596875 0.1859375 0.5953125 0.1859375 0.584375 0.1890625 0.5828125 0.1890625 0.578125 0.1921875 0.5765625 0.1921875 0.565625 0.1953125 0.5640625 0.1953125 0.5578125 0.1984375 0.55625 0.1984375 0.5515625 0.2015625 0.55 0.2015625 0.5453125 0.2046875 0.54375 0.2046875 0.5390625 0.2109375 0.5375 0.2140625 0.5265625 0.21875 0.5265625 0.2203125 0.521875
3 0.525 0.359375 0.5453125 0.359375 0.5453125 0.3640625 0.5484375 0.365625 0.5484375 0.3703125 0.5515625 0.371875 0.5515625 0.378125 0.5484375 0.3796875 0.5484375 0.384375 0.540625 0.384375 0.5390625 0.390625 0.534375 0.390625 0.5328125 0.396875 0.5265625 0.3984375 0.5234375 0.409375 0.5171875 0.4109375 0.5171875 0.415625 0.5140625 0.4171875 0.5140625 0.421875 0.5109375 0.4234375 0.5109375 0.428125 0.5078125 0.4296875 0.5078125 0.4421875 0.5046875 0.44375 0.5046875 0.4484375 0.5015625 0.45 0.5015625 0.4609375 0.4984375 0.4625 0.496875 0.475 0.496875 0.50625 0.49375 0.5078125 0.49375 0.525 0.496875 0.5265625 0.496875 0.53125 0.49375 0.5328125 0.49375 0.5375 0.4859375 0.5375 0.4859375 0.5328125 0.4828125 0.53125 0.4828125 0.5265625 0.4796875 0.525 0.4796875 0.46875 0.4828125 0.4671875 0.4828125 0.45 0.4859375 0.4484375 0.4859375 0.44375 0.4890625 0.4421875 0.4890625 0.4296875 0.4921875 0.428125 0.4921875 0.4234375 0.4953125 0.421875 0.4953125 0.4171875 0.4984375 0.415625 0.5 0.3921875 0.503125 0.390625 0.503125 0.3859375 0.509375 0.384375 0.509375 0.3796875 0.5125 0.378125 0.5125 0.371875 0.5171875 0.371875 0.51875 0.365625 0.5234375 0.365625 0.525 0.3609375
4 0.6328125 0.4625 0.640625 0.4625 0.640625 0.4671875 0.64375 0.46875 0.64375 0.4734375 0.646875 0.475 0.646875 0.4984375 0.64375 0.5 0.64375 0.50625 0.6390625 0.50625 0.6375 0.5125 0.63125 0.5140625 0.63125 0.51875 0.621875 0.51875 0.6203125 0.525 0.6109375 0.5265625 0.6109375 0.53125 0.6078125 0.5328125 0.6078125 0.5375 0.6046875 0.5390625 0.6046875 0.54375 0.6015625 0.5453125 0.6015625 0.55 0.5984375 0.5515625 0.5984375 0.55625 0.5953125 0.5578125 0.5953125 0.5640625 0.5921875 0.565625 0.5921875 0.5890625 0.5890625 0.590625 0.5890625 0.6203125 0.5859375 0.621875 0.5859375 0.640625 0.5828125 0.6421875 0.5828125 0.684375 0.5796875 0.6859375 0.5796875 0.6921875 0.56875 0.6921875 0.56875 0.6859375 0.559375 0.684375 0.559375 0.6796875 0.55625 0.678125 0.55625 0.6734375 0.553125 0.671875 0.553125 0.584375 0.55625 0.5828125 0.559375 0.571875 0.571875 0.5703125 0.571875 0.5578125 0.575 0.55625 0.575 0.5453125 0.578125 0.54375 0.578125 0.5328125 0.58125 0.53125 0.58125 0.5265625 0.584375 0.525 0.584375 0.5203125 0.5875 0.51875 0.5875 0.5140625 0.590625 0.5125 0.590625 0.5078125 0.59375 0.50625 0.59375 0.5 0.596875 0.4984375 0.6 0.4875 0.6078125 0.4875 0.609375 0.48125 0.615625 0.4796875 0.615625 0.475 0.625 0.475 0.6265625 0.46875 0.63125 0.46875 0.6328125 0.4640625
4 0.4828125 0.565625 0.5015625 0.565625 0.5015625 0.5703125 0.5046875 0.571875 0.5046875 0.5765625 0.5078125 0.578125 0.5078125 0.6015625 0.5046875 0.603125 0.5046875 0.6078125 0.4890625 0.6078125 0.4875 0.6140625 0.4828125 0.6140625 0.48125 0.6203125 0.478125 0.621875 0.478125 0.634375 0.475 0.6359375 0.475 0.646875 0.471875 0.6484375 0.471875 0.659375 0.46875 0.6609375 0.46875 0.671875 0.465625 0.6734375 0.465625 0.678125 0.4625 0.6796875 0.4625 0.684375 0.459375 0.6859375 0.459375 0.7109375 0.45625 0.7125 0.45625 0.7421875 0.453125 0.74375 0.453125 0.75625 0.45 0.7578125 0.45 0.7625 0.446875 0.7640625 0.446875 0.775 0.4328125 0.775 0.4328125 0.7703125 0.4296875 0.76875 0.4296875 0.74375 0.4328125 0.7421875 0.4328125 0.73125 0.4359375 0.7296875 0.4359375 0.70625 0.4390625 0.7046875 0.4390625 0.6734375 0.4421875 0.671875 0.4421875 0.6609375 0.4453125 0.659375 0.4453125 0.6546875 0.4484375 0.653125 0.4484375 0.6484375 0.4515625 0.646875 0.4515625 0.6359375 0.4546875 0.634375 0.4546875 0.621875 0.4578125 0.6203125 0.4578125 0.609375 0.4609375 0.6078125 0.4609375 0.596875 0.4640625 0.5953125 0.4640625 0.584375 0.4671875 0.5828125 0.4671875 0.578125 0.475 0.578125 0.4765625 0.571875 0.48125 0.571875 0.4828125 0.5671875
0 0.41666666666666663 0.42948717948717946 0.4382716049382716 0.4615384615384615 0.44753086419753085 0.4935897435897435 0.5277777777777778 0.5833333333333333 0.5709876543209876 0.6923076923076923 0.5987654320987654 0.7179487179487178 0.6296296296296295 0.7179487179487178 0.6481481481481481 0.6923076923076923 0.6512345679012346 0.6602564102564102 0.6759259259259258 0.6282051282051281 0.6728395061728395 0.5641025641025641 0.6604938271604939 0.5128205128205128 0.5740740740740741 0.41025641025641024 0.5030864197530864 0.2692307692307692 0.49074074074074076 0.2564102564102564 0.4598765432098765 0.2564102564102564 0.43209876543209874 0.2692307692307692 0.41666666666666663 0.30769230769230765 0.4104938271604938 0.3782051282051282 0.41666666666666663 0.42948717948717946
0 0.3024691358024691 0.5705128205128205 0.3672839506172839 0.6346153846153846 0.41666666666666663 0.7115384615384615 0.46296296296296297 0.8141025641025641 0.4814814814814815 0.8269230769230769 0.5092592592592593 0.8205128205128205 0.5216049382716049 0.8076923076923077 0.5308641975308641 0.7628205128205128 0.5432098765432098 0.7564102564102564 0.5493827160493827 0.6794871794871794 0.5401234567901234 0.6217948717948717 0.5185185185185185 0.5833333333333333 0.478395061728395 0.5576923076923077 0.42901234567901236 0.4871794871794871 0.3888888888888889 0.3846153846153846 0.36111111111111105 0.3653846153846153 0.33024691358024694 0.37179487179487175 0.3055555555555555 0.3974358974358974 0.29320987654320985 0.43589743589743585 0.29012345679012347 0.5 0.3024691358024691 0.5705128205128205
0 0.15432098765432098 0.6794871794871794 0.19444444444444445 0.7243589743589742 0.3055555555555555 0.9102564102564102 0.33024691358024694 0.9294871794871794 0.3518518518518518 0.923076923076923 0.3672839506172839 0.9038461538461539 0.35802469135802467 0.8525641025641025 0.37962962962962965 0.8333333333333333 0.3919753086419753 0.846153846153846 0.3950617283950617 0.7756410256410255 0.3888888888888889 0.7435897435897435 0.36111111111111105 0.6858974358974359 0.2839506172839506 0.5897435897435896 0.22530864197530862 0.4807692307692307 0.2006172839506173 0.4615384615384615 0.1728395061728395 0.4615384615384615 0.15432098765432098 0.4807692307692307 0.13271604938271603 0.5384615384615384 0.12962962962962962 0.6153846153846153 0.15432098765432098 0.6794871794871794