6 0.5953125 0.421875 0.596875 0.421875 0.5953125 0.4234375 0.596875 0.428125 0.6046875 0.4296875 0.603125 0.434375 0.60625 0.4359375 0.6046875 0.4484375 0.6015625 0.45 0.6 0.4546875 0.5953125 0.453125 0.59375 0.459375 0.5890625 0.459375 0.5859375 0.465625 0.5796875 0.4671875 0.5796875 0.4703125 0.575 0.4734375 0.575 0.4765625 0.5671875 0.484375 0.5671875 0.4890625 0.565625 0.490625 0.5640625 0.4890625 0.55625 0.5015625 0.553125 0.503125 0.5515625 0.51875 0.546875 0.521875 0.5453125 0.5375 0.540625 0.5421875 0.5390625 0.5484375 0.5390625 0.5578125 0.534375 0.5609375 0.5296875 0.596875 0.528125 0.5984375 0.521875 0.596875 0.521875 0.5921875 0.51875 0.590625 0.5203125 0.5859375 0.5171875 0.5828125 0.515625 0.575 0.5234375 0.5171875 0.525 0.5125 0.528125 0.5109375 0.5296875 0.4984375 0.5328125 0.4984375 0.534375 0.4921875 0.5359375 0.49375 0.5375 0.4890625 0.5421875 0.4859375 0.54375 0.4734375 0.546875 0.471875 0.546875 0.46875 0.5515625 0.4671875 0.5515625 0.4625 0.55625 0.4578125 0.55625 0.45 0.5609375 0.446875 0.5609375 0.44375 0.5671875 0.4421875 0.56875 0.4375 0.571875 0.4359375 0.571875 0.43125 0.58125 0.4328125 0.584375 0.4265625 0.5921875 0.428125 0.59375 0.4234375
9 0.5328125 0.25625 0.54375 0.2578125 0.54375 0.2640625 0.55 0.265625 0.5484375 0.2703125 0.5515625 0.271875 0.55 0.284375 0.546875 0.2859375 0.5453125 0.290625 0.540625 0.290625 0.5390625 0.2953125 0.5328125 0.2953125 0.5265625 0.3015625 0.525 0.3078125 0.51875 0.309375 0.51875 0.3125 0.5109375 0.3203125 0.5109375 0.325 0.503125 0.3265625 0.503125 0.33125 0.5 0.3328125 0.4953125 0.3421875 0.490625 0.3453125 0.490625 0.35 0.4828125 0.3578125 0.48125 0.3734375 0.4765625 0.3765625 0.4734375 0.4 0.46875 0.403125 0.46875 0.4125 0.4640625 0.4140625 0.4625 0.43125 0.4578125 0.434375 0.4578125 0.440625 0.453125 0.45 0.4515625 0.4515625 0.4515625 0.446875 0.4484375 0.44375 0.44375 0.44375 0.4515625 0.3921875 0.4578125 0.3890625 0.459375 0.3734375 0.4640625 0.371875 0.4640625 0.365625 0.46875 0.3609375 0.46875 0.3546875 0.4734375 0.3515625 0.475 0.334375 0.4796875 0.3328125 0.4796875 0.325 0.484375 0.321875 0.484375 0.315625 0.4875 0.315625 0.4890625 0.309375 0.490625 0.3109375 0.4921875 0.309375 0.4921875 0.3046875 0.496875 0.303125 0.4984375 0.290625 0.503125 0.2921875 0.5046875 0.2859375 0.509375 0.284375 0.509375 0.2796875 0.5171875 0.271875 0.5171875 0.2671875 0.5234375 0.2671875 0.525 0.2625 0.53125 0.2609375 0.53125 0.2578125
9 0.2015625 0.4125 0.2109375 0.4140625 0.2109375 0.4203125 0.2171875 0.421875 0.215625 0.4265625 0.2203125 0.428125 0.221875 0.4328125 0.2203125 0.4359375 0.209375 0.434375 0.2078125 0.4390625 0.203125 0.4390625 0.2 0.4421875 0.2 0.4453125 0.1953125 0.44375 0.19375 0.45 0.1890625 0.45 0.1875 0.45625 0.18125 0.4578125 0.1765625 0.4671875 0.171875 0.4703125 0.171875 0.475 0.1640625 0.4828125 0.1640625 0.4859375 0.159375 0.4890625 0.159375 0.496875 0.1546875 0.5015625 0.1546875 0.5046875 0.15 0.5078125 0.15 0.5171875 0.1453125 0.51875 0.14375 0.53125 0.1421875 0.5296875 0.140625 0.53125 0.1390625 0.5421875 0.134375 0.546875 0.13125 0.575 0.1265625 0.578125 0.125 0.5953125 0.1171875 0.59375 0.11875 0.58125 0.115625 0.5796875 0.1140625 0.565625 0.11875 0.5359375 0.1234375 0.5328125 0.125 0.515625 0.1296875 0.5140625 0.13125 0.496875 0.1359375 0.4953125 0.1359375 0.4875 0.140625 0.4828125 0.140625 0.478125 0.1453125 0.4765625 0.146875 0.4640625 0.1546875 0.45625 0.159375 0.4453125 0.1609375 0.446875 0.1625 0.4453125 0.1625 0.440625 0.1671875 0.4375 0.1703125 0.4296875 0.175 0.4265625 0.175 0.421875 0.1796875 0.41875 0.1796875 0.415625 0.1875 0.4171875 0.190625 0.4109375 0.2 0.4125
9 0.9921875 0.3296875 0.9984375 0.33125 0.9984375 0.4234375 0.996875 0.4296875 0.98125 0.4484375 0.9796875 0.459375 0.975 0.4640625 0.975 0.471875 0.9703125 0.4734375 0.9703125 0.48125 0.96875 0.4859375 0.965625 0.4875 0.9640625 0.4984375 0.959375 0.5015625 0.959375 0.5109375 0.9546875 0.5125 0.953125 0.525 0.9515625 0.5234375 0.95 0.525 0.946875 0.55 0.934375 0.5484375 0.934375 0.5421875 0.928125 0.5390625 0.9296875 0.5375 0.928125 0.5265625 0.9296875 0.5140625 0.9265625 0.5125 0.93125 0.4875 0.928125 0.4859375 0.9296875 0.46875 0.934375 0.465625 0.9390625 0.434375 0.940625 0.4359375 0.9421875 0.434375 0.94375 0.4234375 0.9484375 0.41875 0.9484375 0.4109375 0.953125 0.4078125 0.953125 0.4046875 0.9578125 0.4 0.9578125 0.3921875 0.9640625 0.3890625 0.9640625 0.3828125 0.96875 0.378125 0.96875 0.3734375 0.9734375 0.3703125 0.9734375 0.365625 0.98125 0.359375 0.9828125 0.346875 0.9859375 0.3453125 0.9875 0.3359375 0.9921875 0.33125
7 0.4390625 0.5046875 0.453125 0.50625 0.453125 0.5125 0.4578125 0.5140625 0.4578125 0.5203125 0.4625 0.5296875 0.4609375 0.5328125 0.4640625 0.5390625 0.4625 0.540625 0.459375 0.5390625 0.45625 0.5421875 0.45625 0.546875 0.4484375 0.5453125 0.4453125 0.5515625 0.440625 0.5515625 0.4390625 0.55625 0.434375 0.55625 0.43125 0.5625 0.428125 0.5640625 0.428125 0.56875 0.4203125 0.56875 0.41875 0.578125 0.4109375 0.58125 0.409375 0.59375 0.4015625 0.6 0.4 0.615625 0.3953125 0.6203125 0.39375 0.6359375 0.3890625 0.6390625 0.3859375 0.665625 0.384375 0.6703125 0.38125 0.671875 0.3796875 0.68125 0.375 0.68125 0.3734375 0.6703125 0.3703125 0.6671875 0.371875 0.6625 0.36875 0.6609375 0.3671875 0.653125 0.371875 0.615625 0.3765625 0.6140625 0.378125 0.596875 0.3828125 0.59375 0.384375 0.5765625 0.3890625 0.575 0.3890625 0.5671875 0.39375 0.5640625 0.39375 0.5578125 0.396875 0.5578125 0.3984375 0.5515625 0.40625 0.5453125 0.40625 0.540625 0.4109375 0.5375 0.4109375 0.5328125 0.4140625 0.53125 0.4140625 0.528125 0.41875 0.5265625 0.41875 0.521875 0.421875 0.5203125 0.4234375 0.515625 0.428125 0.5171875 0.4296875 0.5109375 0.43125 0.509375 0.4359375 0.5109375 0.4390625 0.50625
7 0.2640625 0.578125 0.278125 0.5796875 0.28125 0.58125 0.28125 0.5859375 0.2859375 0.5875 0.2859375 0.59375 0.2890625 0.596875 0.2875 0.6015625 0.290625 0.603125 0.2875 0.621875 0.2765625 0.6203125 0.275 0.625 0.2703125 0.628125 0.2703125 0.63125 0.265625 0.63125 0.2640625 0.6359375 0.2578125 0.6359375 0.2515625 0.6484375 0.246875 0.6484375 0.2453125 0.653125 0.240625 0.65625 0.240625 0.6640625 0.2359375 0.66875 0.2359375 0.6734375 0.2328125 0.6734375 0.23125 0.678125 0.228125 0.6796875 0.2265625 0.6921875 0.221875 0.69375 0.2203125 0.7109375 0.215625 0.7140625 0.2140625 0.7296875 0.2078125 0.7328125 0.20625 0.7484375 0.2015625 0.7515625 0.2015625 0.7546875 0.2046875 0.75625 0.2046875 0.7609375 0.2 0.7640625 0.2 0.76875 0.1953125 0.76875 0.1953125 0.7625 0.1921875 0.7609375 0.19375 0.7546875 0.190625 0.753125 0.1921875 0.7484375 0.1890625 0.746875 0.1984375 0.6828125 0.203125 0.6796875 0.2046875 0.6640625 0.209375 0.6609375 0.209375 0.653125 0.2140625 0.6484375 0.2140625 0.6453125 0.21875 0.6421875 0.21875 0.6390625 0.221875 0.6375 0.2234375 0.6265625 0.228125 0.621875 0.228125 0.6140625 0.2328125 0.6140625 0.234375 0.60625 0.2390625 0.6078125 0.2421875 0.6015625 0.2453125 0.6 0.2453125 0.596875 0.246875 0.5953125 0.25 0.596875 0.253125 0.590625 0.25625 0.5890625 0.2578125 0.5828125 0.2625 0.584375 0.2640625 0.5796875
7 0.9984375 0.325 0.9984375 0.421875 0.99375 0.425 0.99375 0.4296875 0.9859375 0.4359375 0.9859375 0.440625 0.98125 0.44375 0.98125 0.453125 0.9765625 0.45625 0.9765625 0.459375 0.971875 0.4640625 0.96875 0.4859375 0.9609375 0.49375 0.959375 0.5109375 0.9546875 0.5125 0.953125 0.525 0.9515625 0.5234375 0.95 0.525 0.9484375 0.5359375 0.94375 0.540625 0.946875 0.54375 0.946875 0.55 0.934375 0.5484375 0.934375 0.5421875 0.93125 0.5390625 0.9328125 0.534375 0.9296875 0.5328125 0.928125 0.5265625 0.93125 0.5078125 0.928125 0.50625 0.93125 0.4875 0.9296875 0.475 0.9328125 0.4734375 0.934375 0.46875 0.9390625 0.434375 0.940625 0.4359375 0.9421875 0.434375 0.94375 0.4234375 0.9484375 0.41875 0.9484375 0.4109375 0.953125 0.4078125 0.953125 0.4046875 0.9578125 0.4 0.9578125 0.3921875 0.9640625 0.3890625 0.9640625 0.3828125 0.96875 0.378125 0.96875 0.3734375 0.9734375 0.3703125 0.9734375 0.365625 0.978125 0.3625 0.978125 0.3546875 0.9828125 0.3515625 0.9828125 0.346875 0.9875 0.3421875 0.9875 0.3359375 0.9921875 0.3328125 0.9921875 0.3296875 0.996875 0.3296875 0.9984375 0.3265625
8 0.4234375 0.4546875 0.43125 0.45625 0.4296875 0.4609375 0.4328125 0.4625 0.434375 0.4796875 0.4296875 0.4828125 0.4296875 0.4875 0.425 0.4859375 0.421875 0.49375 0.4171875 0.49375 0.415625 0.4984375 0.4109375 0.5 0.4109375 0.5046875 0.40625 0.5046875 0.403125 0.5078125 0.403125 0.5109375 0.4 0.5125 0.4 0.5171875 0.396875 0.5171875 0.3953125 0.5234375 0.3875 0.5296875 0.3875 0.5359375 0.3828125 0.5375 0.3828125 0.5453125 0.38125 0.5484375 0.3796875 0.546875 0.378125 0.5484375 0.378125 0.553125 0.3734375 0.55625 0.371875 0.571875 0.3671875 0.575 0.3625 0.6125 0.3578125 0.6140625 0.3578125 0.61875 0.3609375 0.6203125 0.3609375 0.6234375 0.359375 0.625 0.35 0.6234375 0.3515625 0.621875 0.3515625 0.61875 0.3484375 0.6171875 0.35 0.6125 0.346875 0.6109375 0.346875 0.6046875 0.34375 0.603125 0.35 0.5640625 0.35625 0.553125 0.3578125 0.534375 0.3625 0.53125 0.3640625 0.5203125 0.371875 0.5125 0.3734375 0.5 0.3796875 0.5015625 0.38125 0.496875 0.3890625 0.4890625 0.39375 0.478125 0.3984375 0.475 0.3984375 0.471875 0.403125 0.471875 0.40625 0.465625 0.4109375 0.4671875 0.4125 0.459375 0.4203125 0.4609375 0.4234375 0.45625
3 0.21875 0.4765625 0.2453125 0.4796875 0.24375 0.4859375 0.253125 0.5046875 0.2515625 0.50625 0.2390625 0.5046875 0.2375 0.5125 0.2296875 0.5109375 0.2265625 0.5171875 0.2234375 0.515625 0.2203125 0.5171875 0.2203125 0.521875 0.2140625 0.521875 0.2078125 0.534375 0.2046875 0.5359375 0.2046875 0.5390625 0.196875 0.546875 0.196875 0.55 0.190625 0.5515625 0.1890625 0.5578125 0.184375 0.5609375 0.184375 0.56875 0.1796875 0.571875 0.178125 0.5890625 0.1734375 0.590625 0.171875 0.6078125 0.1671875 0.6109375 0.1640625 0.6375 0.1625 0.640625 0.1578125 0.6421875 0.15625 0.6484375 0.1546875 0.6609375 0.159375 0.6625 0.15625 0.68125 0.15 0.6796875 0.1515625 0.6765625 0.1484375 0.6734375 0.146875 0.6609375 0.14375 0.6578125 0.1453125 0.6546875 0.1421875 0.6515625 0.15 0.5984375 0.15625 0.5875 0.1578125 0.56875 0.1625 0.565625 0.1625 0.559375 0.1671875 0.5546875 0.1671875 0.55 0.171875 0.546875 0.171875 0.5390625 0.1765625 0.5359375 0.1765625 0.53125 0.1828125 0.5296875 0.1828125 0.5203125 0.1875 0.5171875 0.1875 0.5125 0.1921875 0.509375 0.1953125 0.5015625 0.2 0.4984375 0.2 0.49375 0.2046875 0.49375 0.2109375 0.4875 0.2109375 0.4828125 0.2171875 0.4828125 0.21875 0.478125
3 0.5578125 0.3625 0.578125 0.365625 0.5796875 0.3765625 0.584375 0.38125 0.578125 0.384375 0.578125 0.390625 0.5703125 0.3890625 0.5671875 0.3953125 0.5625 0.39375 0.5609375 0.3953125 0.5609375 0.4 0.5546875 0.4 0.5484375 0.4125 0.5421875 0.4140625 0.5421875 0.4171875 0.5375 0.4203125 0.5328125 0.43125 0.5296875 0.4328125 0.528125 0.4421875 0.5203125 0.45 0.51875 0.4625 0.5171875 0.4609375 0.515625 0.4625 0.5140625 0.4734375 0.509375 0.4765625 0.50625 0.5046875 0.5015625 0.509375 0.4984375 0.5265625 0.5015625 0.528125 0.5015625 0.5328125 0.496875 0.5359375 0.496875 0.5390625 0.4875 0.5375 0.4890625 0.5328125 0.4859375 0.53125 0.484375 0.525 0.484375 0.5140625 0.4921875 0.465625 0.496875 0.4640625 0.4984375 0.446875 0.50625 0.4390625 0.5078125 0.428125 0.521875 0.4140625 0.521875 0.4078125 0.5234375 0.403125 0.5265625 0.4015625 0.528125 0.390625 0.53125 0.3890625 0.5328125 0.384375 0.534375 0.3859375 0.5390625 0.384375 0.5390625 0.378125 0.54375 0.3765625 0.54375 0.371875 0.5484375 0.3734375 0.5515625 0.3671875 0.55625 0.3671875 0.5578125 0.3640625
4 0.653125 0.484375 0.6609375 0.4859375 0.659375 0.490625 0.6625 0.4921875 0.6640625 0.4984375 0.6609375 0.5234375 0.6578125 0.525 0.65625 0.53125 0.6515625 0.5296875 0.65 0.53125 0.65 0.5359375 0.64375 0.5359375 0.6421875 0.5421875 0.63125 0.5390625 0.628125 0.546875 0.61875 0.5453125 0.6171875 0.5515625 0.6125 0.5546875 0.609375 0.5625 0.6046875 0.565625 0.6046875 0.5703125 0.6 0.5734375 0.596875 0.58125 0.5921875 0.5828125 0.5890625 0.6078125 0.584375 0.6125 0.58125 0.640625 0.5765625 0.6421875 0.575 0.6578125 0.5703125 0.6609375 0.5640625 0.7046875 0.5609375 0.70625 0.559375 0.7109375 0.55 0.709375 0.5484375 0.7015625 0.540625 0.7015625 0.5421875 0.696875 0.5390625 0.69375 0.5390625 0.6890625 0.5359375 0.6875 0.5421875 0.6578125 0.55 0.6 0.5546875 0.5953125 0.5546875 0.590625 0.559375 0.5890625 0.559375 0.584375 0.56875 0.5859375 0.571875 0.584375 0.5734375 0.5734375 0.578125 0.5703125 0.578125 0.5609375 0.5828125 0.5578125 0.584375 0.5484375 0.5921875 0.540625 0.5921875 0.5359375 0.6 0.528125 0.6 0.525 0.6046875 0.521875 0.6046875 0.5171875 0.6125 0.509375 0.6125 0.50625 0.6140625 0.5046875 0.6203125 0.50625 0.6234375 0.5 0.6296875 0.5015625 0.6328125 0.49375 0.64375 0.4953125 0.6453125 0.490625 0.65 0.490625 0.653125 0.4859375
4 0.4796875 0.565625 0.5015625 0.56875 0.503125 0.58125 0.50625 0.5828125 0.503125 0.6046875 0.496875 0.6140625 0.4796875 0.6109375 0.4765625 0.6171875 0.475 0.615625 0.4703125 0.6171875 0.4703125 0.621875 0.465625 0.625 0.465625 0.63125 0.4609375 0.6359375 0.459375 0.6484375 0.4546875 0.6515625 0.4546875 0.659375 0.45 0.6625 0.45 0.6703125 0.4453125 0.675 0.4453125 0.6796875 0.4421875 0.6796875 0.440625 0.684375 0.4375 0.6859375 0.434375 0.709375 0.4296875 0.7125 0.4265625 0.7390625 0.425 0.74375 0.421875 0.7453125 0.4203125 0.75625 0.415625 0.759375 0.415625 0.7625 0.4140625 0.7609375 0.4125 0.7625 0.4109375 0.775 0.396875 0.7734375 0.396875 0.76875 0.39375 0.765625 0.3953125 0.746875 0.396875 0.7421875 0.4015625 0.740625 0.403125 0.728125 0.4078125 0.7265625 0.409375 0.7078125 0.415625 0.696875 0.41875 0.6703125 0.4234375 0.6671875 0.4234375 0.659375 0.428125 0.65625 0.428125 0.6515625 0.4328125 0.6484375 0.4328125 0.6453125 0.434375 0.646875 0.4359375 0.6453125 0.4375 0.6328125 0.4421875 0.6296875 0.4421875 0.621875 0.446875 0.61875 0.446875 0.6109375 0.4515625 0.60625 0.453125 0.59375 0.4578125 0.590625 0.4578125 0.5828125 0.4625 0.5796875 0.4625 0.5765625 0.4703125 0.578125 0.4734375 0.5703125 0.478125 0.5703125 0.4796875 0.5671875
0 0.524430359462993 0.5916163663787669 0.5510204687082153 0.7105738735390468 0.5753398927986689 0.7414247619336417 0.6069965703818464 0.7464386870951876 0.630162162666159 0.7231086864429115 0.6385423125924843 0.6906871342725613 0.6690821368270342 0.6617753297152935 0.6763454334047317 0.5954280478261298 0.6720259338402731 0.540745766263104 0.6000735795450007 0.4213533528139609 0.5502069426429264 0.26496036832178527 0.5396300644768586 0.2497856203825651 0.507973386893681 0.24477169522101921 0.4773965842016182 0.2534283404502298 0.45531086680842003 0.2904289114932624 0.43750767052216777 0.3618566047712633 0.43549583456999086 0.41553610130197977 0.4524410267102074 0.4519687936015665 0.456723547817153 0.48639591583653485 0.524430359462993 0.5916163663787669
0 0.42040706492866475 0.8181323252823537 0.4373152786113682 0.834309858253883 0.4668491848698294 0.8322378019619734 0.48159764877030364 0.8210741941519899 0.49839492708046756 0.7764862491393473 0.5121004945473402 0.7719072302666647 0.5309465872671941 0.6938949480513628 0.5308356518946546 0.6331294700671908 0.5149333561880398 0.5901121888303031 0.47795126106431507 0.5572557303710898 0.43877243770084806 0.47680297180230635 0.414305099780342 0.3649314460954821 0.38894277925628684 0.3406651466381881 0.3562432052395078 0.3422358104139431 0.3267462774385596 0.36456302603391016 0.30782622780367946 0.4020649895930973 0.2942315957093463 0.46740948644995195 0.29542240597300035 0.5418455348248804 0.3514724645616577 0.618220667037136 0.3896083914915231 0.7052580145432202 0.42040706492866475 0.8181323252823537
0 0.2655112155161739 0.9150950479591231 0.28871378625799965 0.9120202066349042 0.30767081435039306 0.8947734024037743 0.3065169825442521 0.8405925133569033 0.33180534615328094 0.8243484941580826 0.3423822243193489 0.8395232420973027 0.3570197528472836 0.7675941563031472 0.3559028994986558 0.7336684265843336 0.33679795757620984 0.669894593503234 0.2732997101222892 0.5585909465398556 0.23088126208547818 0.4371264767988029 0.2086846093197408 0.41336156985766337 0.18019359949488106 0.4088490372122721 0.15807090364416992 0.4255944489272473 0.12652516143353185 0.4813460017498736 0.11084473647199564 0.55985967648133 0.12574111420252224 0.6297167059835758 0.1595945200254422 0.6823269312546918 0.2433145627504365 0.8913301410179836 0.2655112155161739 0.9150950479591231