3 0.3453125 0.4625 0.3546875 0.4640625 0.35 0.484375 0.353125 0.4859375 0.3515625 0.490625 0.35625 0.49375 0.3546875 0.496875 0.3578125 0.4984375 0.3546875 0.509375 0.359375 0.5125 0.3609375 0.5171875 0.359375 0.528125 0.3625 0.53125 0.3609375 0.540625 0.365625 0.5484375 0.3640625 0.553125 0.36875 0.5546875 0.3671875 0.559375 0.3640625 0.5578125 0.3609375 0.5625 0.3578125 0.55625 0.353125 0.55625 0.3546875 0.553125 0.3515625 0.5484375 0.353125 0.54375 0.3484375 0.5421875 0.35 0.5390625 0.346875 0.5359375 0.3484375 0.53125 0.34375 0.5296875 0.346875 0.5203125 0.34375 0.51875 0.34375 0.5125 0.3390625 0.5109375 0.3359375 0.5046875 0.3453125 0.4640625
3 0.359375 0.259375 0.3578125 0.2640625 0.3609375 0.265625 0.3609375 0.2703125 0.35625 0.2859375 0.3609375 0.2890625 0.3546875 0.309375 0.3578125 0.3125 0.35625 0.321875 0.359375 0.3234375 0.3578125 0.334375 0.3609375 0.346875 0.3578125 0.346875 0.35625 0.35 0.3546875 0.35 0.35625 0.346875 0.3546875 0.3453125 0.3484375 0.34375 0.35 0.3390625 0.3453125 0.3359375 0.34375 0.33125 0.3453125 0.3203125 0.3421875 0.3140625 0.3453125 0.30625 0.34375 0.2953125 0.353125 0.2578125 0.3578125 0.259375
1 0.4390625 0.6375 0.44375 0.6375 0.44375 0.64375 0.446875 0.6453125 0.4484375 0.65 0.453125 0.6515625 0.4546875 0.6640625 0.4578125 0.665625 0.4609375 0.6828125 0.4640625 0.684375 0.465625 0.690625 0.4703125 0.690625 0.4734375 0.7078125 0.478125 0.7109375 0.4734375 0.7265625 0.4703125 0.725 0.471875 0.7203125 0.465625 0.7171875 0.4671875 0.7140625 0.45625 0.7109375 0.4546875 0.709375 0.45625 0.7046875 0.45 0.7015625 0.4515625 0.696875 0.4453125 0.6953125 0.4453125 0.690625 0.440625 0.6890625 0.44375 0.6796875 0.440625 0.678125 0.4421875 0.6734375 0.4375 0.6703125 0.4390625 0.665625 0.4359375 0.6640625 0.434375 0.6578125 0.4359375 0.653125 0.43125 0.6515625 0.4328125 0.646875 0.4296875 0.64375 0.43125 0.640625 0.4375 0.6421875 0.4390625 0.6390625
1 0.3859375 0.4421875 0.390625 0.4421875 0.390625 0.4484375 0.384375 0.46875 0.3890625 0.4734375 0.3875 0.4765625 0.390625 0.478125 0.3875 0.4875 0.3921875 0.4890625 0.39375 0.496875 0.3921875 0.5015625 0.3953125 0.503125 0.3953125 0.5078125 0.3984375 0.509375 0.4 0.515625 0.3984375 0.525 0.39375 0.5296875 0.3875 0.5296875 0.3890625 0.50625 0.3859375 0.5046875 0.384375 0.4984375 0.3796875 0.4984375 0.378125 0.4859375 0.3734375 0.478125 0.3765625 0.465625 0.3765625 0.4625 0.3734375 0.4609375 0.3765625 0.446875 0.378125 0.4453125 0.384375 0.446875 0.3859375 0.44375
1 0.378125 0.259375 0.38125 0.265625 0.378125 0.275 0.3828125 0.278125 0.3796875 0.2875 0.3828125 0.2890625 0.38125 0.2984375 0.384375 0.3015625 0.3828125 0.30625 0.384375 0.3171875 0.3828125 0.3234375 0.3796875 0.3234375 0.378125 0.3265625 0.375 0.3265625 0.3765625 0.3234375 0.3734375 0.3203125 0.375 0.309375 0.371875 0.3078125 0.3734375 0.303125 0.371875 0.2796875 0.375 0.26875 0.3703125 0.2671875 0.371875 0.259375 0.3734375 0.2578125 0.3765625 0.259375
9 0.4 0.246875 0.409375 0.25 0.40625 0.2578125 0.409375 0.2625 0.4046875 0.2828125 0.4078125 0.284375 0.409375 0.2953125 0.4125 0.296875 0.4140625 0.3015625 0.4125 0.3125 0.4078125 0.3171875 0.4046875 0.315625 0.4015625 0.321875 0.396875 0.3203125 0.3984375 0.3109375 0.3953125 0.3078125 0.4 0.29375 0.396875 0.290625 0.3984375 0.28125 0.3953125 0.2796875 0.3953125 0.275 0.3984375 0.2671875 0.396875 0.25625 0.4 0.2484375
9 0.46875 0.609375 0.475 0.6109375 0.4734375 0.615625 0.4765625 0.6171875 0.475 0.621875 0.4796875 0.625 0.48125 0.6296875 0.4796875 0.634375 0.4875 0.6375 0.4921875 0.6546875 0.4953125 0.65625 0.496875 0.6515625 0.503125 0.653125 0.5015625 0.6578125 0.50625 0.659375 0.5078125 0.665625 0.50625 0.6765625 0.5109375 0.684375 0.5109375 0.6875 0.5015625 0.6859375 0.503125 0.68125 0.4921875 0.678125 0.4890625 0.6671875 0.4828125 0.6640625 0.484375 0.659375 0.48125 0.65625 0.4765625 0.65625 0.475 0.6453125 0.471875 0.64375 0.4734375 0.6390625 0.46875 0.63125 0.4703125 0.625 0.4703125 0.621875 0.4671875 0.6203125 0.46875 0.6109375
4 0.509375 0.54375 0.5140625 0.54375 0.5125 0.5546875 0.515625 0.55625 0.5171875 0.5625 0.515625 0.571875 0.51875 0.575 0.5203125 0.584375 0.525 0.5875 0.5234375 0.5921875 0.5265625 0.6046875 0.53125 0.60625 0.5296875 0.6109375 0.5359375 0.6140625 0.5359375 0.61875 0.5421875 0.621875 0.5421875 0.6265625 0.5515625 0.6296875 0.553125 0.6359375 0.5515625 0.6453125 0.5453125 0.64375 0.546875 0.640625 0.5453125 0.6390625 0.5359375 0.6375 0.5375 0.6328125 0.534375 0.6296875 0.5359375 0.625 0.528125 0.621875 0.5296875 0.61875 0.528125 0.6171875 0.521875 0.615625 0.5234375 0.6125 0.5203125 0.609375 0.521875 0.603125 0.5171875 0.6015625 0.51875 0.5984375 0.515625 0.596875 0.5171875 0.5921875 0.5125 0.5890625 0.5140625 0.584375 0.5109375 0.5828125 0.5125 0.571875 0.509375 0.5703125 0.5078125 0.565625 0.509375 0.559375 0.5078125 0.546875 0.509375 0.5453125
4 0.4625 0.384375 0.4671875 0.3859375 0.4640625 0.4015625 0.46875 0.4046875 0.465625 0.4140625 0.4671875 0.421875 0.465625 0.43125 0.4703125 0.440625 0.471875 0.45 0.475 0.453125 0.4765625 0.4625 0.48125 0.465625 0.478125 0.4734375 0.478125 0.4765625 0.48125 0.478125 0.4796875 0.48125 0.471875 0.4796875 0.4703125 0.478125 0.471875 0.475 0.4671875 0.4734375 0.46875 0.4703125 0.465625 0.465625 0.4671875 0.4609375 0.4625 0.459375 0.4640625 0.45625 0.4609375 0.453125 0.4640625 0.44375 0.4609375 0.4375 0.4578125 0.4359375 0.459375 0.425 0.4578125 0.41875 0.4546875 0.4171875 0.45625 0.4078125 0.453125 0.4046875 0.45625 0.3921875 0.4625 0.3859375
4 0.440625 0.2328125 0.4359375 0.2484375 0.4390625 0.25 0.4375 0.259375 0.440625 0.2625 0.4390625 0.26875 0.440625 0.275 0.4390625 0.284375 0.4421875 0.2859375 0.440625 0.296875 0.44375 0.2984375 0.4421875 0.303125 0.4453125 0.3046875 0.440625 0.309375 0.440625 0.3125 0.4375 0.3125 0.4390625 0.3078125 0.434375 0.30625 0.4328125 0.3015625 0.428125 0.2984375 0.43125 0.290625 0.428125 0.2875 0.43125 0.278125 0.428125 0.2734375 0.43125 0.265625 0.4265625 0.2640625 0.434375 0.228125 0.4375 0.2265625 0.4390625 0.2328125
0 0.4697597630500415 0.6212869657844996 0.39263642445711733 0.6957501059232454 0.38346283695759464 0.7168859107037617 0.387616143631195 0.7472002426502351 0.38486703118119875 0.7582263304488259 0.4027955381033861 0.7802636870467048 0.4248477137005679 0.7857619119466972 0.43357299512462655 0.7820816096807326 0.44872275159821184 0.7682915904328425 0.464320814147261 0.7370460686704007 0.502419358368956 0.6938432692933997 0.5680683030878252 0.6340865192192092 0.5799910030373442 0.6019246266401022 0.5749114462142099 0.5596678360783724 0.562959108266085 0.5449762650131199 0.5372315700693729 0.5385616692964621 0.5055575008972044 0.5716547516915377 0.4697597630500415 0.6212869657844996
0 0.3800875904404985 0.4642467191507461 0.336461183320205 0.4826482304805692 0.3249867894461501 0.4973546205451247 0.3194885645461577 0.5194067961423064 0.3217893709206899 0.5258362108582673 0.31261578342116714 0.5469720156387836 0.3149165897956993 0.5534014303547444 0.32594267759429013 0.5561505428047406 0.33054429034335453 0.5690093722366625 0.3525964659405363 0.5745075971366548 0.36132174736459494 0.5708272948706902 0.39804573536129195 0.5331375393929846 0.41917166080893964 0.5266933056777208 0.4581964551801687 0.49543296491597594 0.5018228623004621 0.47703145358615284 0.5146718123995152 0.45681201962230195 0.512371006024983 0.45038260490634113 0.5169429807754414 0.41638797069390304 0.500389030078252 0.38883757019672893 0.48936294227966115 0.3860884577467327 0.3800875904404985 0.4642467191507461
0 0.4387452020399533 0.24464133399559418 0.4286453643908965 0.2538346801608542 0.41119480154277904 0.2611952846927835 0.4038440763437185 0.25936254305945267 0.38501895727060303 0.2722361914906773 0.3739928694720122 0.26948707904068103 0.3689429506474838 0.274083752123311 0.3528669440243645 0.27593131275594485 0.3363426313257811 0.29523437590313045 0.33221896265078676 0.31177350760101674 0.34004763192391746 0.3430042103641555 0.3584244449215689 0.3475860644474825 0.38734940164374115 0.3255190698509979 0.39470012684280176 0.3273518114843287 0.4208759711149779 0.31631090468643486 0.4319020589135688 0.319060017136431 0.4580779031857448 0.3080191103385372 0.46312782201027325 0.3034224372559071 0.4700006031352638 0.27585721775943 0.46447274023666535 0.251055929712252 0.45482120866307263 0.24279377336296037 0.44977128983854425 0.24739044644559036 0.4387452020399533 0.24464133399559418