9 0.4453125 0.7640625 0.4625 0.7671875 0.45625 0.80625 0.45625 0.81875 0.4546875 0.825 0.4515625 0.825 0.45 0.8296875 0.446875 0.8296875 0.4453125 0.825 0.4375 0.8234375 0.4453125 0.765625
9 0.48125 0.4625 0.4984375 0.4640625 0.4921875 0.521875 0.475 0.5203125 0.48125 0.4640625
9 0.4171875 0.7609375 0.425 0.7625 0.425 0.765625 0.428125 0.7671875 0.4234375 0.815625 0.421875 0.821875 0.4046875 0.81875 0.4109375 0.765625 0.415625 0.765625 0.4171875 0.7625
9 0.403125 0.6015625 0.4109375 0.603125 0.4109375 0.60625 0.415625 0.609375 0.4078125 0.6703125 0.390625 0.66875 0.396875 0.6109375 0.3984375 0.60625 0.4015625 0.60625 0.403125 0.603125
9 0.4859375 0.1546875 0.503125 0.15625 0.496875 0.215625 0.4796875 0.2140625 0.4859375 0.15625
9 0.453125 0.459375 0.4609375 0.459375 0.4609375 0.4625 0.465625 0.465625 0.459375 0.5171875 0.4421875 0.515625 0.4484375 0.4625 0.453125 0.4609375
9 0.534375 0.159375 0.5359375 0.16875 0.5296875 0.21875 0.5125 0.2171875 0.5125 0.2078125 0.51875 0.159375 0.5203125 0.1578125 0.5328125 0.159375
9 0.421875 0.45 0.4265625 0.45 0.4296875 0.4515625 0.43125 0.45625 0.434375 0.45625 0.4265625 0.51875 0.4109375 0.5171875 0.409375 0.5078125 0.415625 0.4578125 0.421875 0.4515625
9 0.4671875 0.6140625 0.4796875 0.615625 0.4734375 0.6734375 0.45625 0.671875 0.4625 0.615625 0.465625 0.6140625
9 0.5046875 0.3109375 0.5171875 0.3125 0.5125 0.359375 0.509375 0.371875 0.4984375 0.3703125 0.5 0.3484375 0.496875 0.3421875 0.4984375 0.34375 0.5015625 0.3421875 0.5015625 0.334375 0.4984375 0.3328125 0.4984375 0.321875 0.5 0.315625 0.503125 0.315625 0.5046875 0.3125
9 0.384375 0.753125 0.3921875 0.753125 0.3921875 0.75625 0.396875 0.759375 0.3890625 0.821875 0.371875 0.8203125 0.378125 0.7625 0.3796875 0.75625 0.3828125 0.7578125 0.384375 0.7546875
9 0.440625 0.2984375 0.453125 0.3 0.4453125 0.365625 0.4328125 0.365625 0.434375 0.3546875 0.4296875 0.3515625 0.434375 0.3046875 0.4359375 0.3015625 0.4390625 0.303125 0.440625 0.3
9 0.4734375 0.30625 0.4796875 0.3078125 0.4796875 0.3109375 0.484375 0.3125 0.478125 0.3671875 0.465625 0.365625 0.465625 0.3625 0.4609375 0.3609375 0.465625 0.3203125 0.471875 0.31875 0.471875 0.3078125
9 0.459375 0.146875 0.4671875 0.146875 0.4671875 0.15 0.4703125 0.1515625 0.4703125 0.165625 0.46875 0.16875 0.4640625 0.1703125 0.4640625 0.1734375 0.46875 0.1765625 0.4640625 0.215625 0.446875 0.2140625 0.453125 0.1515625 0.459375 0.1484375
9 0.4421875 0.6109375 0.44375 0.6125 0.4421875 0.6140625 0.446875 0.6171875 0.446875 0.625 0.440625 0.6703125 0.4234375 0.6671875 0.4296875 0.615625 0.4328125 0.615625 0.4359375 0.6109375 0.440625 0.6109375
4 0.53125 0.46875 0.54375 0.4703125 0.5359375 0.53125 0.5234375 0.5296875 0.53125 0.4703125
4 0.56875 0.1640625 0.58125 0.165625 0.5734375 0.2296875 0.5609375 0.228125 0.56875 0.165625
4 0.5546875 0.3125 0.5578125 0.3125 0.5578125 0.315625 0.5625 0.3171875 0.55625 0.375 0.5546875 0.3796875 0.5484375 0.3796875 0.5453125 0.375 0.5421875 0.375 0.55 0.3171875 0.553125 0.3171875 0.5546875 0.3140625
4 0.5125 0.6203125 0.525 0.621875 0.5171875 0.684375 0.5046875 0.68125 0.5125 0.621875
4 0.50625 0.771875 0.4984375 0.8359375 0.4859375 0.834375 0.49375 0.771875 0.4953125 0.7703125 0.5046875 0.771875
0 0.6176117528530686 0.18793309362497673 0.5882669549620336 0.16100801880070525 0.4550084438620415 0.1446459310287178 0.4234882479653564 0.1734265189965806 0.45573553715928883 0.21470116696126476 0.5941533792548666 0.22703234358401053 0.6176117528530686 0.18793309362497673
0 0.5995570353115652 0.33497696794220955 0.5788382696421854 0.3137754340366956 0.4363895163973662 0.29628492641836424 0.4089002316499227 0.3302248453818125 0.4238954564005448 0.3600524115089816 0.5755344517901912 0.3786713389736569 0.6018953166912908 0.3539216621550357 0.5995570353115652 0.33497696794220955
0 0.5728762855484069 0.47629730134068493 0.41777058893269087 0.44792392180801055 0.3897170942620754 0.4864589618438725 0.4052765289358695 0.511691406898628 0.5569155243255159 0.5303103343633033 0.5832763892266155 0.505560657544682 0.5728762855484069 0.47629730134068493
0 0.5542573580837316 0.6279362967303314 0.3991516614680156 0.599562917197657 0.3710981667974001 0.6380979572335189 0.38665760147119427 0.6633304022882744 0.5382965968608406 0.6819493297529498 0.5646574617619402 0.6571996529343285 0.5542573580837316 0.6279362967303314
0 0.5396693417682978 0.7847346231155633 0.5137912451033324 0.7675640003592908 0.3805327340033403 0.7512019125873034 0.3524792393327248 0.7897369526231653 0.3680386740065189 0.8149693976779208 0.5196776693961653 0.8335883251425962 0.5460385342972649 0.808838648323975 0.5396693417682978 0.7847346231155633