9 0.5390625 0.11875 0.5421875 0.1203125 0.540625 0.1234375 0.5421875 0.125 0.55 0.1265625 0.5390625 0.18125 0.5375 0.1859375 0.5203125 0.1828125 0.53125 0.128125 0.5328125 0.1234375 0.5390625 0.1203125
9 0.4671875 0.434375 0.4828125 0.4375 0.4828125 0.4453125 0.471875 0.496875 0.4640625 0.496875 0.45625 0.4953125 0.4546875 0.4890625 0.4671875 0.4359375
9 0.565625 0.1296875 0.5828125 0.1328125 0.5734375 0.184375 0.571875 0.1890625 0.56875 0.1875 0.5671875 0.1921875 0.5640625 0.1921875 0.5578125 0.190625 0.5578125 0.1859375 0.553125 0.184375 0.565625 0.13125
9 0.5671875 0.2875 0.5828125 0.290625 0.5828125 0.2984375 0.5703125 0.35625 0.5671875 0.3546875 0.5640625 0.359375 0.5609375 0.359375 0.55625 0.3578125 0.5578125 0.3546875 0.553125 0.3515625 0.553125 0.3484375 0.5671875 0.2890625
9 0.4328125 0.7515625 0.4515625 0.7546875 0.4390625 0.815625 0.4203125 0.8109375 0.4328125 0.753125
9 0.4984375 0.4421875 0.5171875 0.4453125 0.50625 0.4984375 0.503125 0.4984375 0.5 0.503125 0.49375 0.503125 0.490625 0.5015625 0.4921875 0.496875 0.4875 0.4953125 0.4875 0.4921875 0.4984375 0.44375
9 0.4171875 0.7484375 0.4046875 0.8078125 0.3890625 0.8046875 0.3890625 0.7984375 0.4 0.746875 0.40625 0.7453125 0.415625 0.7484375
9 0.534375 0.4421875 0.55 0.4453125 0.55 0.453125 0.5375 0.5109375 0.5328125 0.5109375 0.5296875 0.515625 0.5234375 0.5140625 0.5203125 0.503125 0.534375 0.44375
9 0.5 0.278125 0.5171875 0.2828125 0.50625 0.3359375 0.503125 0.3421875 0.4875 0.3375 0.5 0.2796875
9 0.434375 0.5890625 0.446875 0.5921875 0.4421875 0.6078125 0.4453125 0.6203125 0.4421875 0.61875 0.4390625 0.6234375 0.4390625 0.628125 0.4421875 0.6296875 0.4421875 0.6375 0.4390625 0.646875 0.4359375 0.646875 0.4328125 0.6515625 0.421875 0.6484375 0.421875 0.64375 0.434375 0.590625
9 0.6 0.1328125 0.6171875 0.1359375 0.603125 0.2 0.6 0.2 0.596875 0.2046875 0.5921875 0.2046875 0.5890625 0.203125 0.590625 0.1984375 0.5859375 0.1953125 0.6 0.134375
9 0.5 0.5984375 0.5125 0.6 0.5109375 0.6140625 0.5140625 0.615625 0.5046875 0.665625 0.5 0.665625 0.4984375 0.6703125 0.4859375 0.6671875 0.5 0.6
9 0.4671875 0.5953125 0.4796875 0.5984375 0.4828125 0.6046875 0.4765625 0.640625 0.475 0.6453125 0.46875 0.6484375 0.4671875 0.6578125 0.4578125 0.65625 0.459375 0.653125 0.4546875 0.65 0.465625 0.596875
9 0.4671875 0.7546875 0.484375 0.7578125 0.471875 0.8203125 0.4671875 0.821875 0.465625 0.825 0.459375 0.825 0.4578125 0.8203125 0.4546875 0.81875 0.4546875 0.8125 0.4578125 0.8 0.4640625 0.796875 0.459375 0.79375 0.459375 0.790625 0.4671875 0.75625
9 0.53125 0.2859375 0.55 0.2890625 0.540625 0.3390625 0.5390625 0.34375 0.5359375 0.34375 0.5328125 0.3484375 0.525 0.346875 0.5234375 0.3453125 0.525 0.3421875 0.5203125 0.340625 0.53125 0.2875
4 0.4203125 0.41875 0.4328125 0.4203125 0.41875 0.4859375 0.4078125 0.484375 0.4078125 0.4765625 0.4203125 0.4203125
4 0.3546875 0.7296875 0.3671875 0.7328125 0.35625 0.7859375 0.353125 0.796875 0.340625 0.79375 0.3546875 0.73125
4 0.3875 0.575 0.3953125 0.575 0.3953125 0.5796875 0.3984375 0.58125 0.3984375 0.5875 0.3953125 0.5953125 0.3875 0.6390625 0.3828125 0.640625 0.38125 0.64375 0.378125 0.64375 0.378125 0.640625 0.375 0.6390625 0.375 0.63125 0.3875 0.5765625
4 0.453125 0.2640625 0.465625 0.2671875 0.4515625 0.33125 0.440625 0.328125 0.440625 0.321875 0.453125 0.265625
4 0.48515625 0.14296875 0.028125 0.06875
0 0.30535303200930103 0.7682777476121754 0.333273583697031 0.7987879391477204 0.4696499318762635 0.827775626809812 0.504862756107644 0.8008546505587055 0.4752382980339499 0.7552369854990302 0.333159741722258 0.7299523550961504 0.30535303200930103 0.7682777476121754
0 0.33733944598126403 0.6177935013454361 0.35685430771394666 0.6416019093118978 0.5026359212848504 0.672588747847237 0.5341456882570191 0.6399655634636713 0.5213326100934197 0.6077514655421623 0.3661457311308448 0.5747654761335755 0.33663511503192367 0.5979833951254699 0.33733944598126403 0.6177935013454361
0 0.3777315499082743 0.47401103864778005 0.5356219106934372 0.5174018688846619 0.5681312531022298 0.48007605180526075 0.5543185995020066 0.4525645865795873 0.3991317205394317 0.4195785971710005 0.36962110444051055 0.44279651616289495 0.3777315499082743 0.47401103864778005
0 0.4107175393168611 0.3188241596852051 0.568607900102024 0.36221498992208695 0.6011172425108166 0.3248891728426858 0.5873045889105935 0.2973777076170124 0.43211770994801846 0.26439171820842555 0.4026070938490974 0.28760963720032 0.4107175393168611 0.3188241596852051
0 0.4400004714662361 0.1579350725901707 0.4652175413313782 0.1780404232974206 0.6015938895106108 0.2070281109595121 0.6341032319194034 0.16970229388011085 0.6202905783191802 0.1421908286544375 0.4651036993566053 0.10920483924585067 0.4355930832576842 0.13242275823774508 0.4400004714662361 0.1579350725901707