0 0.94453125 0.58046875 0.1109375 0.3859375
9 0.084375 0.4125 0.125 0.4203125 0.1265625 0.421875 0.125 0.4296875 0.1328125 0.4328125 0.1375 0.43125 0.1390625 0.4234375 0.1765625 0.43125 0.1796875 0.4328125 0.178125 0.4375 0.1796875 0.4421875 0.1984375 0.4453125 0.1984375 0.453125 0.1921875 0.4765625 0.0703125 0.4515625 0.065625 0.45 0.0671875 0.440625 0.0625 0.4375 0.0578125 0.4375 0.059375 0.428125 0.06875 0.4296875 0.071875 0.425 0.071875 0.4203125 0.0734375 0.41875 0.08125 0.421875 0.084375 0.41875 0.084375 0.4140625
9 0.0875 0.346875 0.0953125 0.346875 0.1828125 0.365625 0.18125 0.375 0.184375 0.378125 0.2125 0.3828125 0.2109375 0.39375 0.2203125 0.396875 0.2171875 0.415625 0.2078125 0.4140625 0.203125 0.425 0.1515625 0.4140625 0.153125 0.4046875 0.15 0.4015625 0.0796875 0.3875 0.08125 0.378125 0.0703125 0.3734375 0.075 0.3546875 0.084375 0.35625 0.0875 0.3484375
9 0.0890625 0.2671875 0.2203125 0.2953125 0.21875 0.3046875 0.221875 0.3078125 0.2390625 0.3109375 0.2328125 0.3421875 0.121875 0.31875 0.1171875 0.3171875 0.11875 0.3078125 0.1140625 0.3046875 0.0765625 0.296875 0.08125 0.26875 0.0875 0.2671875
9 0.490625 0.4421875 0.6015625 0.465625 0.6046875 0.4671875 0.603125 0.475 0.6046875 0.478125 0.625 0.4828125 0.6203125 0.5015625 0.6109375 0.5 0.6078125 0.5109375 0.4875 0.4859375 0.4828125 0.484375 0.484375 0.475 0.4796875 0.471875 0.475 0.471875 0.4734375 0.46875 0.4765625 0.453125 0.478125 0.4515625 0.4875 0.453125 0.490625 0.44375
4 0.0484375 0.48125 0.2125 0.515625 0.2171875 0.5171875 0.215625 0.5265625 0.2265625 0.53125 0.221875 0.55 0.2125 0.5484375 0.209375 0.553125 0.209375 0.5578125 0.203125 0.5578125 0.040625 0.5234375 0.0390625 0.521875 0.040625 0.5125 0.03125 0.509375 0.03125 0.5046875 0.034375 0.490625 0.0359375 0.4890625 0.04375 0.4921875 0.0484375 0.4828125
4 0.2640625 0.5265625 0.409375 0.5578125 0.40625 0.5671875 0.4171875 0.5703125 0.415625 0.5796875 0.40625 0.578125 0.403125 0.58125 0.4015625 0.5890625 0.39375 0.5859375 0.390625 0.5890625 0.3890625 0.596875 0.253125 0.56875 0.2515625 0.5671875 0.253125 0.5578125 0.24375 0.5546875 0.246875 0.534375 0.25 0.5234375 0.2625 0.5265625
3 0.4703125 0.5703125 0.565625 0.590625 0.5671875 0.603125 0.596875 0.609375 0.5953125 0.61875 0.60625 0.621875 0.603125 0.6390625 0.6 0.6421875 0.58125 0.6375 0.578125 0.6484375 0.5484375 0.6421875 0.55 0.6328125 0.546875 0.6296875 0.4546875 0.6109375 0.45625 0.6015625 0.4515625 0.5984375 0.446875 0.5984375 0.45 0.578125 0.4609375 0.5796875 0.4625 0.571875 0.46875 0.5703125
3 0.3 0.4671875 0.421875 0.49375 0.4171875 0.521875 0.415625 0.525 0.40625 0.521875 0.403125 0.5328125 0.2875 0.5078125 0.2890625 0.4984375 0.278125 0.4953125 0.284375 0.4640625 0.2984375 0.4671875
3 0.309375 0.3140625 0.3984375 0.334375 0.4421875 0.3421875 0.44375 0.34375 0.4421875 0.353125 0.4515625 0.35625 0.4515625 0.359375 0.4484375 0.375 0.446875 0.3765625 0.4375 0.375 0.434375 0.384375 0.2984375 0.35625 0.296875 0.3546875 0.2984375 0.3453125 0.2890625 0.3421875 0.2890625 0.3359375 0.2921875 0.3234375 0.29375 0.321875 0.303125 0.3234375 0.3046875 0.315625 0.3078125 0.3140625
6 0.4765625 0.5046875 0.6140625 0.534375 0.6109375 0.54375 0.621875 0.546875 0.61875 0.565625 0.6171875 0.5671875 0.6078125 0.565625 0.6046875 0.575 0.459375 0.5453125 0.4578125 0.5421875 0.465625 0.5046875 0.4671875 0.503125 0.475 0.5046875
1 0.303125 0.3796875 0.3546875 0.3921875 0.428125 0.40625 0.4296875 0.409375 0.425 0.428125 0.4359375 0.43125 0.4328125 0.440625 0.4234375 0.4390625 0.421875 0.446875 0.4171875 0.4484375 0.284375 0.4203125 0.2828125 0.41875 0.2890625 0.3890625 0.3 0.390625 0.303125 0.38125
8 0.7 0.553125 0.8234375 0.578125 0.8265625 0.5796875 0.8234375 0.5890625 0.834375 0.5921875 0.8296875 0.6125 0.8203125 0.6109375 0.8171875 0.6203125 0.69375 0.5953125 0.6921875 0.59375 0.69375 0.584375 0.6828125 0.58125 0.6875 0.5609375 0.696875 0.5625 0.7 0.5546875
12 0.7 0.609375 0.7578125 0.6203125 0.7609375 0.621875 0.759375 0.6265625 0.7609375 0.6328125 0.821875 0.6453125 0.8234375 0.6578125 0.8421875 0.6609375 0.8359375 0.6921875 0.815625 0.6875 0.8109375 0.6984375 0.7296875 0.6796875 0.634375 0.6609375 0.6328125 0.6578125 0.6390625 0.6296875 0.6484375 0.63125 0.6515625 0.628125 0.653125 0.6203125 0.6734375 0.625 0.6765625 0.6140625 0.696875 0.61875 0.7 0.6109375
1 0.76796875 0.53359375 0.1109375 0.053125
4 0.7859375 0.46015625 0.14375 0.05625
0 0.23168173000091655 0.29850602008220944 0.22556951022810892 0.2749820321225858 0.18756117304006864 0.24467831511455698 0.17466922421885608 0.2530504445701662 0.15340514594203422 0.24853062520456276 0.1147292994783961 0.2736470135713903 0.10342975106438743 0.326807209263445 0.11180188051999673 0.33969915808465767 0.053711738042749334 0.5607120703084855 0.08946016554798793 0.6016478264549252 0.13198832210163164 0.6106874651861322 0.17066416856526975 0.5855710768193045 0.18196371697927843 0.5324108811272499 0.17359158752366907 0.5195189323060372 0.20749023276569506 0.36003834522987327 0.22038218158690787 0.3516662157742641 0.23168173000091655 0.29850602008220944
0 0.4465824224519369 0.3330721745998332 0.4108339949466983 0.29213641845339333 0.38956991666987645 0.2876165990877899 0.3402620310678275 0.3104730777718159 0.32962999192941655 0.30821316808901406 0.31381062414980443 0.3826374420578905 0.32218275360541365 0.39552939087910327 0.2995836567773963 0.5018497822632126 0.30795578623300546 0.5147417310844252 0.30343596686740204 0.5360058093612471 0.2905440180461894 0.5443779388168564 0.276984559949379 0.608170173647322 0.31273298745461753 0.6491059297937616 0.35526114400826125 0.6581455685249685 0.3787851319678849 0.6520333487521611 0.3916770807890975 0.6436612192965518 0.40749644856870965 0.5692369453276753 0.39912431911310053 0.5563449965064626 0.41494368689271266 0.48192072253758617 0.40657155743710344 0.4690287737163735 0.4465824224519369 0.3330721745998332
0 0.5809466211612732 0.3282949733782211 0.5551627235188479 0.34503923228943945 0.544530684380437 0.34277932260663774 0.5293788258764225 0.36178349120065795 0.5264514069180231 0.4278356357139252 0.4948126713587988 0.5766841836516783 0.48192072253758617 0.5850563131072875 0.46836126444077575 0.648848547937753 0.49347765280760336 0.687524394401391 0.546637848499658 0.6988239428153997 0.585313694963296 0.6737075544485721 0.5988731530601064 0.6099153196181064 0.5905010236044972 0.5970233707968939 0.6485911660817445 0.37601045857306603 0.612842738576506 0.3350747024266263 0.5809466211612732 0.3282949733782211
0 0.8567121294843597 0.4424727305059225 0.842227780255943 0.40605679372508624 0.8042194430679027 0.3757530767170575 0.7806954551082791 0.3818652964898649 0.7268677501406267 0.42598585345071277 0.7200880210922216 0.45788197086594556 0.7284601505478308 0.47077391968715815 0.6810020472089944 0.6940467415937878 0.6871142669818019 0.7175707295534114 0.706118435575822 0.7327225880574256 0.7699106704062876 0.7462820461542361 0.7956945680487129 0.7295377872430177 0.8108464265527273 0.7105336186489974 0.8176261556011324 0.6786375012337647 0.800881896689914 0.6528536035913394 0.8347805419319402 0.4933730165151754 0.8476724907531527 0.4850008870595663 0.8567121294843597 0.4424727305059225