0 0.515625 0.3609375 0.1078125 0.0828125
0 0.540625 0.21171875 0.1140625 0.0890625
0 0.4578125 0.8296875 0.16875 0.1125
0 0.4796875 0.696875 0.1328125 0.090625
1 0.45625 0.7765625 0.4625 0.778125 0.4640625 0.7921875 0.4546875 0.86875 0.453125 0.8703125 0.4421875 0.86875 0.4515625 0.78125 0.4546875 0.78125 0.45625 0.778125
1 0.4828125 0.7796875 0.4921875 0.78125 0.490625 0.784375 0.49375 0.7859375 0.484375 0.8703125 0.4828125 0.878125 0.4734375 0.8765625 0.4734375 0.8734375 0.4703125 0.871875 0.4828125 0.78125
1 0.5078125 0.65625 0.5171875 0.6578125 0.509375 0.73125 0.5078125 0.7375 0.5 0.7375 0.496875 0.7296875 0.503125 0.66875 0.5078125 0.6640625 0.5078125 0.6578125
4 0.4203125 0.7671875 0.4265625 0.7671875 0.4296875 0.778125 0.41875 0.865625 0.40625 0.8640625 0.415625 0.778125 0.4203125 0.76875
7 0.465625 0.65 0.46875 0.65625 0.46875 0.665625 0.4609375 0.728125 0.4546875 0.7359375 0.4546875 0.7328125 0.45 0.7296875 0.4515625 0.7265625 0.4484375 0.725 0.4546875 0.665625 0.45625 0.6609375 0.459375 0.659375 0.459375 0.6546875 0.465625 0.6515625
7 0.490625 0.653125 0.4953125 0.6546875 0.4953125 0.6578125 0.4984375 0.659375 0.4984375 0.6671875 0.496875 0.675 0.49375 0.6765625 0.4921875 0.68125 0.4890625 0.70625 0.4921875 0.709375 0.4921875 0.7171875 0.4890625 0.7359375 0.4859375 0.7390625 0.4796875 0.7390625 0.4796875 0.7359375 0.4765625 0.734375 0.4796875 0.7140625 0.475 0.7125 0.475 0.7046875 0.4796875 0.6703125 0.484375 0.66875 0.4859375 0.6546875 0.4890625 0.653125
1 0.5375 0.178125 0.54375 0.178125 0.5453125 0.184375 0.540625 0.2328125 0.5359375 0.2421875 0.5296875 0.2421875 0.5375 0.1796875
1 0.509375 0.378125 0.515625 0.3296875 0.5203125 0.3296875 0.5203125 0.334375 0.5171875 0.3484375 0.515625 0.3734375 0.5140625 0.378125 0.5109375 0.378125
3 0.5109375 0.7890625 0.515625 0.7890625 0.515625 0.7953125 0.50625 0.871875 0.5046875 0.8765625 0.5 0.875 0.5109375 0.790625
9 0.5484375 0.24375 0.55625 0.1796875 0.5625 0.1828125 0.5546875 0.24375 0.55 0.24375
4 0.5125 0.175 0.5171875 0.175 0.5140625 0.1953125 0.51875 0.196875 0.515625 0.23125 0.5140625 0.234375 0.5078125 0.234375 0.509375 0.23125 0.50625 0.228125 0.5078125 0.21875 0.503125 0.215625 0.50625 0.1859375 0.5109375 0.184375 0.5125 0.1765625
9 0.528125 0.6578125 0.528125 0.6625 0.53125 0.6640625 0.53125 0.66875 0.534375 0.6703125 0.5375 0.68125 0.53125 0.7296875 0.5265625 0.734375 0.5265625 0.740625 0.5171875 0.7390625 0.5171875 0.734375 0.5140625 0.7328125 0.5203125 0.66875 0.521875 0.6625 0.525 0.6625 0.5265625 0.659375
8 0.5265625 0.171875 0.5359375 0.1734375 0.5328125 0.2078125 0.53125 0.2140625 0.528125 0.215625 0.5296875 0.2328125 0.525 0.2375 0.525 0.240625 0.51875 0.240625 0.51875 0.2328125 0.5265625 0.1734375
2 0.5 0.3234375 0.50625 0.3234375 0.5015625 0.371875 0.4953125 0.3828125 0.4921875 0.3703125 0.4953125 0.334375 0.496875 0.3265625 0.5 0.325