3 0.6265625 0.415625 0.6296875 0.421875 0.6359375 0.421875 0.6421875 0.4359375 0.646875 0.4375 0.646875 0.4421875 0.65 0.44375 0.65 0.453125 0.653125 0.4546875 0.653125 0.4578125 0.6609375 0.459375 0.6609375 0.4640625 0.6640625 0.465625 0.6640625 0.5078125 0.6546875 0.5078125 0.6546875 0.4875 0.6515625 0.4859375 0.6515625 0.48125 0.6484375 0.4796875 0.6484375 0.4765625 0.64375 0.475 0.64375 0.465625 0.640625 0.4640625 0.640625 0.459375 0.6375 0.4578125 0.6375 0.4484375 0.6328125 0.446875 0.6328125 0.4375 0.6265625 0.43125 0.6265625 0.4265625 0.621875 0.425 0.621875 0.421875 0.625 0.421875 0.6265625 0.4171875
3 0.68125 0.6125 0.684375 0.61875 0.690625 0.61875 0.690625 0.621875 0.69375 0.6234375 0.69375 0.628125 0.696875 0.6296875 0.696875 0.6390625 0.7015625 0.640625 0.7015625 0.6546875 0.7046875 0.65625 0.7046875 0.6984375 0.6984375 0.6984375 0.6984375 0.6953125 0.6953125 0.69375 0.6953125 0.6734375 0.6921875 0.671875 0.6921875 0.6515625 0.6875 0.65 0.6875 0.640625 0.684375 0.6390625 0.684375 0.6296875 0.68125 0.628125 0.68125 0.6234375 0.6765625 0.621875 0.6765625 0.61875 0.6796875 0.61875 0.68125 0.6140625
1 0.484375 0.290625 0.4875 0.2953125 0.49375 0.2953125 0.4953125 0.3015625 0.5046875 0.3015625 0.50625 0.30625 0.5125 0.30625 0.5125 0.3109375 0.51875 0.3125 0.51875 0.315625 0.5234375 0.3171875 0.5234375 0.3265625 0.5265625 0.328125 0.5265625 0.3328125 0.5296875 0.334375 0.53125 0.3390625 0.534375 0.3390625 0.534375 0.34375 0.540625 0.35 0.540625 0.3546875 0.5453125 0.35625 0.5453125 0.359375 0.5375 0.3609375 0.5375 0.365625 0.53125 0.365625 0.53125 0.3609375 0.528125 0.359375 0.528125 0.35625 0.5203125 0.3546875 0.5203125 0.35 0.5140625 0.34375 0.5140625 0.3390625 0.509375 0.3375 0.509375 0.334375 0.50625 0.3328125 0.50625 0.328125 0.503125 0.3265625 0.503125 0.3234375 0.4953125 0.321875 0.4953125 0.3171875 0.4921875 0.315625 0.4921875 0.3125 0.4875 0.3109375 0.4875 0.30625 0.484375 0.3046875 0.484375 0.2921875
1 0.6046875 0.4546875 0.609375 0.4546875 0.609375 0.4640625 0.6140625 0.465625 0.6140625 0.475 0.6171875 0.4765625 0.6171875 0.4796875 0.625 0.48125 0.625 0.4859375 0.63125 0.4921875 0.63125 0.496875 0.6359375 0.4984375 0.6359375 0.5125 0.6390625 0.5140625 0.6390625 0.5296875 0.6328125 0.5296875 0.63125 0.534375 0.6265625 0.534375 0.6265625 0.509375 0.621875 0.5078125 0.621875 0.503125 0.61875 0.5015625 0.61875 0.4921875 0.615625 0.490625 0.6140625 0.4859375 0.6109375 0.4859375 0.6109375 0.48125 0.6046875 0.475 0.6046875 0.4703125 0.6 0.46875 0.6 0.459375 0.603125 0.459375 0.6046875 0.45625
1 0.665625 0.640625 0.66875 0.640625 0.66875 0.64375 0.671875 0.6453125 0.671875 0.6546875 0.675 0.65625 0.675 0.665625 0.6796875 0.6671875 0.6796875 0.6765625 0.6828125 0.678125 0.6828125 0.69375 0.6859375 0.6953125 0.6859375 0.7046875 0.68125 0.7046875 0.68125 0.7 0.6765625 0.6984375 0.6765625 0.6890625 0.6734375 0.6875 0.6734375 0.678125 0.6703125 0.6765625 0.6703125 0.6671875 0.665625 0.665625 0.665625 0.65625 0.6625 0.6546875 0.6625 0.6453125 0.665625 0.6421875
9 0.64375 0.6515625 0.65 0.6515625 0.65 0.6609375 0.653125 0.6625 0.653125 0.6765625 0.6578125 0.678125 0.6578125 0.6875 0.6609375 0.6890625 0.6609375 0.7046875 0.6640625 0.70625 0.6640625 0.7203125 0.6546875 0.7203125 0.6546875 0.7109375 0.6515625 0.709375 0.6515625 0.6890625 0.6484375 0.6875 0.646875 0.6828125 0.64375 0.6828125 0.64375 0.678125 0.6375 0.671875 0.6375 0.6625 0.640625 0.6609375 0.640625 0.65625 0.64375 0.653125
9 0.459375 0.334375 0.46875 0.334375 0.4703125 0.3390625 0.4796875 0.3390625 0.4796875 0.34375 0.4828125 0.3453125 0.4828125 0.3484375 0.490625 0.35 0.490625 0.3546875 0.496875 0.35625 0.496875 0.359375 0.5015625 0.3609375 0.5015625 0.365625 0.5078125 0.371875 0.5078125 0.3765625 0.5125 0.378125 0.5125 0.3875 0.515625 0.3890625 0.515625 0.3984375 0.509375 0.3984375 0.509375 0.39375 0.503125 0.3875 0.503125 0.3828125 0.4984375 0.38125 0.496875 0.3765625 0.4921875 0.3765625 0.4921875 0.371875 0.4875 0.3703125 0.4828125 0.359375 0.4796875 0.3609375 0.4796875 0.365625 0.4734375 0.365625 0.4734375 0.3609375 0.4703125 0.359375 0.4703125 0.35625 0.465625 0.3546875 0.465625 0.3453125 0.4625 0.34375 0.4625 0.3390625 0.459375 0.3359375
4 0.4296875 0.3828125 0.4359375 0.3828125 0.4375 0.3890625 0.446875 0.3890625 0.4515625 0.4 0.4578125 0.4 0.459375 0.4046875 0.4640625 0.4046875 0.4640625 0.409375 0.46875 0.4109375 0.475 0.425 0.4796875 0.4265625 0.4796875 0.43125 0.4828125 0.4328125 0.4828125 0.4421875 0.4859375 0.44375 0.4875 0.4484375 0.490625 0.4484375 0.490625 0.4578125 0.49375 0.459375 0.49375 0.46875 0.4875 0.46875 0.4875 0.459375 0.48125 0.453125 0.48125 0.44375 0.4765625 0.4421875 0.4765625 0.4375 0.4703125 0.43125 0.4703125 0.4265625 0.465625 0.425 0.4578125 0.409375 0.4515625 0.409375 0.45 0.403125 0.44375 0.403125 0.4421875 0.3984375 0.4328125 0.3984375 0.4328125 0.39375 0.4296875 0.3921875 0.4296875 0.384375
4 0.5359375 0.5203125 0.5453125 0.5203125 0.5515625 0.534375 0.55625 0.5359375 0.55625 0.540625 0.559375 0.5421875 0.559375 0.5515625 0.5625 0.553125 0.5640625 0.5578125 0.5671875 0.5578125 0.5671875 0.5671875 0.5703125 0.56875 0.5703125 0.5734375 0.5734375 0.575 0.5734375 0.584375 0.578125 0.5859375 0.578125 0.6 0.5734375 0.6015625 0.5734375 0.60625 0.56875 0.60625 0.56875 0.590625 0.5640625 0.5890625 0.5640625 0.575 0.5609375 0.5734375 0.5609375 0.5640625 0.5578125 0.5625 0.5578125 0.5578125 0.553125 0.55625 0.553125 0.553125 0.55 0.5515625 0.55 0.546875 0.546875 0.5453125 0.546875 0.5421875 0.5421875 0.540625 0.5421875 0.5359375 0.5390625 0.534375 0.5390625 0.525 0.5359375 0.521875
4 0.6109375 0.6671875 0.6140625 0.6671875 0.615625 0.6734375 0.6203125 0.6734375 0.6203125 0.6765625 0.625 0.678125 0.625 0.6875 0.628125 0.6890625 0.628125 0.6984375 0.63125 0.7 0.63125 0.709375 0.6359375 0.7109375 0.6359375 0.7484375 0.6328125 0.7484375 0.6328125 0.74375 0.6296875 0.7421875 0.6296875 0.728125 0.6265625 0.7265625 0.6265625 0.7171875 0.621875 0.715625 0.621875 0.70625 0.61875 0.7046875 0.61875 0.6953125 0.615625 0.69375 0.615625 0.684375 0.6109375 0.6828125 0.6109375 0.678125 0.6078125 0.6765625 0.6109375 0.66875
0 0.4290909090909091 0.4699453551912568 0.44363636363636366 0.4808743169398907 0.46909090909090906 0.4808743169398907 0.4909090909090909 0.4426229508196721 0.5127272727272727 0.3879781420765027 0.5672727272727273 0.3005464480874317 0.5709090909090909 0.2786885245901639 0.5599999999999999 0.25136612021857924 0.5599999999999999 0.24043715846994534 0.5381818181818182 0.2240437158469945 0.5163636363636364 0.2240437158469945 0.509090909090909 0.22950819672131145 0.49818181818181817 0.2459016393442623 0.4909090909090909 0.2786885245901639 0.46545454545454545 0.3278688524590164 0.41818181818181815 0.3989071038251366 0.41454545454545455 0.43169398907103823 0.4290909090909091 0.4699453551912568
0 0.5127272727272727 0.5573770491803278 0.5163636363636364 0.5901639344262295 0.5381818181818182 0.6120218579234973 0.5490909090909091 0.6120218579234973 0.6327272727272727 0.5136612021857923 0.6690909090909091 0.48633879781420764 0.6763636363636364 0.4699453551912568 0.6763636363636364 0.448087431693989 0.6727272727272726 0.4426229508196721 0.6763636363636364 0.42076502732240434 0.6727272727272726 0.41530054644808745 0.6618181818181819 0.41530054644808745 0.6545454545454545 0.40437158469945356 0.6327272727272727 0.40437158469945356 0.6254545454545454 0.40983606557377045 0.6 0.453551912568306 0.5818181818181818 0.4644808743169399 0.5527272727272727 0.5027322404371585 0.5163636363636364 0.5300546448087432 0.509090909090909 0.5519125683060109 0.5127272727272727 0.5573770491803278
0 0.5927272727272727 0.7103825136612022 0.6036363636363636 0.73224043715847 0.6145454545454545 0.7377049180327868 0.6181818181818182 0.73224043715847 0.6290909090909091 0.73224043715847 0.6363636363636364 0.7213114754098361 0.6509090909090909 0.7103825136612022 0.6581818181818181 0.7103825136612022 0.6727272727272726 0.6939890710382514 0.6836363636363636 0.6939890710382514 0.6872727272727273 0.6885245901639344 0.7018181818181818 0.6830601092896175 0.7127272727272727 0.6612021857923497 0.7127272727272727 0.644808743169399 0.6981818181818181 0.6174863387978142 0.6799999999999999 0.6174863387978142 0.6581818181818181 0.644808743169399 0.6509090909090909 0.644808743169399 0.6290909090909091 0.6612021857923497 0.6181818181818182 0.6612021857923497 0.5963636363636363 0.6775956284153005 0.5927272727272727 0.6830601092896175 0.5927272727272727 0.7103825136612022