0 0.0296875 0.5046875 0.059375 0.35
9 0.8203125 0.440625 0.8796875 0.440625 0.8796875 0.46875 0.8703125 0.46875 0.86875 0.4796875 0.83125 0.4796875 0.8296875 0.4890625 0.740625 0.4890625 0.740625 0.48125 0.73125 0.4796875 0.73125 0.4609375 0.740625 0.459375 0.740625 0.45 0.81875 0.45 0.8203125 0.4421875
6 0.38125 0.43125 0.4796875 0.43125 0.4796875 0.4390625 0.4890625 0.440625 0.4890625 0.46875 0.4796875 0.4703125 0.4796875 0.4796875 0.3609375 0.4796875 0.3609375 0.4703125 0.35 0.46875 0.35 0.440625 0.3796875 0.440625 0.38125 0.4328125
8 0.240625 0.43125 0.2484375 0.43125 0.25 0.440625 0.2890625 0.440625 0.2890625 0.4796875 0.15 0.4796875 0.15 0.440625 0.2390625 0.440625 0.240625 0.4328125
12 0.18125 0.3703125 0.2890625 0.3703125 0.2890625 0.3796875 0.2984375 0.38125 0.2984375 0.409375 0.23125 0.409375 0.2296875 0.41875 0.1609375 0.41875 0.159375 0.409375 0.15 0.409375 0.15 0.38125 0.1796875 0.38125 0.18125 0.371875
3 0.540625 0.5703125 0.6796875 0.5703125 0.6796875 0.5796875 0.6890625 0.58125 0.6890625 0.609375 0.6703125 0.609375 0.66875 0.61875 0.5109375 0.61875 0.509375 0.609375 0.5 0.609375 0.5 0.590625 0.509375 0.590625 0.5109375 0.58125 0.5390625 0.58125 0.540625 0.571875
4 0.53125 0.38125 0.6484375 0.38125 0.65 0.390625 0.659375 0.390625 0.659375 0.41875 0.53125 0.41875 0.5296875 0.409375 0.5203125 0.409375 0.5203125 0.4 0.53125 0.3984375 0.53125 0.3828125
4 0.7609375 0.3703125 0.7796875 0.3703125 0.78125 0.38125 0.86875 0.38125 0.86875 0.409375 0.78125 0.409375 0.7796875 0.41875 0.75 0.41875 0.75 0.4109375 0.740625 0.409375 0.740625 0.38125 0.759375 0.38125 0.7609375 0.371875
4 0.2140625 0.58125 0.128125 0.0296875
3 0.4078125 0.38359375 0.11796875 0.02578125
1 0.2078125 0.5125 0.1 0.0265625
0 0.74 0.4 0.75 0.41000000000000003 0.74 0.62 0.75 0.64 0.79 0.66 0.8 0.65 0.8200000000000001 0.65 0.85 0.62 0.85 0.5700000000000001 0.8400000000000001 0.56 0.85 0.35 0.8099999999999999 0.32 0.77 0.32 0.74 0.35 0.74 0.4
0 0.53 0.41000000000000003 0.54 0.42000000000000004 0.54 0.49000000000000005 0.55 0.5 0.54 0.62 0.55 0.64 0.6 0.66 0.64 0.6300000000000001 0.65 0.6300000000000001 0.65 0.56 0.64 0.55 0.64 0.4600000000000001 0.6300000000000001 0.45 0.6300000000000001 0.42000000000000004 0.64 0.41000000000000003 0.64 0.35 0.6 0.32 0.56 0.32 0.54 0.33 0.53 0.34 0.53 0.41000000000000003
0 0.35 0.41000000000000003 0.36 0.42000000000000004 0.35 0.6300000000000001 0.37 0.65 0.41000000000000003 0.66 0.45 0.64 0.4600000000000001 0.62 0.45 0.56 0.45 0.42000000000000004 0.4600000000000001 0.41000000000000003 0.4600000000000001 0.35 0.43 0.32 0.38 0.32 0.35 0.35 0.35 0.41000000000000003
0 0.14 0.38 0.16 0.41000000000000003 0.16 0.56 0.15 0.5700000000000001 0.15 0.6100000000000001 0.17 0.64 0.21000000000000002 0.66 0.23000000000000004 0.65 0.27 0.6 0.27 0.5700000000000001 0.26 0.56 0.26 0.35 0.25 0.33 0.23000000000000004 0.32 0.17 0.32 0.15 0.34 0.14 0.36 0.14 0.38
0 0.93 0.4 0.9400000000000001 0.41000000000000003 0.9400000000000001 0.4600000000000001 0.95 0.47000000000000003 0.9400000000000001 0.51 0.95 0.53 0.95 0.55 0.9400000000000001 0.56 0.9400000000000001 0.62 0.9600000000000002 0.64 0.99 0.65 0.99 0.31 0.9700000000000001 0.31 0.93 0.35 0.93 0.4