9 0.4890625 0.7609375 0.50625 0.7609375 0.50625 0.8171875 0.4984375 0.8171875 0.496875 0.821875 0.49375 0.821875 0.49375 0.81875 0.4890625 0.8171875 0.4890625 0.7625
9 0.4890625 0.4671875 0.50625 0.4671875 0.50625 0.5234375 0.4890625 0.5234375 0.4890625 0.46875
9 0.525 0.7609375 0.5328125 0.7609375 0.5328125 0.7640625 0.5375 0.765625 0.5375 0.8171875 0.5203125 0.8171875 0.5203125 0.765625 0.5234375 0.765625 0.525 0.7625
9 0.55625 0.609375 0.5640625 0.609375 0.5640625 0.6125 0.56875 0.6140625 0.56875 0.675 0.5515625 0.675 0.5515625 0.6140625 0.5546875 0.6140625 0.55625 0.6109375
9 0.5203125 0.1734375 0.5375 0.1734375 0.5375 0.2296875 0.5203125 0.2296875 0.5203125 0.175
9 0.525 0.4671875 0.5328125 0.4671875 0.5328125 0.4703125 0.5375 0.471875 0.5375 0.5234375 0.5203125 0.5234375 0.5203125 0.471875 0.5234375 0.471875 0.525 0.46875
9 0.4890625 0.1734375 0.50625 0.1734375 0.50625 0.2296875 0.4890625 0.2296875 0.4890625 0.175
9 0.55625 0.4625 0.5640625 0.4625 0.5640625 0.465625 0.56875 0.4671875 0.56875 0.528125 0.5515625 0.528125 0.5515625 0.4671875 0.5546875 0.4671875 0.55625 0.4640625
9 0.4890625 0.6140625 0.50625 0.6140625 0.50625 0.6703125 0.4890625 0.6703125 0.4890625 0.615625
9 0.4890625 0.3203125 0.5015625 0.3203125 0.5015625 0.3234375 0.50625 0.325 0.50625 0.3421875 0.5015625 0.34375 0.5015625 0.35 0.50625 0.3515625 0.50625 0.3546875 0.5015625 0.35625 0.5015625 0.3765625 0.4890625 0.3765625 0.4890625 0.321875
9 0.55625 0.75625 0.5640625 0.75625 0.5640625 0.759375 0.56875 0.7609375 0.56875 0.821875 0.5515625 0.821875 0.5515625 0.7609375 0.5546875 0.7609375 0.55625 0.7578125
9 0.5515625 0.315625 0.5640625 0.315625 0.5640625 0.31875 0.56875 0.3203125 0.56875 0.36875 0.5640625 0.3703125 0.5640625 0.38125 0.5515625 0.38125 0.5515625 0.3171875
9 0.525 0.3203125 0.5328125 0.3203125 0.5328125 0.3328125 0.5375 0.334375 0.5375 0.371875 0.534375 0.371875 0.5328125 0.3765625 0.5203125 0.3765625 0.5203125 0.325 0.5234375 0.325 0.525 0.321875
9 0.55625 0.1703125 0.5640625 0.1703125 0.565625 0.1734375 0.56875 0.1734375 0.56875 0.234375 0.5515625 0.234375 0.5515625 0.196875 0.55625 0.1953125 0.55625 0.1921875 0.5515625 0.190625 0.5515625 0.1734375 0.55625 0.171875
9 0.525 0.6140625 0.5328125 0.6140625 0.5328125 0.6171875 0.5375 0.61875 0.5375 0.6703125 0.5203125 0.6703125 0.5203125 0.61875 0.5234375 0.61875 0.525 0.615625
4 0.4453125 0.4671875 0.45625 0.4671875 0.45625 0.528125 0.4453125 0.528125 0.4453125 0.46875
4 0.4453125 0.1734375 0.45625 0.1734375 0.45625 0.234375 0.4453125 0.234375 0.4453125 0.175
4 0.45 0.315625 0.453125 0.315625 0.453125 0.31875 0.45625 0.3203125 0.45625 0.3765625 0.453125 0.378125 0.453125 0.38125 0.4453125 0.38125 0.4453125 0.3203125 0.4484375 0.3203125 0.45 0.3171875
4 0.4453125 0.6140625 0.45625 0.6140625 0.45625 0.675 0.4453125 0.675 0.4453125 0.615625
4 0.4453125 0.7609375 0.45625 0.7609375 0.45625 0.821875 0.4453125 0.821875 0.4453125 0.7625
0 0.56 0.23555555555555557 0.5955555555555556 0.2 0.5688888888888889 0.1688888888888889 0.44000000000000006 0.1688888888888889 0.40888888888888897 0.19111111111111112 0.42666666666666664 0.23111111111111113 0.56 0.23555555555555557
0 0.42666666666666664 0.3777777777777778 0.5733333333333334 0.3777777777777778 0.5911111111111111 0.3511111111111111 0.5688888888888889 0.3155555555555556 0.4311111111111111 0.3155555555555556 0.40888888888888897 0.33333333333333337 0.40444444444444444 0.3511111111111111 0.42666666666666664 0.3777777777777778
0 0.42666666666666664 0.5244444444444445 0.5733333333333334 0.5244444444444445 0.5911111111111111 0.5022222222222222 0.5688888888888889 0.46222222222222226 0.4177777777777778 0.47111111111111115 0.40444444444444444 0.49777777777777776 0.42666666666666664 0.5244444444444445
0 0.42666666666666664 0.6711111111111111 0.5733333333333334 0.6711111111111111 0.5911111111111111 0.6488888888888888 0.5688888888888889 0.6088888888888889 0.4177777777777778 0.6177777777777778 0.40444444444444444 0.6444444444444445 0.42666666666666664 0.6711111111111111
0 0.42666666666666664 0.8177777777777779 0.5733333333333334 0.8177777777777779 0.5911111111111111 0.7955555555555556 0.5688888888888889 0.7555555555555556 0.44000000000000006 0.7555555555555556 0.4133333333333334 0.768888888888889 0.40444444444444444 0.7911111111111111 0.42666666666666664 0.8177777777777779