1 0.584375 0.5515625 0.5953125 0.553125 0.6 0.5640625 0.590625 0.6015625 0.5859375 0.609375 0.5828125 0.6265625 0.5765625 0.63125 0.5734375 0.6375 0.56875 0.6390625 0.5640625 0.6359375 0.5625 0.63125 0.5640625 0.6171875 0.5625 0.6125 0.575 0.5625 0.5796875 0.553125 0.5828125 0.5515625
1 0.546875 0.7046875 0.5546875 0.7078125 0.5578125 0.703125 0.565625 0.7015625 0.5671875 0.7078125 0.5625 0.715625 0.5515625 0.7640625 0.5484375 0.7671875 0.54375 0.7875 0.5375 0.7921875 0.5328125 0.790625 0.53125 0.79375 0.525 0.79375 0.5234375 0.796875 0.5203125 0.7875 0.5328125 0.7375 0.5375 0.7296875 0.5421875 0.7078125 0.5453125 0.70625
1 0.4328125 0.684375 0.4375 0.6859375 0.440625 0.6921875 0.425 0.753125 0.421875 0.7546875 0.4140625 0.753125 0.4125 0.7421875 0.4234375 0.6984375 0.43125 0.6859375
1 0.4640625 0.525 0.4734375 0.5328125 0.471875 0.5375 0.478125 0.54375 0.478125 0.5484375 0.4671875 0.5859375 0.4578125 0.596875 0.4515625 0.596875 0.4421875 0.5921875 0.44375 0.5890625 0.4421875 0.584375 0.45 0.578125 0.4484375 0.5734375 0.45 0.5671875 0.4453125 0.559375 0.4515625 0.5359375 0.45625 0.53125 0.45625 0.528125 0.4625 0.525
1 0.415625 0.846875 0.428125 0.84375 0.434375 0.846875 0.4203125 0.909375 0.4171875 0.9125 0.415625 0.921875 0.4125 0.921875 0.4109375 0.9265625 0.40625 0.928125 0.4015625 0.9234375 0.403125 0.9203125 0.4015625 0.915625 0.4046875 0.9078125 0.403125 0.903125 0.40625 0.8953125 0.4046875 0.890625 0.4078125 0.8828125 0.40625 0.878125 0.4078125 0.8765625 0.4046875 0.875 0.4046875 0.8640625 0.4125 0.8609375 0.415625 0.8484375
9 0.365625 0.828125 0.3703125 0.8328125 0.375 0.8296875 0.384375 0.834375 0.3671875 0.903125 0.3625 0.9078125 0.359375 0.90625 0.3546875 0.9078125 0.3453125 0.9 0.34375 0.8953125 0.359375 0.8328125 0.3640625 0.828125
2 0.415625 0.5046875 0.41875 0.509375 0.4171875 0.5140625 0.4234375 0.5234375 0.4078125 0.5859375 0.40625 0.590625 0.4015625 0.59375 0.396875 0.5859375 0.3921875 0.5828125 0.38125 0.5859375 0.378125 0.5828125 0.378125 0.5765625 0.38125 0.565625 0.384375 0.5625 0.3859375 0.55625 0.384375 0.5515625 0.390625 0.528125 0.39375 0.521875 0.3984375 0.5203125 0.4015625 0.5140625 0.40625 0.5125 0.4078125 0.50625 0.4140625 0.5046875
2 0.3078125 0.65 0.3265625 0.653125 0.33125 0.6578125 0.3390625 0.6578125 0.340625 0.6609375 0.3375 0.6734375 0.33125 0.68125 0.328125 0.69375 0.328125 0.7046875 0.321875 0.7296875 0.3171875 0.7390625 0.315625 0.7375 0.3109375 0.7390625 0.2859375 0.7265625 0.2953125 0.7 0.29375 0.6953125 0.296875 0.6875 0.296875 0.6765625 0.3 0.6640625 0.30625 0.6515625
9 0.4875 0.6953125 0.490625 0.6984375 0.5015625 0.7 0.50625 0.7046875 0.50625 0.7078125 0.5046875 0.7125 0.4953125 0.7203125 0.484375 0.76875 0.48125 0.7703125 0.459375 0.7640625 0.4578125 0.7546875 0.4609375 0.753125 0.4640625 0.7375 0.471875 0.721875 0.475 0.709375 0.471875 0.7046875 0.4765625 0.6984375 0.4859375 0.696875
9 0.5203125 0.540625 0.5328125 0.5453125 0.5359375 0.55 0.51875 0.6125 0.515625 0.615625 0.509375 0.615625 0.5 0.6046875 0.5015625 0.603125 0.5 0.5921875 0.5109375 0.553125 0.5109375 0.546875 0.5125 0.5421875 0.51875 0.5421875
12 0.534375 0.8671875 0.5390625 0.865625 0.5421875 0.86875 0.54375 0.8765625 0.55 0.8734375 0.55625 0.875 0.55625 0.88125 0.5484375 0.9125 0.54375 0.9203125 0.540625 0.9375 0.5375 0.9390625 0.5375 0.94375 0.5328125 0.946875 0.5328125 0.95 0.525 0.9515625 0.515625 0.94375 0.515625 0.9359375 0.5203125 0.9265625 0.51875 0.9234375 0.521875 0.91875 0.521875 0.9109375 0.525 0.909375 0.5234375 0.9046875 0.5265625 0.903125 0.525 0.8984375 0.5296875 0.8796875 0.5328125 0.875 0.53125 0.8734375 0.534375 0.86875
8 0.48125 0.85625 0.4890625 0.85625 0.4953125 0.8609375 0.4953125 0.8734375 0.4796875 0.9359375 0.475 0.9390625 0.471875 0.9375 0.4625 0.9390625 0.45625 0.9359375 0.453125 0.93125 0.46875 0.859375 0.475 0.85625 0.4796875 0.859375 0.48125 0.8578125
1 0.2984375 0.8 0.30625 0.8015625 0.3078125 0.80625 0.30625 0.8078125 0.3140625 0.8140625 0.3203125 0.8125 0.325 0.8140625 0.328125 0.8203125 0.31875 0.834375 0.309375 0.871875 0.3109375 0.8765625 0.3078125 0.884375 0.309375 0.8875 0.3078125 0.89375 0.3015625 0.8953125 0.296875 0.8921875 0.2890625 0.8953125 0.2796875 0.8859375 0.2796875 0.88125 0.28125 0.86875 0.2859375 0.8609375 0.2859375 0.85 0.290625 0.8359375 0.290625 0.825 0.2953125 0.80625 0.2984375 0.8015625
5 0.3640625 0.671875 0.3703125 0.66875 0.375 0.6703125 0.3765625 0.6765625 0.38125 0.6734375 0.3859375 0.675 0.3875 0.678125 0.3734375 0.7359375 0.36875 0.740625 0.3671875 0.7390625 0.3625 0.740625 0.3609375 0.7375 0.35625 0.7390625 0.3515625 0.7375 0.35 0.734375 0.353125 0.709375 0.3640625 0.6734375
0 0.690399755334427 0.6121036929189329 0.6488578102022083 0.5755440812807457 0.621305753261582 0.5599405681414679 0.4527440588082368 0.5283942340772128 0.36639755398568463 0.49638481590765676 0.33679973207197167 0.4959924611278427 0.2698045419663283 0.5124779366492933 0.27803622826994645 0.5285047486482859 0.33808289039964445 0.5749185127034627 0.4934880326322982 0.6031845498782308 0.5946356587031283 0.6388843020484597 0.6258780496444275 0.6396866939394596 0.6826002090562094 0.6293738780000118 0.6908186336112986 0.6244357503344096 0.690399755334427 0.6121036929189329
0 0.6526763411053261 0.7634040434568848 0.5930397160868139 0.7153457103741215 0.5552146284523259 0.7059148568168464 0.5050619039852041 0.7038911947579746 0.39980948621967227 0.6776488196420783 0.31963122039627995 0.6489241189448525 0.24729228609669146 0.6658240521603318 0.24113288826321747 0.676515961131065 0.2814447220618782 0.7180092798520115 0.31393048608526397 0.7348429043248469 0.3854626079110095 0.7421970488291352 0.5630804834731874 0.7934693700587416 0.5939128373033008 0.7959163309773281 0.646521363854695 0.7810842656491497 0.6526763411053261 0.7634040434568848
0 0.5939835666287877 0.907729342521834 0.5742354765492217 0.8818439575230084 0.5479179515249958 0.8682950505225028 0.3847000012655958 0.8363342587642191 0.29629889030427126 0.8055593725110637 0.2601227922802126 0.803526869286506 0.19682677734092807 0.819187850002742 0.25523771160872555 0.879168203389796 0.29018811888206947 0.8931227269186447 0.3896779141767844 0.907447502313093 0.49904838538554663 0.9451974400392512 0.5397481533811788 0.9501046236249528 0.5668769114620905 0.9463877661272224 0.5907121109049864 0.9348625211855885 0.5939835666287877 0.907729342521834