9 0.78125 0.51875 0.7859375 0.51875 0.7875 0.5234375 0.7921875 0.5234375 0.8015625 0.5671875 0.809375 0.5734375 0.815625 0.5828125 0.8203125 0.5828125 0.8203125 0.5875 0.821875 0.5890625 0.8234375 0.5875 0.825 0.5921875 0.8296875 0.5953125 0.8296875 0.5984375 0.83125 0.6 0.8328125 0.5984375 0.834375 0.603125 0.8390625 0.603125 0.840625 0.6078125 0.846875 0.6078125 0.8484375 0.6125 0.8609375 0.609375 0.8640625 0.6203125 0.8625 0.6328125 0.8484375 0.6359375 0.8453125 0.6296875 0.8421875 0.63125 0.8375 0.6265625 0.8375 0.6234375 0.8328125 0.6203125 0.83125 0.615625 0.825 0.6171875 0.8234375 0.6125 0.8109375 0.6015625 0.8109375 0.5984375 0.8046875 0.596875 0.8 0.5875 0.7921875 0.5828125 0.7796875 0.53125 0.78125 0.5203125
3 0.8125 0.615625 0.815625 0.6203125 0.8203125 0.6203125 0.8203125 0.6234375 0.825 0.625 0.8265625 0.6296875 0.834375 0.6296875 0.84375 0.64375 0.8578125 0.6421875 0.8625 0.6625 0.8515625 0.665625 0.846875 0.665625 0.84375 0.6609375 0.8390625 0.6609375 0.8390625 0.6578125 0.8328125 0.65625 0.8328125 0.653125 0.83125 0.6515625 0.8296875 0.653125 0.8265625 0.646875 0.821875 0.6484375 0.81875 0.6421875 0.809375 0.64375 0.809375 0.640625 0.8046875 0.6390625 0.803125 0.634375 0.8 0.6359375 0.796875 0.6265625 0.8015625 0.621875 0.8 0.6171875 0.8109375 0.615625
9 0.546875 0.446875 0.546875 0.4515625 0.559375 0.4625 0.5609375 0.471875 0.5671875 0.4734375 0.571875 0.4984375 0.5765625 0.5015625 0.578125 0.50625 0.584375 0.50625 0.5859375 0.509375 0.5921875 0.5078125 0.596875 0.5171875 0.60625 0.51875 0.60625 0.521875 0.6109375 0.5234375 0.6125 0.528125 0.628125 0.525 0.63125 0.5359375 0.6296875 0.546875 0.6171875 0.55 0.6140625 0.55 0.6125 0.5453125 0.60625 0.546875 0.5953125 0.53125 0.5875 0.53125 0.5859375 0.528125 0.58125 0.528125 0.571875 0.51875 0.5671875 0.51875 0.5671875 0.515625 0.5625 0.5125 0.55625 0.4828125 0.55 0.48125 0.55 0.4765625 0.540625 0.4671875 0.5390625 0.4546875 0.540625 0.4484375 0.5453125 0.446875
9 0.3140625 0.35625 0.31875 0.35625 0.31875 0.359375 0.3234375 0.3625 0.325 0.3734375 0.33125 0.3765625 0.3328125 0.384375 0.3421875 0.39375 0.3421875 0.4 0.346875 0.403125 0.3484375 0.4078125 0.3515625 0.40625 0.353125 0.4109375 0.359375 0.4171875 0.3640625 0.4171875 0.3671875 0.421875 0.3765625 0.4203125 0.3796875 0.4265625 0.4015625 0.4203125 0.40625 0.425 0.409375 0.4359375 0.409375 0.4421875 0.3828125 0.4484375 0.378125 0.4484375 0.375 0.44375 0.36875 0.44375 0.36875 0.440625 0.3609375 0.4390625 0.359375 0.434375 0.353125 0.4359375 0.34375 0.4265625 0.3421875 0.415625 0.340625 0.4140625 0.3375 0.415625 0.3359375 0.4109375 0.328125 0.40625 0.3265625 0.396875 0.321875 0.39375 0.321875 0.390625 0.315625 0.3890625 0.3109375 0.36875 0.3140625 0.3578125
9 0.121875 0.2265625 0.1265625 0.25 0.1328125 0.253125 0.134375 0.2578125 0.1375 0.2578125 0.1375 0.2609375 0.1421875 0.2640625 0.1421875 0.2671875 0.1484375 0.2734375 0.1515625 0.2734375 0.1546875 0.278125 0.159375 0.2765625 0.1609375 0.2875 0.1625 0.2890625 0.1640625 0.2875 0.1671875 0.29375 0.178125 0.296875 0.1921875 0.2921875 0.2 0.2921875 0.2 0.2953125 0.2046875 0.2984375 0.20625 0.30625 0.203125 0.309375 0.2046875 0.3125 0.1734375 0.3203125 0.1703125 0.3203125 0.165625 0.315625 0.165625 0.3125 0.159375 0.30625 0.15625 0.30625 0.15 0.296875 0.146875 0.296875 0.1421875 0.2875 0.1375 0.2859375 0.128125 0.2765625 0.1265625 0.271875 0.1234375 0.271875 0.121875 0.265625 0.11875 0.2671875 0.1171875 0.265625 0.109375 0.228125 0.1203125 0.2265625
3 0.5640625 0.384375 0.56875 0.3890625 0.56875 0.3921875 0.5703125 0.39375 0.571875 0.3921875 0.5734375 0.4015625 0.5796875 0.4046875 0.5875 0.440625 0.5921875 0.44375 0.59375 0.4484375 0.596875 0.4484375 0.5984375 0.453125 0.6 0.4515625 0.603125 0.4578125 0.60625 0.4578125 0.609375 0.4625 0.6140625 0.4625 0.615625 0.4671875 0.621875 0.465625 0.6234375 0.4703125 0.6296875 0.4765625 0.634375 0.475 0.6359375 0.4796875 0.64375 0.4796875 0.6453125 0.484375 0.66875 0.4796875 0.671875 0.4890625 0.671875 0.4953125 0.66875 0.496875 0.66875 0.5015625 0.640625 0.509375 0.634375 0.509375 0.63125 0.5046875 0.625 0.5046875 0.625 0.5015625 0.6203125 0.5 0.615625 0.4921875 0.6109375 0.490625 0.6 0.4765625 0.59375 0.478125 0.5921875 0.4734375 0.5796875 0.4609375 0.5796875 0.4578125 0.5734375 0.45625 0.571875 0.4453125 0.565625 0.4375 0.5546875 0.3890625 0.5546875 0.3859375 0.5625 0.384375
3 0.3265625 0.3046875 0.3328125 0.3046875 0.340625 0.3140625 0.346875 0.340625 0.3484375 0.3421875 0.3515625 0.340625 0.3515625 0.34375 0.35625 0.346875 0.3578125 0.3546875 0.3625 0.3578125 0.3625 0.3609375 0.36875 0.3671875 0.375 0.365625 0.375 0.36875 0.38125 0.375 0.3890625 0.375 0.390625 0.3796875 0.403125 0.378125 0.40625 0.3828125 0.4140625 0.38125 0.4140625 0.384375 0.4171875 0.3875 0.4203125 0.3859375 0.421875 0.390625 0.4265625 0.3890625 0.43125 0.4046875 0.4265625 0.4078125 0.4046875 0.4125 0.4046875 0.409375 0.4 0.40625 0.3984375 0.4015625 0.3890625 0.403125 0.3859375 0.396875 0.38125 0.3984375 0.378125 0.39375 0.371875 0.3953125 0.371875 0.3921875 0.3671875 0.390625 0.3671875 0.3859375 0.3625 0.384375 0.3609375 0.3796875 0.353125 0.3765625 0.353125 0.3734375 0.3484375 0.3703125 0.34375 0.3609375 0.3421875 0.359375 0.3390625 0.3609375 0.334375 0.35625 0.3328125 0.346875 0.328125 0.3453125 0.321875 0.31875 0.325 0.315625 0.3234375 0.3109375 0.3265625 0.309375 0.3265625 0.30625
3 0.13125 0.175 0.134375 0.18125 0.134375 0.1875 0.140625 0.1953125 0.140625 0.2 0.1453125 0.2015625 0.1484375 0.2171875 0.153125 0.21875 0.159375 0.228125 0.1625 0.228125 0.1625 0.23125 0.1671875 0.234375 0.16875 0.2390625 0.1765625 0.2421875 0.1796875 0.2484375 0.184375 0.246875 0.1859375 0.2515625 0.1953125 0.25 0.1984375 0.25625 0.2078125 0.2546875 0.2109375 0.259375 0.2234375 0.2578125 0.225 0.2609375 0.228125 0.2609375 0.2296875 0.2671875 0.23125 0.265625 0.234375 0.2671875 0.234375 0.2703125 0.2296875 0.2734375 0.23125 0.278125 0.21875 0.28125 0.2125 0.28125 0.2109375 0.2765625 0.2 0.278125 0.1984375 0.271875 0.1890625 0.275 0.1875 0.2703125 0.1859375 0.26875 0.18125 0.2703125 0.1796875 0.265625 0.171875 0.2671875 0.171875 0.2625 0.1671875 0.2609375 0.1671875 0.2578125 0.1640625 0.25625 0.1609375 0.2453125 0.159375 0.24375 0.153125 0.2453125 0.1484375 0.240625 0.146875 0.23125 0.140625 0.225 0.1375 0.225 0.134375 0.2109375 0.1296875 0.209375 0.1296875 0.203125 0.1265625 0.1984375 0.125 0.2 0.1234375 0.1953125 0.1203125 0.1828125 0.121875 0.171875 0.128125 0.1703125 0.1296875 0.175
3 0.79375 0.4859375 0.796875 0.4859375 0.8 0.490625 0.8046875 0.490625 0.8078125 0.5046875 0.8125 0.5078125 0.8140625 0.5203125 0.8203125 0.5234375 0.821875 0.528125 0.825 0.528125 0.8265625 0.5375 0.834375 0.54375 0.8375 0.55 0.840625 0.5484375 0.84375 0.5484375 0.8453125 0.5515625 0.8546875 0.55 0.85625 0.5546875 0.8625 0.5609375 0.8671875 0.5609375 0.8703125 0.565625 0.8734375 0.565625 0.8796875 0.575 0.8921875 0.571875 0.9 0.5875 0.9 0.59375 0.8828125 0.596875 0.8796875 0.5921875 0.8734375 0.5921875 0.871875 0.5890625 0.86875 0.5890625 0.86875 0.5859375 0.8640625 0.5828125 0.8625 0.578125 0.85625 0.5796875 0.853125 0.5734375 0.8484375 0.575 0.8453125 0.5703125 0.8359375 0.571875 0.8359375 0.56875 0.83125 0.5671875 0.83125 0.5625 0.8296875 0.5609375 0.8265625 0.5625 0.825 0.5578125 0.8203125 0.5546875 0.8203125 0.5484375 0.815625 0.546875 0.8140625 0.540625 0.8109375 0.540625 0.809375 0.5328125 0.8046875 0.53125 0.8015625 0.515625 0.796875 0.5140625 0.7921875 0.4953125 0.7921875 0.4921875 0.7953125 0.490625 0.79375 0.4875
2 0.7578125 0.603125 0.7640625 0.6015625 0.7671875 0.6078125 0.7703125 0.60625 0.778125 0.6390625 0.78125 0.640625 0.7828125 0.6484375 0.7875 0.6515625 0.7875 0.6546875 0.7921875 0.65625 0.7921875 0.6609375 0.79375 0.6625 0.796875 0.6609375 0.8 0.665625 0.8046875 0.6640625 0.8078125 0.6703125 0.8203125 0.6671875 0.821875 0.6734375 0.8328125 0.671875 0.8328125 0.675 0.8375 0.678125 0.8390625 0.6859375 0.8390625 0.6921875 0.825 0.6953125 0.821875 0.6890625 0.809375 0.6921875 0.8078125 0.6875 0.8 0.6875 0.79375 0.678125 0.7890625 0.6796875 0.7859375 0.6734375 0.7828125 0.675 0.7828125 0.671875 0.7734375 0.6640625 0.7734375 0.6578125 0.7671875 0.65 0.7578125 0.6046875
2 0.525 0.51875 0.53125 0.525 0.5359375 0.55 0.5421875 0.5515625 0.5421875 0.5578125 0.5515625 0.5671875 0.5546875 0.578125 0.5609375 0.5765625 0.5640625 0.5828125 0.5765625 0.5796875 0.5796875 0.584375 0.5875 0.584375 0.5890625 0.5875 0.6015625 0.584375 0.603125 0.5890625 0.6078125 0.590625 0.6109375 0.6 0.609375 0.60625 0.5921875 0.609375 0.5890625 0.60625 0.5796875 0.6078125 0.5765625 0.6015625 0.5640625 0.6046875 0.5625 0.5984375 0.5578125 0.6 0.5546875 0.59375 0.5484375 0.5953125 0.546875 0.5875 0.5421875 0.5859375 0.5421875 0.58125 0.5375 0.5796875 0.5375 0.5765625 0.5328125 0.5734375 0.53125 0.5609375 0.525 0.559375 0.5171875 0.5265625 0.5234375 0.525 0.525 0.5203125
2 0.29375 0.4203125 0.29375 0.425 0.3 0.4265625 0.303125 0.440625 0.2984375 0.44375 0.2984375 0.446875 0.3046875 0.4484375 0.30625 0.4578125 0.3109375 0.4609375 0.3109375 0.465625 0.3140625 0.4703125 0.31875 0.46875 0.3203125 0.478125 0.3234375 0.48125 0.3296875 0.4796875 0.3296875 0.4828125 0.3359375 0.4890625 0.3421875 0.4875 0.3421875 0.490625 0.346875 0.49375 0.3484375 0.4984375 0.36875 0.4953125 0.36875 0.5015625 0.375 0.5046875 0.3765625 0.515625 0.3734375 0.5171875 0.3734375 0.521875 0.3640625 0.525 0.3609375 0.5234375 0.359375 0.51875 0.3546875 0.5203125 0.3515625 0.5140625 0.3421875 0.515625 0.3421875 0.5125 0.3375 0.5109375 0.3359375 0.50625 0.3296875 0.5078125 0.3234375 0.4984375 0.315625 0.4921875 0.3140625 0.4875 0.3109375 0.4890625 0.30625 0.4875 0.30625 0.4828125 0.3 0.475 0.3 0.46875 0.2953125 0.4671875 0.29375 0.4578125 0.2875 0.4546875 0.28125 0.428125 0.28125 0.4234375 0.2921875 0.4203125
2 0.0875 0.2875 0.09375 0.2921875 0.096875 0.309375 0.1 0.3140625 0.103125 0.3140625 0.1046875 0.321875 0.109375 0.325 0.1109375 0.334375 0.1125 0.3359375 0.1140625 0.334375 0.1171875 0.3453125 0.1234375 0.3515625 0.1296875 0.3515625 0.13125 0.3546875 0.14375 0.3515625 0.1453125 0.35625 0.146875 0.3578125 0.1515625 0.35625 0.1546875 0.3625 0.1671875 0.359375 0.171875 0.3796875 0.171875 0.38125 0.159375 0.384375 0.15625 0.378125 0.153125 0.3796875 0.1484375 0.3796875 0.146875 0.3765625 0.1375 0.378125 0.134375 0.371875 0.125 0.3734375 0.1234375 0.36875 0.1171875 0.36875 0.115625 0.3640625 0.1109375 0.3640625 0.1109375 0.359375 0.10625 0.3546875 0.1046875 0.3453125 0.1 0.3421875 0.0984375 0.3375 0.0953125 0.3375 0.09375 0.3265625 0.0859375 0.31875 0.0828125 0.3 0.0875 0.2984375 0.0859375 0.296875 0.0875 0.2890625
4 0.9859375 0.76875 0.9890625 0.771875 0.99375 0.771875 0.99375 0.7765625 0.9984375 0.778125 0.9984375 0.8390625 0.996875 0.828125 0.9921875 0.825 0.990625 0.815625 0.9890625 0.8140625 0.9859375 0.815625 0.98125 0.8 0.98125 0.79375 0.984375 0.7921875 0.9859375 0.7859375 0.984375 0.778125 0.9859375 0.7703125
4 0.734375 0.6265625 0.740625 0.634375 0.7453125 0.6578125 0.75 0.6609375 0.7515625 0.665625 0.75625 0.6671875 0.75625 0.671875 0.7609375 0.675 0.7625 0.684375 0.7671875 0.6875 0.76875 0.6921875 0.771875 0.6921875 0.771875 0.6984375 0.778125 0.7015625 0.7796875 0.7109375 0.784375 0.7125 0.7859375 0.721875 0.7875 0.7234375 0.7921875 0.721875 0.79375 0.7265625 0.796875 0.728125 0.825 0.7203125 0.8265625 0.725 0.83125 0.728125 0.834375 0.740625 0.8328125 0.7421875 0.80625 0.7484375 0.8 0.7484375 0.7984375 0.74375 0.784375 0.746875 0.778125 0.746875 0.7765625 0.74375 0.7703125 0.7453125 0.765625 0.7359375 0.7609375 0.734375 0.7609375 0.7296875 0.75625 0.728125 0.75625 0.725 0.7515625 0.7234375 0.7484375 0.71875 0.746875 0.7203125 0.7421875 0.7109375 0.7375 0.709375 0.7359375 0.7 0.734375 0.6984375 0.73125 0.7 0.7203125 0.65625 0.71875 0.6421875 0.7234375 0.6421875 0.728125 0.6390625 0.7265625 0.628125 0.7328125 0.6265625
4 0.490625 0.5796875 0.496875 0.578125 0.49375 0.5625 0.50625 0.559375 0.5078125 0.56875 0.5125 0.5703125 0.515625 0.5859375 0.5171875 0.5875 0.51875 0.5859375 0.5203125 0.5890625 0.5203125 0.5953125 0.5265625 0.5984375 0.528125 0.6015625 0.53125 0.6015625 0.53125 0.6046875 0.5359375 0.6078125 0.5375 0.6125 0.540625 0.6125 0.5484375 0.621875 0.553125 0.6203125 0.553125 0.625 0.5546875 0.6265625 0.5578125 0.625 0.559375 0.6296875 0.565625 0.6359375 0.575 0.634375 0.578125 0.6390625 0.5859375 0.6375 0.5875 0.6421875 0.596875 0.640625 0.603125 0.65 0.6015625 0.6625 0.584375 0.665625 0.5828125 0.6734375 0.5671875 0.6765625 0.55625 0.6609375 0.546875 0.6640625 0.5453125 0.659375 0.5390625 0.653125 0.5328125 0.653125 0.528125 0.6484375 0.528125 0.6453125 0.5234375 0.64375 0.5234375 0.640625 0.5140625 0.634375 0.5125 0.625 0.5078125 0.6234375 0.5078125 0.6203125 0.503125 0.6171875 0.5015625 0.6078125 0.5 0.60625 0.496875 0.6078125 0.4953125 0.6046875 0.490625 0.58125
4 0.259375 0.453125 0.271875 0.4515625 0.28125 0.4953125 0.2828125 0.496875 0.2859375 0.4953125 0.290625 0.5 0.290625 0.503125 0.2953125 0.5046875 0.2953125 0.509375 0.3 0.5109375 0.3 0.5140625 0.3046875 0.515625 0.3078125 0.5203125 0.309375 0.51875 0.3140625 0.528125 0.31875 0.5296875 0.3203125 0.5359375 0.325 0.5359375 0.3265625 0.540625 0.3375 0.54375 0.35625 0.5390625 0.359375 0.5328125 0.3734375 0.53125 0.3796875 0.540625 0.3828125 0.5390625 0.3859375 0.55 0.3859375 0.5546875 0.3828125 0.55625 0.3828125 0.5625 0.3578125 0.5671875 0.35625 0.575 0.3421875 0.578125 0.3390625 0.571875 0.334375 0.5734375 0.334375 0.56875 0.328125 0.5671875 0.3171875 0.553125 0.3109375 0.5546875 0.3109375 0.5515625 0.3046875 0.5453125 0.3 0.5453125 0.296875 0.540625 0.29375 0.540625 0.2921875 0.5359375 0.290625 0.534375 0.2890625 0.5359375 0.2890625 0.5328125 0.2796875 0.5234375 0.278125 0.515625 0.271875 0.5125 0.2703125 0.5 0.265625 0.4984375 0.2640625 0.4921875 0.265625 0.4796875 0.259375 0.4546875
4 0.0796875 0.3375 0.08125 0.3453125 0.0859375 0.3484375 0.0875 0.359375 0.0921875 0.3640625 0.0953125 0.375 0.1015625 0.38125 0.1046875 0.38125 0.1046875 0.384375 0.109375 0.3859375 0.1109375 0.390625 0.1203125 0.3875 0.1203125 0.390625 0.1234375 0.39375 0.128125 0.39375 0.1296875 0.3984375 0.1375 0.396875 0.1390625 0.403125 0.146875 0.4015625 0.15 0.4046875 0.15625 0.4046875 0.159375 0.409375 0.1640625 0.409375 0.165625 0.4140625 0.1703125 0.4140625 0.1734375 0.428125 0.165625 0.43125 0.1671875 0.4359375 0.1625 0.4375 0.159375 0.4328125 0.15 0.434375 0.146875 0.428125 0.140625 0.4296875 0.1390625 0.425 0.13125 0.428125 0.128125 0.421875 0.121875 0.4234375 0.11875 0.4171875 0.10625 0.4203125 0.1046875 0.4140625 0.0953125 0.4171875 0.090625 0.4125 0.0859375 0.403125 0.08125 0.4015625 0.0796875 0.39375 0.075 0.3921875 0.0734375 0.384375 0.06875 0.38125 0.0625 0.35625 0.0625 0.353125 0.065625 0.3515625 0.0640625 0.346875 0.06875 0.34375 0.06875 0.340625 0.078125 0.3390625
1 0.3109375 0.3875 0.315625 0.409375 0.321875 0.4171875 0.321875 0.4234375 0.325 0.4265625 0.328125 0.425 0.328125 0.4296875 0.3328125 0.43125 0.334375 0.4390625 0.3375 0.440625 0.340625 0.446875 0.3421875 0.4453125 0.3453125 0.4515625 0.3515625 0.45 0.3515625 0.4546875 0.353125 0.45625 0.3578125 0.4546875 0.3609375 0.459375 0.384375 0.453125 0.3921875 0.453125 0.3921875 0.45625 0.396875 0.4578125 0.4 0.4734375 0.365625 0.48125 0.3625 0.48125 0.3609375 0.4765625 0.3515625 0.4796875 0.3484375 0.4734375 0.34375 0.475 0.3421875 0.4640625 0.340625 0.4625 0.3328125 0.4640625 0.3328125 0.4609375 0.328125 0.4578125 0.328125 0.4515625 0.3234375 0.4484375 0.321875 0.44375 0.31875 0.44375 0.3171875 0.434375 0.315625 0.4328125 0.3125 0.434375 0.3109375 0.4265625 0.3046875 0.41875 0.2984375 0.390625 0.309375 0.3875
1 0.1 0.2484375 0.103125 0.2484375 0.103125 0.2515625 0.115625 0.2625 0.1171875 0.271875 0.1203125 0.275 0.1234375 0.2734375 0.128125 0.2984375 0.1328125 0.3015625 0.134375 0.30625 0.1375 0.30625 0.1375 0.309375 0.1421875 0.3125 0.14375 0.3171875 0.146875 0.315625 0.153125 0.325 0.1609375 0.325 0.1828125 0.31875 0.1859375 0.325 0.1921875 0.3234375 0.1953125 0.334375 0.1953125 0.3390625 0.1703125 0.3453125 0.15625 0.3484375 0.153125 0.34375 0.146875 0.3453125 0.146875 0.340625 0.1421875 0.3390625 0.1421875 0.3359375 0.1375 0.3328125 0.1359375 0.328125 0.1328125 0.3296875 0.128125 0.325 0.128125 0.321875 0.1234375 0.3203125 0.121875 0.309375 0.1171875 0.3078125 0.1125 0.2828125 0.1109375 0.28125 0.1078125 0.2828125 0.10625 0.278125 0.1015625 0.275 0.0984375 0.2609375 0.1 0.25
1 0.534375 0.4796875 0.5359375 0.484375 0.5453125 0.490625 0.546875 0.5 0.5484375 0.5015625 0.55 0.5 0.553125 0.5109375 0.5578125 0.515625 0.5625 0.515625 0.5671875 0.525 0.578125 0.5359375 0.58125 0.5359375 0.5828125 0.540625 0.5921875 0.5390625 0.59375 0.5453125 0.6 0.54375 0.603125 0.55 0.6078125 0.5484375 0.609375 0.5515625 0.6140625 0.5515625 0.6140625 0.55625 0.61875 0.5578125 0.6203125 0.5640625 0.6171875 0.5703125 0.61875 0.575 0.6 0.5796875 0.596875 0.5734375 0.5875 0.575 0.5828125 0.5640625 0.578125 0.5640625 0.575 0.559375 0.56875 0.559375 0.5609375 0.5515625 0.5546875 0.5421875 0.553125 0.53125 0.546875 0.5296875 0.5453125 0.5203125 0.5375 0.5140625 0.5359375 0.5046875 0.53125 0.503125 0.528125 0.4875 0.53125 0.4859375 0.5296875 0.48125 0.5328125 0.48125
1 0.7859375 0.5859375 0.7890625 0.5984375 0.7953125 0.6015625 0.796875 0.609375 0.8015625 0.6125 0.8015625 0.615625 0.809375 0.621875 0.8125 0.628125 0.815625 0.6265625 0.8171875 0.6328125 0.821875 0.63125 0.8296875 0.640625 0.85 0.6375 0.85 0.640625 0.8546875 0.6421875 0.859375 0.6625 0.85625 0.665625 0.8578125 0.6703125 0.853125 0.671875 0.8484375 0.671875 0.840625 0.6609375 0.83125 0.6625 0.8296875 0.6578125 0.8234375 0.6578125 0.821875 0.6546875 0.815625 0.65625 0.815625 0.653125 0.8109375 0.65 0.809375 0.6453125 0.8015625 0.6453125 0.8015625 0.6421875 0.796875 0.640625 0.7953125 0.6359375 0.79375 0.6375 0.7921875 0.628125 0.7859375 0.625 0.784375 0.6203125 0.78125 0.6203125 0.7796875 0.6109375 0.778125 0.609375 0.7765625 0.6109375 0.775 0.6078125 0.7703125 0.5875 0.7734375 0.575 0.78125 0.575 0.784375 0.5859375
0 0.5067116812822803 0.6856000588805673 0.5272969643411233 0.6808475718169644 0.5402360888628255 0.6899345055179305 0.5745448939608971 0.6820136937452592 0.5932680915449857 0.6535427710388543 0.6298823522948476 0.5303851261367549 0.6610058304220244 0.4930142901048978 0.6736516645040251 0.4538722713429926 0.66914309603699 0.41869065846742304 0.6569883690328141 0.3973484663564224 0.6490489200559717 0.36295893465811996 0.6332177590030763 0.37265092916083936 0.6120936319656194 0.3594165691980239 0.5846465878871621 0.36575321861616084 0.5603848707795995 0.40153989229348375 0.5432782051313529 0.48397135607914354 0.5343088050980717 0.49207918822732866 0.5195553320024042 0.5377448767828847 0.496078012412368 0.561276292050173 0.4855398173440341 0.5938946410184274 0.49137162730720957 0.6348078425103806 0.5061728373036662 0.6676132118541487 0.5067116812822803 0.6856000588805673
0 0.7416758247857985 0.7641701378049814 0.8074013984507488 0.7671074424633244 0.8274478375309778 0.7443681083733031 0.8403392251518909 0.6749839841749452 0.8661697372945063 0.6146867936775531 0.8951855764080164 0.5838396274393468 0.9070470129724907 0.5569528670874762 0.9107234470212102 0.5259186804737561 0.9041072395405083 0.4972607373918375 0.8932757540324727 0.48165013389722044 0.8887671855654377 0.4464685210216509 0.880582183049683 0.4423210947598015 0.8729360245125424 0.4561605155243703 0.8367651339397163 0.4403628916542396 0.8119645728535397 0.458162718305144 0.7893193876818191 0.5479099330617219 0.7239348413573596 0.6716726387655746 0.7223660463223069 0.6961831555856438 0.7384904978149038 0.7347201135457958 0.7416758247857985 0.7641701378049814
0 0.27939369631590255 0.5931905591915839 0.2986557378786051 0.5827064835115973 0.3232107454258693 0.5951487622971458 0.3437960284847123 0.590396275233543 0.3659501065786081 0.561133271349871 0.3788414941995212 0.4917491471515129 0.40124112583232946 0.432244037831388 0.43025696494583954 0.4013968715931817 0.4450104380415071 0.3557311830376257 0.4418251110706123 0.32628115877843983 0.42094653757206774 0.28280469337917136 0.4217309350895942 0.2705494349691367 0.3963915300248036 0.27036241459362287 0.3834524055031014 0.26127548089265684 0.3525744809148369 0.26840421148806104 0.32963600530341464 0.3099224737817675 0.31252933965516794 0.3923539375674274 0.29434498604969334 0.43881170730025065 0.2785138249967979 0.44850370180297006 0.2632215079225164 0.47618254333210774 0.25822183237765645 0.5014851413294441 0.26405364234083195 0.5423983428213974 0.2748851278488674 0.5580089463160143 0.28150133532956934 0.586666889397933 0.27939369631590255 0.5931905591915839
0 0.08663006998650895 0.4626181422934764 0.13730888011609005 0.462992183044504 0.1663247192296002 0.43214501680629774 0.18343138487784688 0.34971355302063784 0.2079386555243219 0.2836847739068621 0.23141597511435807 0.2601533586395738 0.241954170182692 0.22753500967131957 0.2435229652177448 0.2030244928512503 0.22156670376197227 0.12357433339914507 0.2099508207364104 0.12021898831456265 0.20362790369541006 0.1397899976955154 0.1967661426757957 0.14137416005004963 0.17564201563833873 0.12813980008723397 0.15505673257949576 0.1328922871508368 0.1350102934992667 0.15563162124085803 0.10393455227287896 0.2714735151720394 0.06148848155984168 0.35371795858218535 0.05781204751112214 0.38475214519590556 0.06178177199954328 0.4019469110450567 0.08609122600789496 0.44463129526705797 0.08663006998650895 0.4626181422934764