6 0.565625 0.4078125 0.5703125 0.4140625 0.578125 0.4140625 0.578125 0.4203125 0.58125 0.421875 0.58125 0.4328125 0.578125 0.434375 0.578125 0.4390625 0.5734375 0.4390625 0.571875 0.4453125 0.5671875 0.4453125 0.565625 0.4515625 0.5609375 0.453125 0.5609375 0.459375 0.5578125 0.4609375 0.5578125 0.465625 0.5546875 0.4671875 0.5546875 0.471875 0.5515625 0.4734375 0.5515625 0.478125 0.5484375 0.4796875 0.5453125 0.4921875 0.5421875 0.49375 0.54375 0.5109375 0.540625 0.5140625 0.540625 0.53125 0.5375 0.5328125 0.5390625 0.55 0.5359375 0.553125 0.5359375 0.5875 0.5375 0.5890625 0.5296875 0.590625 0.528125 0.5859375 0.525 0.584375 0.525 0.578125 0.521875 0.5765625 0.521875 0.571875 0.51875 0.5703125 0.51875 0.546875 0.5171875 0.5453125 0.5171875 0.5078125 0.5203125 0.50625 0.51875 0.49375 0.521875 0.4921875 0.521875 0.4875 0.525 0.4859375 0.525 0.48125 0.528125 0.4796875 0.528125 0.46875 0.53125 0.4671875 0.53125 0.4625 0.534375 0.459375 0.5328125 0.4546875 0.5359375 0.453125 0.5359375 0.4421875 0.5390625 0.440625 0.5390625 0.4359375 0.5453125 0.4328125 0.5484375 0.421875 0.55625 0.421875 0.5578125 0.4140625 0.565625 0.4140625 0.5671875 0.4125 0.565625 0.409375
9 0.4765625 0.2625 0.4875 0.2625 0.4875 0.265625 0.49375 0.26875 0.49375 0.271875 0.496875 0.2734375 0.4984375 0.284375 0.4953125 0.2875 0.4953125 0.2921875 0.4890625 0.2953125 0.4890625 0.3 0.4828125 0.3015625 0.4796875 0.3125 0.4734375 0.3140625 0.471875 0.325 0.46875 0.3265625 0.46875 0.33125 0.4625 0.3328125 0.4625 0.3390625 0.459375 0.340625 0.459375 0.3453125 0.45625 0.346875 0.453125 0.359375 0.45 0.3609375 0.4484375 0.3859375 0.4453125 0.3875 0.44375 0.425 0.440625 0.4265625 0.440625 0.44375 0.4375 0.4453125 0.4359375 0.4640625 0.43125 0.45625 0.4265625 0.45625 0.4265625 0.4140625 0.425 0.4125 0.425 0.40625 0.428125 0.4046875 0.428125 0.3875 0.43125 0.3859375 0.43125 0.38125 0.434375 0.3796875 0.4328125 0.3671875 0.4359375 0.365625 0.4359375 0.3484375 0.4390625 0.346875 0.4390625 0.334375 0.4421875 0.3328125 0.4421875 0.328125 0.4453125 0.325 0.44375 0.321875 0.446875 0.3203125 0.446875 0.315625 0.45 0.3140625 0.45 0.303125 0.45625 0.3 0.45625 0.2953125 0.459375 0.29375 0.459375 0.2875 0.4625 0.2859375 0.4625 0.28125 0.465625 0.2796875 0.4640625 0.2765625 0.46875 0.275 0.4703125 0.26875 0.475 0.26875 0.4765625 0.2640625
9 0.178125 0.475 0.1984375 0.4734375 0.1984375 0.478125 0.2046875 0.4796875 0.2046875 0.484375 0.2109375 0.4859375 0.2109375 0.490625 0.2 0.490625 0.1984375 0.496875 0.1953125 0.496875 0.1921875 0.503125 0.1875 0.5046875 0.184375 0.5171875 0.178125 0.5203125 0.178125 0.525 0.175 0.5265625 0.175 0.53125 0.171875 0.5328125 0.171875 0.5375 0.16875 0.5390625 0.16875 0.54375 0.165625 0.5453125 0.1640625 0.5640625 0.1609375 0.565625 0.1609375 0.5703125 0.1578125 0.571875 0.1578125 0.5828125 0.1546875 0.584375 0.15625 0.596875 0.153125 0.5984375 0.153125 0.609375 0.15 0.6109375 0.1515625 0.6421875 0.1484375 0.64375 0.1484375 0.6609375 0.140625 0.6625 0.140625 0.6515625 0.1375 0.65 0.1375 0.6453125 0.1328125 0.6421875 0.1328125 0.60625 0.1359375 0.603125 0.134375 0.5859375 0.1375 0.584375 0.1375 0.5671875 0.140625 0.5640625 0.140625 0.553125 0.1453125 0.54375 0.1453125 0.5328125 0.1484375 0.53125 0.1484375 0.5265625 0.1515625 0.525 0.1515625 0.5203125 0.1546875 0.51875 0.1546875 0.5125 0.1578125 0.5109375 0.159375 0.5 0.1625 0.4984375 0.1625 0.49375 0.165625 0.4921875 0.165625 0.4875 0.16875 0.4859375 0.16875 0.48125 0.1765625 0.48125 0.178125 0.4765625
9 0.9390625 0.240625 0.9421875 0.246875 0.953125 0.2453125 0.953125 0.25 0.959375 0.2515625 0.9609375 0.2578125 0.96875 0.2578125 0.96875 0.2625 0.9765625 0.2703125 0.9765625 0.2828125 0.9828125 0.284375 0.9828125 0.3015625 0.9734375 0.303125 0.9734375 0.3078125 0.9703125 0.309375 0.96875 0.321875 0.9640625 0.321875 0.9625 0.328125 0.95625 0.3296875 0.95625 0.334375 0.953125 0.3359375 0.953125 0.340625 0.95 0.3421875 0.95 0.346875 0.94375 0.35625 0.9453125 0.3609375 0.9421875 0.3640625 0.9421875 0.375 0.9390625 0.3765625 0.9390625 0.3875 0.9359375 0.3890625 0.9359375 0.4 0.9328125 0.4015625 0.934375 0.4140625 0.93125 0.415625 0.93125 0.4265625 0.928125 0.428125 0.928125 0.4390625 0.925 0.440625 0.9265625 0.465625 0.915625 0.465625 0.915625 0.4609375 0.909375 0.459375 0.909375 0.45 0.9046875 0.446875 0.9046875 0.4359375 0.9015625 0.4328125 0.9015625 0.4109375 0.8984375 0.409375 0.896875 0.4046875 0.896875 0.390625 0.9 0.3890625 0.8984375 0.3578125 0.9015625 0.35625 0.9046875 0.33125 0.9078125 0.3296875 0.9078125 0.325 0.9109375 0.3234375 0.909375 0.3125 0.9125 0.309375 0.9125 0.2984375 0.915625 0.296875 0.915625 0.2921875 0.91875 0.290625 0.91875 0.2859375 0.921875 0.284375 0.921875 0.2796875 0.925 0.278125 0.9234375 0.265625 0.9265625 0.2640625 0.9265625 0.253125 0.9296875 0.2515625 0.9296875 0.246875 0.9375 0.246875 0.9390625 0.2421875
7 0.4328125 0.5171875 0.446875 0.5171875 0.446875 0.521875 0.453125 0.5234375 0.453125 0.5265625 0.45625 0.528125 0.45625 0.5328125 0.459375 0.534375 0.459375 0.5390625 0.4625 0.540625 0.4640625 0.546875 0.459375 0.546875 0.45625 0.5546875 0.45 0.5546875 0.4484375 0.5609375 0.44375 0.5609375 0.4421875 0.5671875 0.4359375 0.56875 0.4328125 0.5796875 0.4265625 0.58125 0.428125 0.59375 0.421875 0.5953125 0.421875 0.60625 0.41875 0.6078125 0.41875 0.6125 0.415625 0.6140625 0.4140625 0.6515625 0.4109375 0.6546875 0.4125 0.684375 0.409375 0.6875 0.409375 0.6984375 0.4046875 0.6984375 0.4015625 0.6875 0.3984375 0.6859375 0.3984375 0.6828125 0.39375 0.6796875 0.39375 0.675 0.390625 0.6734375 0.390625 0.6390625 0.3890625 0.6375 0.3921875 0.634375 0.3921875 0.615625 0.3953125 0.6140625 0.3953125 0.596875 0.3984375 0.59375 0.396875 0.5828125 0.4 0.58125 0.4 0.5765625 0.403125 0.575 0.40625 0.5640625 0.409375 0.5625 0.4125 0.55 0.415625 0.5484375 0.4140625 0.54375 0.4203125 0.534375 0.4203125 0.5296875 0.425 0.5296875 0.4265625 0.5234375 0.43125 0.5234375 0.4328125 0.51875
7 0.296875 0.61875 0.296875 0.6234375 0.303125 0.625 0.30625 0.6359375 0.3109375 0.6390625 0.3109375 0.65625 0.2984375 0.6578125 0.2953125 0.66875 0.2890625 0.6703125 0.2890625 0.6765625 0.2828125 0.6796875 0.28125 0.6890625 0.2765625 0.690625 0.271875 0.6984375 0.271875 0.709375 0.26875 0.7109375 0.26875 0.715625 0.265625 0.7171875 0.265625 0.7234375 0.2625 0.725 0.2640625 0.7359375 0.2609375 0.7375 0.2609375 0.7546875 0.2578125 0.75625 0.259375 0.775 0.25625 0.7765625 0.25625 0.79375 0.253125 0.7953125 0.253125 0.8015625 0.25625 0.803125 0.253125 0.8140625 0.2484375 0.8140625 0.2484375 0.809375 0.2453125 0.8078125 0.2453125 0.803125 0.2421875 0.8015625 0.2421875 0.7953125 0.2390625 0.79375 0.2390625 0.775 0.2375 0.7734375 0.2390625 0.7109375 0.2421875 0.709375 0.2421875 0.6984375 0.2453125 0.696875 0.2453125 0.6921875 0.2484375 0.690625 0.25 0.671875 0.253125 0.6703125 0.253125 0.659375 0.25625 0.6578125 0.25625 0.653125 0.2625 0.6515625 0.265625 0.640625 0.2703125 0.6390625 0.2703125 0.6328125 0.2734375 0.63125 0.2734375 0.6265625 0.278125 0.6265625 0.28125 0.61875 0.2953125 0.61875
7 0.9359375 0.240625 0.940625 0.240625 0.9421875 0.246875 0.95 0.2453125 0.95 0.25 0.95625 0.2515625 0.959375 0.2625 0.96875 0.2640625 0.96875 0.2671875 0.9734375 0.2703125 0.9734375 0.2828125 0.9796875 0.284375 0.9796875 0.2953125 0.9734375 0.296875 0.9734375 0.3078125 0.9671875 0.309375 0.965625 0.321875 0.9625 0.3234375 0.9625 0.328125 0.9578125 0.328125 0.95625 0.334375 0.95 0.3359375 0.95 0.340625 0.94375 0.35 0.94375 0.3546875 0.940625 0.35625 0.9421875 0.3671875 0.9390625 0.3703125 0.9390625 0.375 0.9359375 0.3765625 0.9359375 0.4 0.9328125 0.4015625 0.934375 0.40625 0.93125 0.409375 0.93125 0.4265625 0.928125 0.428125 0.928125 0.4390625 0.925 0.440625 0.9265625 0.453125 0.9234375 0.4546875 0.9234375 0.459375 0.9265625 0.4609375 0.9265625 0.465625 0.915625 0.465625 0.915625 0.4609375 0.9125 0.459375 0.909375 0.45 0.9046875 0.446875 0.9046875 0.4296875 0.9015625 0.428125 0.9015625 0.40625 0.896875 0.4 0.896875 0.396875 0.9 0.3953125 0.9 0.3609375 0.8984375 0.3578125 0.9015625 0.35625 0.9046875 0.33125 0.9078125 0.3296875 0.9078125 0.325 0.9109375 0.3234375 0.909375 0.3125 0.9125 0.309375 0.9125 0.2984375 0.915625 0.296875 0.915625 0.2921875 0.91875 0.290625 0.91875 0.2859375 0.921875 0.284375 0.921875 0.271875 0.925 0.2703125 0.9234375 0.265625 0.9265625 0.2640625 0.9265625 0.253125 0.9296875 0.2515625 0.9296875 0.246875 0.9359375 0.2453125 0.9359375 0.2421875
8 0.4171875 0.471875 0.4171875 0.4765625 0.4203125 0.478125 0.4203125 0.4828125 0.4234375 0.484375 0.4234375 0.4953125 0.4203125 0.4984375 0.421875 0.5015625 0.415625 0.503125 0.415625 0.509375 0.409375 0.5125 0.40625 0.5234375 0.4 0.525 0.4 0.5296875 0.396875 0.53125 0.396875 0.5359375 0.39375 0.5375 0.39375 0.5421875 0.390625 0.54375 0.3921875 0.55 0.3890625 0.5515625 0.3890625 0.55625 0.3859375 0.5578125 0.3859375 0.56875 0.3828125 0.5703125 0.3828125 0.575 0.3796875 0.5765625 0.38125 0.5953125 0.378125 0.596875 0.378125 0.634375 0.3765625 0.6359375 0.3796875 0.646875 0.371875 0.646875 0.371875 0.64375 0.36875 0.6421875 0.3609375 0.6265625 0.359375 0.584375 0.3625 0.5828125 0.3625 0.559375 0.365625 0.55625 0.3640625 0.5453125 0.3671875 0.54375 0.3671875 0.5390625 0.3703125 0.5359375 0.3703125 0.525 0.3765625 0.5234375 0.3765625 0.51875 0.3796875 0.5171875 0.3796875 0.5125 0.3828125 0.5109375 0.3828125 0.5046875 0.384375 0.4984375 0.3875 0.496875 0.3875 0.4921875 0.3921875 0.4921875 0.39375 0.4859375 0.4 0.484375 0.4 0.4796875 0.4078125 0.4796875 0.409375 0.4734375 0.415625 0.471875
3 0.2171875 0.53125 0.24375 0.5296875 0.24375 0.534375 0.246875 0.5359375 0.25 0.546875 0.2546875 0.55 0.2546875 0.5546875 0.24375 0.5546875 0.2421875 0.5609375 0.2328125 0.5625 0.2328125 0.5671875 0.2265625 0.5703125 0.2265625 0.575 0.2203125 0.5765625 0.2203125 0.58125 0.2171875 0.5828125 0.2171875 0.5875 0.2140625 0.5890625 0.2140625 0.5953125 0.2125 0.6015625 0.209375 0.603125 0.209375 0.6078125 0.2046875 0.6078125 0.203125 0.6140625 0.2 0.615625 0.2 0.6265625 0.196875 0.628125 0.1984375 0.646875 0.1953125 0.6484375 0.1953125 0.665625 0.1921875 0.6671875 0.19375 0.6984375 0.190625 0.7 0.190625 0.7171875 0.19375 0.71875 0.1953125 0.7375 0.190625 0.7390625 0.190625 0.734375 0.1875 0.7328125 0.1828125 0.725 0.1828125 0.7203125 0.1796875 0.71875 0.1796875 0.7140625 0.1765625 0.7125 0.1765625 0.6875 0.175 0.6859375 0.175 0.65625 0.178125 0.6546875 0.1765625 0.6296875 0.1796875 0.628125 0.1796875 0.6171875 0.1828125 0.615625 0.1828125 0.6109375 0.1859375 0.6078125 0.1875 0.590625 0.190625 0.5875 0.190625 0.578125 0.19375 0.575 0.19375 0.5703125 0.196875 0.56875 0.2 0.5578125 0.203125 0.55625 0.203125 0.55 0.2078125 0.5484375 0.2109375 0.5375 0.215625 0.5375 0.2171875 0.5328125
3 0.5203125 0.3578125 0.540625 0.3578125 0.540625 0.3609375 0.5484375 0.3703125 0.5484375 0.375 0.5453125 0.3765625 0.54375 0.3828125 0.5375 0.3828125 0.5359375 0.3890625 0.5296875 0.390625 0.5296875 0.3953125 0.5234375 0.396875 0.5203125 0.4078125 0.515625 0.409375 0.515625 0.4140625 0.5125 0.415625 0.5125 0.421875 0.509375 0.4234375 0.509375 0.428125 0.50625 0.4296875 0.50625 0.440625 0.503125 0.4421875 0.503125 0.446875 0.5 0.45 0.5015625 0.4609375 0.4984375 0.4640625 0.4984375 0.4734375 0.4953125 0.4765625 0.496875 0.50625 0.49375 0.509375 0.49375 0.5265625 0.496875 0.528125 0.496875 0.5328125 0.49375 0.534375 0.49375 0.5390625 0.4859375 0.5390625 0.4859375 0.534375 0.4828125 0.5328125 0.4828125 0.528125 0.4796875 0.5265625 0.4796875 0.503125 0.478125 0.5015625 0.478125 0.4703125 0.48125 0.46875 0.4796875 0.45 0.4828125 0.4484375 0.4828125 0.44375 0.4859375 0.4421875 0.4859375 0.43125 0.4890625 0.4296875 0.4890625 0.425 0.4921875 0.4234375 0.4921875 0.4171875 0.4953125 0.4140625 0.49375 0.4046875 0.496875 0.403125 0.496875 0.3921875 0.5 0.3890625 0.5 0.384375 0.50625 0.3828125 0.50625 0.378125 0.509375 0.3765625 0.509375 0.3703125 0.5140625 0.3703125 0.515625 0.36875 0.5140625 0.365625 0.51875 0.3640625 0.5203125 0.359375
4 0.634375 0.4578125 0.640625 0.4578125 0.6421875 0.4625 0.6453125 0.4640625 0.6453125 0.46875 0.6484375 0.4703125 0.6484375 0.49375 0.6453125 0.496875 0.646875 0.5015625 0.6421875 0.5015625 0.640625 0.5078125 0.6359375 0.5078125 0.6328125 0.515625 0.6234375 0.515625 0.621875 0.521875 0.6125 0.5234375 0.6125 0.528125 0.609375 0.5296875 0.609375 0.534375 0.60625 0.5359375 0.6046875 0.5484375 0.6015625 0.55 0.6015625 0.5546875 0.5984375 0.55625 0.5984375 0.5609375 0.5953125 0.5625 0.59375 0.61875 0.590625 0.621875 0.5921875 0.6390625 0.5890625 0.6421875 0.590625 0.684375 0.5875 0.6875 0.5875 0.6921875 0.5765625 0.6921875 0.5765625 0.6875 0.5671875 0.6859375 0.5625 0.675 0.559375 0.6734375 0.5578125 0.590625 0.55625 0.5890625 0.559375 0.5828125 0.559375 0.5765625 0.5625 0.575 0.5625 0.5703125 0.575 0.56875 0.575 0.5578125 0.578125 0.55625 0.5796875 0.53125 0.5828125 0.5296875 0.5828125 0.525 0.5859375 0.5234375 0.5859375 0.51875 0.5890625 0.5171875 0.5921875 0.5046875 0.5953125 0.503125 0.59375 0.4984375 0.6 0.4890625 0.6 0.484375 0.6078125 0.484375 0.609375 0.478125 0.615625 0.4765625 0.615625 0.471875 0.6265625 0.471875 0.628125 0.465625 0.63125 0.465625 0.634375 0.459375
4 0.5046875 0.565625 0.5046875 0.5703125 0.5078125 0.571875 0.5078125 0.5765625 0.5109375 0.578125 0.5125 0.603125 0.509375 0.6046875 0.509375 0.609375 0.4921875 0.6109375 0.490625 0.6171875 0.4859375 0.6171875 0.484375 0.6234375 0.48125 0.625 0.4828125 0.6375 0.4796875 0.6390625 0.4796875 0.65 0.4765625 0.6515625 0.4765625 0.6625 0.4734375 0.6640625 0.471875 0.6828125 0.46875 0.684375 0.46875 0.6890625 0.465625 0.690625 0.465625 0.715625 0.4625 0.71875 0.4640625 0.746875 0.4609375 0.7484375 0.4609375 0.7625 0.4578125 0.7640625 0.4546875 0.78125 0.4421875 0.78125 0.4421875 0.7765625 0.4390625 0.775 0.4375 0.7703125 0.4375 0.75 0.440625 0.7484375 0.440625 0.7375 0.44375 0.7359375 0.4421875 0.7109375 0.4453125 0.709375 0.44375 0.6796875 0.446875 0.678125 0.446875 0.665625 0.45 0.6640625 0.45 0.659375 0.453125 0.6578125 0.453125 0.653125 0.45625 0.6515625 0.45625 0.640625 0.459375 0.6375 0.4578125 0.6265625 0.4609375 0.6234375 0.4609375 0.6125 0.4640625 0.6109375 0.4640625 0.6 0.4671875 0.5984375 0.465625 0.5890625 0.46875 0.5859375 0.46875 0.5796875 0.4765625 0.5796875 0.478125 0.5734375 0.484375 0.571875 0.484375 0.5671875 0.503125 0.565625
0 0.5310539284198634 0.5833826123776333 0.5786298189457314 0.6921781234184874 0.6076441663894747 0.7171547783729268 0.6388751297338214 0.7160641691009737 0.6567072273065983 0.6894516002386045 0.658697223098744 0.6568947851874125 0.6825488932319324 0.6235745436458534 0.6771595958129197 0.5587880963250555 0.6628542496075187 0.5073079334354422 0.571781630508023 0.406528826200122 0.4949647724299539 0.26626710938002895 0.4820191468752997 0.2537242514392116 0.45078818353095296 0.2548148607111648 0.42313355673795644 0.2687755107055213 0.4088777957165298 0.3082581202902938 0.4051244242406963 0.379861301217477 0.41318357777722803 0.431559585961481 0.4361783526605597 0.46324391359511025 0.4466807422061527 0.495364484937521 0.5310539284198634 0.5833826123776333
0 0.473627229301216 0.8192967215415106 0.4928190475247397 0.8316214576279373 0.5207002944261939 0.8241503584583801 0.5327394395470171 0.8107350131000002 0.5405223877911165 0.764980974544819 0.5527881530203974 0.7580551800112383 0.5563149043877731 0.6799624482592559 0.544906034408349 0.621883673617648 0.5216846394165594 0.5837097951592192 0.4801779066350774 0.5591693839135611 0.4277155440910869 0.48952929967589354 0.38348937000811134 0.38711427853264346 0.3547016426728259 0.36862717440300335 0.323697299436937 0.37620733449975585 0.2996190091952908 0.4030380252165157 0.28848634450829885 0.44241157387409286 0.28762944925844214 0.5074161430492814 0.3026146557892166 0.5783649584132927 0.3704658798969228 0.6409701871901843 0.4231548625493711 0.7170998222526512 0.473627229301216 0.8192967215415106
0 0.3434132488727654 0.940798256257297 0.36504830310535036 0.9335452789421304 0.37998392445215035 0.913531321831756 0.3688016745811839 0.8619420980149473 0.3899834885968532 0.8417100190501821 0.4029291141515075 0.8542528769909994 0.40355938929290636 0.7827587569910115 0.3961800960817481 0.7505291247214055 0.3660326480957158 0.6931047156429695 0.28455593810798196 0.5984879764508625 0.22136456590994058 0.49023777004598507 0.19569993490908982 0.4716416049891496 0.16759206789917774 0.4726231533339075 0.1495333502179431 0.49274617137147725 0.12971125685302054 0.5519155552850384 0.12930760182007944 0.6298992261098256 0.15655857358013486 0.6939222469402563 0.1987451666869902 0.7379313106603125 0.31774861787191466 0.9222020912004616 0.3434132488727654 0.940798256257297