0 0.96484375 0.475 0.0703125 0.3703125
0 0.0296875 0.5046875 0.059375 0.35
9 0.740625 0.45 0.859375 0.45 0.859375 0.459375 0.86875 0.4609375 0.86875 0.46875 0.8609375 0.46875 0.859375 0.4796875 0.85 0.4796875 0.8484375 0.4890625 0.8109375 0.4890625 0.809375 0.4796875 0.8 0.4796875 0.7984375 0.4890625 0.7609375 0.4890625 0.759375 0.4796875 0.740625 0.4796875 0.740625 0.4515625
9 0.740625 0.5 0.7890625 0.5 0.790625 0.5109375 0.859375 0.5109375 0.859375 0.51875 0.86875 0.5203125 0.86875 0.5390625 0.8609375 0.5390625 0.859375 0.5484375 0.7703125 0.5484375 0.76875 0.5390625 0.740625 0.5390625 0.740625 0.53125 0.73125 0.5296875 0.73125 0.5109375 0.7390625 0.5109375 0.740625 0.5015625
9 0.73125 0.58125 0.8390625 0.58125 0.840625 0.590625 0.8796875 0.590625 0.8796875 0.61875 0.75 0.61875 0.7484375 0.609375 0.73125 0.609375 0.73125 0.5828125
9 0.3609375 0.5 0.4796875 0.5 0.4796875 0.509375 0.4890625 0.5109375 0.4890625 0.5296875 0.48125 0.5296875 0.4796875 0.5390625 0.3703125 0.5390625 0.36875 0.5296875 0.35 0.5296875 0.35 0.5109375 0.359375 0.5109375 0.3609375 0.5015625
4 0.7109375 0.38125 0.86875 0.38125 0.8703125 0.390625 0.8796875 0.390625 0.8796875 0.409375 0.8703125 0.409375 0.86875 0.41875 0.7109375 0.41875 0.709375 0.409375 0.7 0.409375 0.7 0.390625 0.709375 0.390625 0.7109375 0.3828125
4 0.540625 0.38125 0.66875 0.38125 0.6703125 0.390625 0.6796875 0.390625 0.6796875 0.41875 0.53125 0.41875 0.5296875 0.409375 0.5203125 0.409375 0.5203125 0.4 0.5296875 0.4 0.53125 0.390625 0.5390625 0.390625 0.540625 0.3828125
3 0.3609375 0.3703125 0.3890625 0.3703125 0.390625 0.38125 0.4796875 0.38125 0.4796875 0.3890625 0.4890625 0.390625 0.4890625 0.409375 0.48125 0.409375 0.4796875 0.41875 0.38125 0.41875 0.3796875 0.409375 0.35 0.409375 0.35 0.4 0.340625 0.3984375 0.340625 0.38125 0.359375 0.38125 0.3609375 0.371875
3 0.540625 0.440625 0.6484375 0.440625 0.65 0.45 0.659375 0.45 0.659375 0.4796875 0.53125 0.4796875 0.53125 0.45 0.5390625 0.45 0.540625 0.4421875
3 0.540625 0.58125 0.66875 0.58125 0.6703125 0.590625 0.6796875 0.590625 0.6796875 0.609375 0.6703125 0.609375 0.66875 0.61875 0.540625 0.61875 0.540625 0.6109375 0.53125 0.609375 0.53125 0.590625 0.5390625 0.590625 0.540625 0.5828125
6 0.35 0.440625 0.4890625 0.440625 0.4890625 0.4796875 0.35 0.4796875 0.35 0.4703125 0.340625 0.46875 0.340625 0.45 0.3484375 0.45 0.35 0.4421875
1 0.540625 0.5203125 0.66875 0.5203125 0.66875 0.5484375 0.659375 0.55 0.659375 0.559375 0.540625 0.559375 0.540625 0.540625 0.53125 0.5390625 0.53125 0.53125 0.5390625 0.53125 0.540625 0.521875
8 0.15 0.440625 0.26875 0.440625 0.2703125 0.45 0.2796875 0.45 0.2796875 0.46875 0.2703125 0.46875 0.26875 0.4796875 0.15 0.4796875 0.15 0.4703125 0.140625 0.46875 0.140625 0.45 0.1484375 0.45 0.15 0.4421875
12 0.140625 0.3703125 0.309375 0.3703125 0.309375 0.3984375 0.3 0.3984375 0.2984375 0.409375 0.28125 0.409375 0.2796875 0.41875 0.2609375 0.41875 0.259375 0.4296875 0.2 0.4296875 0.1984375 0.41875 0.140625 0.41875 0.1390625 0.409375 0.1203125 0.409375 0.1203125 0.38125 0.1390625 0.38125 0.140625 0.371875
1 0.2125 0.5109375 0.0984375 0.0296875
4 0.2109375 0.58046875 0.1296875 0.02578125
0 0.74 0.4 0.75 0.41000000000000003 0.75 0.56 0.74 0.5700000000000001 0.74 0.62 0.75 0.64 0.79 0.66 0.8 0.65 0.8200000000000001 0.65 0.85 0.62 0.85 0.5700000000000001 0.8400000000000001 0.56 0.85 0.35 0.8099999999999999 0.32 0.77 0.32 0.74 0.35 0.74 0.4
0 0.53 0.41000000000000003 0.54 0.42000000000000004 0.54 0.49000000000000005 0.55 0.5 0.54 0.6300000000000001 0.5800000000000001 0.66 0.6 0.66 0.64 0.6300000000000001 0.65 0.6300000000000001 0.65 0.56 0.64 0.55 0.64 0.45 0.6300000000000001 0.44000000000000006 0.6300000000000001 0.42000000000000004 0.64 0.41000000000000003 0.64 0.35 0.6 0.32 0.56 0.32 0.54 0.33 0.53 0.34 0.53 0.41000000000000003
0 0.35 0.41000000000000003 0.36 0.42000000000000004 0.35 0.6300000000000001 0.39 0.66 0.42000000000000004 0.66 0.44000000000000006 0.64 0.45 0.64 0.4600000000000001 0.62 0.45 0.56 0.45 0.42000000000000004 0.4600000000000001 0.41000000000000003 0.4600000000000001 0.35 0.43 0.32 0.38 0.32 0.35 0.35 0.35 0.41000000000000003
0 0.14 0.39 0.16 0.41000000000000003 0.16 0.56 0.15 0.5700000000000001 0.15 0.6100000000000001 0.17 0.64 0.21000000000000002 0.66 0.23000000000000004 0.65 0.27 0.6 0.27 0.5700000000000001 0.26 0.56 0.26 0.35 0.25 0.33 0.23000000000000004 0.32 0.17 0.32 0.15 0.34 0.14 0.36 0.14 0.39