4 0.4203125 0.63359375 0.0265625 0.10234375
2 0.53125 0.1203125 0.5484375 0.1203125 0.5484375 0.1984375 0.53125 0.1984375 0.53125 0.121875
2 0.53125 0.590625 0.5484375 0.590625 0.5484375 0.66875 0.53125 0.66875 0.53125 0.5921875
2 0.5203125 0.83125 0.5390625 0.83125 0.5390625 0.8984375 0.5203125 0.8984375 0.5203125 0.8328125
2 0.53125 0.35 0.5484375 0.35 0.5484375 0.4296875 0.53125 0.4296875 0.53125 0.3515625
6 0.5703125 0.8109375 0.5890625 0.8109375 0.5890625 0.909375 0.5703125 0.909375 0.5703125 0.8125
6 0.5703125 0.58125 0.5984375 0.58125 0.5984375 0.6796875 0.58125 0.6796875 0.58125 0.640625 0.5703125 0.6390625 0.5703125 0.5828125
6 0.58125 0.1109375 0.5984375 0.1109375 0.5984375 0.209375 0.58125 0.209375 0.58125 0.1125
6 0.58125 0.340625 0.5984375 0.340625 0.5984375 0.4390625 0.58125 0.4390625 0.58125 0.390625 0.5703125 0.3890625 0.5703125 0.38125 0.58125 0.3796875 0.58125 0.3703125 0.5703125 0.36875 0.5703125 0.35 0.5796875 0.35 0.58125 0.3421875
9 0.48125 0.1203125 0.4984375 0.1203125 0.4984375 0.1984375 0.490625 0.1984375 0.490625 0.190625 0.48125 0.1890625 0.48125 0.121875
9 0.48125 0.35 0.4984375 0.35 0.4984375 0.4296875 0.48125 0.4296875 0.48125 0.3515625
9 0.48125 0.83125 0.4984375 0.83125 0.4984375 0.8984375 0.48125 0.8984375 0.48125 0.8328125
9 0.48125 0.590625 0.4984375 0.590625 0.4984375 0.66875 0.490625 0.66875 0.490625 0.6609375 0.48125 0.659375 0.48125 0.5921875
0 0.39 0.2 0.43 0.2 0.44000000000000006 0.19 0.6 0.2 0.62 0.19 0.64 0.16 0.6300000000000001 0.12000000000000002 0.5900000000000001 0.1 0.5700000000000001 0.11000000000000001 0.53 0.11000000000000001 0.52 0.12000000000000002 0.49000000000000005 0.11000000000000001 0.47000000000000003 0.12000000000000002 0.45 0.12000000000000002 0.44000000000000006 0.11000000000000001 0.38 0.11000000000000001 0.36 0.13 0.35 0.16 0.39 0.2
0 0.37 0.41000000000000003 0.37 0.42000000000000004 0.39 0.43 0.43 0.43 0.44000000000000006 0.42000000000000004 0.55 0.42000000000000004 0.56 0.43 0.6100000000000001 0.43 0.64 0.39 0.64 0.37 0.6100000000000001 0.34 0.39 0.34 0.37 0.35 0.35 0.39 0.37 0.41000000000000003
0 0.36 0.65 0.38 0.67 0.43 0.67 0.44000000000000006 0.66 0.6 0.67 0.62 0.66 0.62 0.65 0.64 0.6300000000000001 0.6300000000000001 0.6 0.5900000000000001 0.5700000000000001 0.5700000000000001 0.5800000000000001 0.4800000000000001 0.5800000000000001 0.47000000000000003 0.5900000000000001 0.45 0.5800000000000001 0.38 0.5800000000000001 0.35 0.6100000000000001 0.36 0.65
0 0.35 0.8800000000000001 0.39 0.9099999999999999 0.41000000000000003 0.9 0.56 0.9 0.5800000000000001 0.9099999999999999 0.5900000000000001 0.9 0.6100000000000001 0.9 0.6300000000000001 0.8700000000000001 0.6300000000000001 0.8400000000000001 0.5900000000000001 0.8099999999999999 0.5700000000000001 0.8099999999999999 0.56 0.8200000000000001 0.37 0.8200000000000001 0.35 0.8400000000000001 0.35 0.8800000000000001