0 0.01953125 0.5421875 0.0390625 0.375
9 0.9015625 0.4453125 0.903125 0.4765625 0.89375 0.4765625 0.8921875 0.4859375 0.8515625 0.4875 0.85 0.4984375 0.7703125 0.5 0.76875 0.5015625 0.7578125 0.5015625 0.7546875 0.490625 0.7453125 0.490625 0.7453125 0.471875 0.7546875 0.471875 0.75625 0.4609375 0.8390625 0.4578125 0.840625 0.45625 0.8390625 0.446875 0.9 0.4453125
6 0.4765625 0.4484375 0.4765625 0.4546875 0.4796875 0.459375 0.4890625 0.459375 0.4890625 0.490625 0.4796875 0.490625 0.478125 0.5 0.36875 0.503125 0.3671875 0.5046875 0.353125 0.5046875 0.35 0.4953125 0.340625 0.4953125 0.340625 0.4640625 0.371875 0.4625 0.3734375 0.4515625 0.475 0.4484375
8 0.23125 0.45625 0.234375 0.4671875 0.2765625 0.4671875 0.2765625 0.503125 0.278125 0.50625 0.2765625 0.5078125 0.1296875 0.5125 0.128125 0.471875 0.2203125 0.46875 0.2234375 0.465625 0.221875 0.4578125 0.2296875 0.4578125
12 0.2734375 0.39375 0.275 0.4015625 0.2828125 0.4015625 0.284375 0.4328125 0.2125 0.4359375 0.2109375 0.446875 0.14375 0.4484375 0.1421875 0.45 0.1375 0.4484375 0.1359375 0.4390625 0.1265625 0.4390625 0.125 0.4078125 0.15625 0.40625 0.1578125 0.396875 0.271875 0.39375
3 0.69375 0.590625 0.696875 0.6015625 0.70625 0.6015625 0.70625 0.63125 0.6875 0.63125 0.6859375 0.6421875 0.6828125 0.64375 0.59375 0.6453125 0.5921875 0.646875 0.55 0.646875 0.5484375 0.6484375 0.5171875 0.6484375 0.5171875 0.640625 0.5140625 0.6375 0.50625 0.6375 0.5046875 0.61875 0.5140625 0.6171875 0.515625 0.6078125 0.5453125 0.6078125 0.5484375 0.6046875 0.5484375 0.5953125 0.6921875 0.590625
4 0.5296875 0.39375 0.65625 0.3890625 0.65625 0.3984375 0.665625 0.4 0.6671875 0.4078125 0.6671875 0.43125 0.53125 0.4359375 0.53125 0.4265625 0.5203125 0.425 0.5203125 0.415625 0.528125 0.415625 0.53125 0.4125 0.5296875 0.4109375 0.5296875 0.3953125
4 0.775 0.375 0.79375 0.375 0.7953125 0.384375 0.8890625 0.38125 0.8890625 0.403125 0.890625 0.4046875 0.890625 0.4125 0.796875 0.415625 0.7953125 0.4265625 0.765625 0.428125 0.765625 0.41875 0.7546875 0.4171875 0.753125 0.3859375 0.7734375 0.384375 0.775 0.3765625
4 0.2 0.61796875 0.1375 0.0359375
3 0.39765625 0.4 0.1265625 0.03125
1 0.190625 0.5453125 0.1078125 0.0328125
0 0.7717357725821001 0.6608272959015213 0.8150055842999873 0.6806058455528852 0.8252661303671852 0.6696027570026553 0.8465297649846126 0.6688602145196234 0.8773114031862062 0.6358509488689341 0.8754550469786263 0.5826918623253652 0.8644519584283964 0.5724313162581673 0.8672870796652751 0.3487918815336619 0.8236459967058718 0.31838151457358443 0.7811187274710167 0.3198665995396483 0.7503370892694232 0.35287586519033753 0.7521934454770032 0.40603495173390647 0.7631965340272329 0.41629549780110436 0.7603614127903544 0.6399349325256097 0.7717357725821001 0.6608272959015213
0 0.5539016290266009 0.5194072784098477 0.5477250666160787 0.6473603573559291 0.5590994264078245 0.6682527207318406 0.6130010554344253 0.6876599991416885 0.6544145109447326 0.6542794622494833 0.6650463282534463 0.6539081910079674 0.6624474295628346 0.5794854698469708 0.6514443410126047 0.569224923779773 0.6481028998389611 0.4735385680013489 0.6370998112887313 0.4632780219341511 0.6359859975641834 0.43138257000800967 0.6462465436313812 0.42037948145778004 0.6440189161822854 0.3565885776054973 0.6003778332228824 0.3261782106454198 0.5578505639880272 0.32766329561148366 0.5369582006121156 0.3390376554032294 0.5266976545449178 0.3500407439534591 0.5292965532355296 0.42446346511445565 0.5402996417857594 0.4347240111816534 0.5428985404763711 0.50914673234265 0.5539016290266009 0.5194072784098477
0 0.3680979860924923 0.6855674203878419 0.4109965265688634 0.6947141527304919 0.45278125332068664 0.6719654331470004 0.4626705281463684 0.6503305272880568 0.44981108338855885 0.5869108946772902 0.44461328600733535 0.43806545235529715 0.4548738320745331 0.4270623638050674 0.45264620462543725 0.3632714599527847 0.419636938974748 0.33248982175119124 0.3664778524311791 0.3343461779587711 0.3356962142295857 0.3673554436094603 0.3379238416786815 0.4311463474617431 0.3489269302289112 0.4414068935289408 0.34609180899203273 0.6650463282534463 0.3680979860924923 0.6855674203878419
0 0.13122783536866126 0.6086808492314829 0.13271292033472512 0.6512081184663381 0.15509036867670062 0.6823610279094474 0.1983601803945877 0.7021395775608112 0.21925254377049924 0.6907652177690655 0.25992345679777457 0.6361210462594327 0.2588096430732266 0.6042255943332913 0.2478065545229969 0.5939650482660935 0.24000985845116157 0.3706968847831041 0.22863549865941585 0.3498045214071924 0.20700059280047234 0.3399152465815106 0.14320968894818964 0.3421428740306064 0.122688596813794 0.3641490511310659 0.11279932198811216 0.38578395699000934 0.11354186447114409 0.4070475916074369 0.1359193128131195 0.4382005010505464 0.14148838143585904 0.5976777606812532 0.13122783536866126 0.6086808492314829
0 0.9780605076506044 0.4726609768230676 0.9689137753079544 0.5155595172994387 0.9802881350997001 0.5364518806753504 0.9810306775827321 0.557715515292778 0.9707701315155342 0.5687186038430078 0.9729977589646299 0.6325095076952905 0.9950039360650896 0.653030599829686 1 0.654504333440382 1 0.4912724675358927 0.9933838024037763 0.30180935740061515 0.9523416181349853 0.3458217116015342 0.9541979743425651 0.39898079814510307 0.9652010628927947 0.40924134421230096 0.9670574191003745 0.4624004307558699 0.9780605076506044 0.4726609768230676