0 0.0421875 0.5640625 0.084375 0.36875
6 0.478125 0.5265625 0.4875 0.5359375 0.4921875 0.55625 0.4890625 0.5625 0.484375 0.5640625 0.4796875 0.5703125 0.4609375 0.575 0.45625 0.5734375 0.421875 0.575 0.4203125 0.578125 0.3890625 0.58125 0.371875 0.5890625 0.36875 0.5890625 0.359375 0.58125 0.3609375 0.56875 0.371875 0.5625 0.36875 0.5546875 0.371875 0.5421875 0.378125 0.5390625 0.3875 0.5390625 0.4671875 0.525 0.4765625 0.5265625
8 0.2859375 0.5515625 0.296875 0.553125 0.3015625 0.5578125 0.303125 0.5703125 0.3 0.575 0.2828125 0.578125 0.278125 0.5875 0.271875 0.5921875 0.1953125 0.603125 0.1828125 0.6078125 0.171875 0.6078125 0.165625 0.6 0.1640625 0.5859375 0.1671875 0.578125 0.171875 0.5734375 0.1765625 0.5734375 0.18125 0.56875 0.1890625 0.56875 0.2015625 0.5640625 0.284375 0.5515625
3 0.6609375 0.4921875 0.66875 0.49375 0.675 0.5015625 0.675 0.509375 0.671875 0.515625 0.665625 0.51875 0.6171875 0.525 0.5875 0.53125 0.5828125 0.5296875 0.5671875 0.53125 0.5625 0.528125 0.559375 0.515625 0.5625 0.509375 0.5671875 0.50625 0.659375 0.4921875
3 0.528125 0.3703125 0.534375 0.3671875 0.54375 0.36875 0.5546875 0.365625 0.5734375 0.3671875 0.653125 0.353125 0.6671875 0.353125 0.6734375 0.3625 0.671875 0.3734375 0.665625 0.3765625 0.6578125 0.390625 0.646875 0.3984375 0.6375 0.3984375 0.6171875 0.403125 0.5984375 0.4015625 0.5765625 0.40625 0.559375 0.40625 0.5578125 0.4046875 0.5515625 0.40625 0.534375 0.4 0.525 0.3890625 0.5234375 0.3828125 0.525 0.375 0.528125 0.371875
3 0.4984375 0.5953125 0.5046875 0.6046875 0.503125 0.609375 0.5046875 0.621875 0.5015625 0.628125 0.496875 0.6296875 0.4953125 0.6328125 0.4859375 0.6328125 0.3859375 0.65 0.3828125 0.6484375 0.3703125 0.65 0.3609375 0.6453125 0.359375 0.634375 0.3546875 0.625 0.359375 0.6140625 0.3828125 0.6125 0.49375 0.59375 0.496875 0.5953125
4 0.25 0.425 0.2515625 0.4265625 0.2640625 0.425 0.2734375 0.434375 0.2734375 0.4375 0.2703125 0.4390625 0.2734375 0.453125 0.2703125 0.459375 0.265625 0.4625 0.2671875 0.4640625 0.2625 0.465625 0.25 0.4671875 0.2484375 0.4640625 0.24375 0.4640625 0.2203125 0.46875 0.2171875 0.4671875 0.2125 0.4703125 0.2078125 0.46875 0.1921875 0.471875 0.184375 0.4703125 0.15 0.4765625 0.1390625 0.471875 0.13125 0.4640625 0.1390625 0.4453125 0.1515625 0.440625 0.1578125 0.4421875 0.1609375 0.4390625 0.1796875 0.4375 0.2 0.4328125 0.203125 0.434375 0.2203125 0.4296875 0.228125 0.43125 0.23125 0.428125 0.2484375 0.4265625
4 0.690625 0.559375 0.6984375 0.565625 0.7 0.5703125 0.7 0.5828125 0.690625 0.5921875 0.6125 0.6046875 0.59375 0.6046875 0.5921875 0.60625 0.584375 0.6046875 0.5703125 0.6078125 0.5609375 0.60625 0.5546875 0.5984375 0.553125 0.590625 0.5578125 0.5796875 0.5609375 0.5765625 0.571875 0.5734375 0.6296875 0.565625 0.65 0.5609375 0.65625 0.5625 0.6890625 0.5609375
4 0.89375 0.5265625 0.909375 0.5359375 0.9140625 0.5421875 0.9125 0.5546875 0.9078125 0.559375 0.8984375 0.5625 0.8109375 0.575 0.790625 0.5796875 0.7796875 0.5765625 0.7765625 0.571875 0.76875 0.5671875 0.7671875 0.5546875 0.778125 0.5421875 0.8375 0.53125 0.84375 0.5328125 0.8578125 0.5296875 0.865625 0.53125 0.8921875 0.5265625
9 0.459375 0.4625 0.4609375 0.4640625 0.4640625 0.4625 0.4703125 0.46875 0.471875 0.48125 0.478125 0.4875 0.4765625 0.496875 0.471875 0.5046875 0.396875 0.515625 0.3890625 0.5171875 0.3859375 0.5203125 0.3796875 0.51875 0.3703125 0.5203125 0.3625 0.5140625 0.3609375 0.503125 0.365625 0.496875 0.3640625 0.4921875 0.3671875 0.4796875 0.3734375 0.475 0.3921875 0.478125 0.409375 0.475 0.4234375 0.4671875 0.4296875 0.46875 0.4328125 0.465625 0.4578125 0.4625
9 0.8734375 0.3140625 0.8828125 0.31875 0.8859375 0.325 0.8859375 0.3359375 0.8796875 0.3421875 0.875 0.34375 0.875 0.3484375 0.86875 0.3546875 0.7546875 0.3734375 0.7453125 0.3671875 0.7265625 0.3625 0.721875 0.353125 0.725 0.34375 0.7296875 0.3421875 0.7328125 0.3375 0.75 0.3328125 0.7515625 0.3296875 0.7921875 0.325 0.8 0.3265625 0.8046875 0.325 0.809375 0.328125 0.8296875 0.325 0.85 0.315625 0.871875 0.3140625
9 0.8765625 0.390625 0.8859375 0.3953125 0.8890625 0.4046875 0.8875 0.40625 0.8921875 0.4140625 0.8890625 0.4234375 0.878125 0.4296875 0.81875 0.4390625 0.790625 0.440625 0.7828125 0.4421875 0.7765625 0.446875 0.7671875 0.446875 0.7578125 0.4421875 0.7546875 0.4359375 0.7515625 0.434375 0.7515625 0.421875 0.7609375 0.4140625 0.7640625 0.4140625 0.7671875 0.40625 0.778125 0.4015625 0.7796875 0.403125 0.7875 0.4015625 0.80625 0.403125 0.8265625 0.3984375 0.875 0.3921875
9 0.8765625 0.4609375 0.8875 0.465625 0.890625 0.475 0.8890625 0.4875 0.88125 0.49375 0.875 0.4953125 0.8640625 0.503125 0.7953125 0.5140625 0.7828125 0.5109375 0.778125 0.503125 0.775 0.4703125 0.7796875 0.465625 0.7921875 0.4640625 0.8015625 0.471875 0.828125 0.4671875 0.8328125 0.4625 0.8421875 0.4609375 0.8484375 0.4625 0.875 0.4609375
1 0.5765625 0.425 0.58125 0.428125 0.5875 0.428125 0.66875 0.4140625 0.6796875 0.4140625 0.6859375 0.421875 0.6828125 0.434375 0.6765625 0.4390625 0.66875 0.440625 0.6703125 0.44375 0.6734375 0.44375 0.6765625 0.4515625 0.6765625 0.45625 0.6703125 0.465625 0.65625 0.46875 0.65 0.475 0.640625 0.4765625 0.6390625 0.4734375 0.634375 0.4734375 0.6296875 0.475 0.628125 0.478125 0.6140625 0.4796875 0.6125 0.4828125 0.603125 0.484375 0.6 0.484375 0.596875 0.4796875 0.5921875 0.478125 0.5875 0.4796875 0.5609375 0.478125 0.55625 0.4703125 0.553125 0.4375 0.565625 0.425 0.56875 0.4234375 0.575 0.425
1 0.2265625 0.5 0.234375 0.5015625 0.2453125 0.5 0.2609375 0.5078125 0.2609375 0.5125 0.265625 0.5140625 0.2703125 0.525 0.2640625 0.5359375 0.259375 0.5359375 0.2578125 0.5390625 0.240625 0.540625 0.2375 0.54375 0.21875 0.546875 0.209375 0.5453125 0.2078125 0.546875 0.2015625 0.540625 0.1796875 0.5390625 0.171875 0.540625 0.16875 0.54375 0.1609375 0.5421875 0.15625 0.5375 0.1546875 0.53125 0.1546875 0.5265625 0.1625 0.515625 0.215625 0.5078125 0.2265625 0.5015625
12 0.9984375 0.5 0.9984375 0.5453125 0.9875 0.5484375 0.98125 0.546875 0.978125 0.5484375 0.9734375 0.54375 0.971875 0.5375 0.9734375 0.528125 0.96875 0.515625 0.9765625 0.5046875 0.984375 0.5046875 0.996875 0.5
8 0.9796875 0.440625 0.9953125 0.4390625 0.9984375 0.45625 0.9984375 0.478125 0.9828125 0.4796875 0.978125 0.4765625 0.9734375 0.4671875 0.975 0.459375 0.9734375 0.4546875 0.9765625 0.4484375 0.975 0.446875 0.9796875 0.4421875
7 0.984375 0.371875 0.990625 0.4078125 0.9765625 0.4109375 0.96875 0.4078125 0.965625 0.403125 0.9640625 0.38125 0.9671875 0.375 0.975 0.371875 0.9828125 0.371875
11 0.0203125 0.5046875 0.025 0.5078125 0.040625 0.50625 0.0484375 0.5125 0.05 0.5203125 0.046875 0.5265625 0.040625 0.5296875 0.04375 0.53125 0.0453125 0.5375 0.04375 0.546875 0.0390625 0.5515625 0.03125 0.5515625 0.0203125 0.5625 0.009375 0.565625 0.003125 0.5640625 0.003125 0.5546875 0 0.54375 0 0.5078125 0.01875 0.5046875
12 0.2578125 0.6203125 0.265625 0.625 0.2859375 0.6203125 0.296875 0.6234375 0.3 0.63125 0.296875 0.6375 0.2984375 0.6625 0.29375 0.671875 0.2890625 0.675 0.2734375 0.671875 0.26875 0.675 0.259375 0.675 0.159375 0.6921875 0.1484375 0.6875 0.1453125 0.6828125 0.1453125 0.678125 0.15 0.66875 0.153125 0.6671875 0.1515625 0.6609375 0.1578125 0.6453125 0.1671875 0.634375 0.25625 0.6203125
0 0.7755205826268039 0.5787840804945155 0.7865770756547528 0.60681129008692 0.8004302832275769 0.6211607053657922 0.8285527074675837 0.6315957439682636 0.8732298391776874 0.6212108719056546 0.9025200920890823 0.5867933655387308 0.8999489573433612 0.5392243046361497 0.881925761223156 0.5089918028525207 0.8623238457693259 0.37478499446291824 0.8708092040515536 0.3552431431527416 0.8709696012749317 0.33536548135989497 0.8551516973459508 0.2981662764840095 0.8190401225297643 0.2790704663400186 0.7967015566747125 0.2842629023713231 0.7774153172355165 0.2773914139266691 0.7509217788689967 0.2981311259800605 0.7421808087157881 0.3160591074526634 0.7433936854949161 0.36549765006379914 0.7580137286806823 0.3846886748553925 0.7821214431645638 0.5264536086909022 0.7727088520460155 0.5610315122812042 0.7755205826268039 0.5787840804945155
0 0.5663239421317798 0.6367328950275833 0.5732104466123473 0.648877018115231 0.6023553183362773 0.6657675360679975 0.6305579411879736 0.6662637437740457 0.671831919963638 0.6448373947194013 0.6860059219832185 0.6194314864125803 0.6810540817869815 0.5672764278682585 0.6668500476955741 0.5298216111213921 0.6657975681398244 0.4605054067174099 0.6577934015277314 0.4204142726490467 0.6665193556450266 0.3710559286496003 0.6496790042321225 0.3274012444234198 0.6049868564861056 0.30635575395918513 0.5665095922553162 0.3141043087002974 0.5345028234107352 0.35226077848433013 0.5357958988015523 0.39176049019904263 0.5503357433756297 0.42089034588705926 0.5600489944728989 0.4822173997148619 0.5576833050582961 0.509061764599965 0.5645046269630878 0.5625750811108798 0.5572973280357638 0.5901862816089254 0.5663239421317798 0.6367328950275833
0 0.37919523958491347 0.6564450411649293 0.4052877848929876 0.6853994835936543 0.4216018965280169 0.6943960656178437 0.4417351701918443 0.6961703326787958 0.4643293479178768 0.692591766485065 0.4789343750677297 0.6803524287498148 0.49192553238000886 0.6683687028855454 0.5015135367578488 0.6453435000292405 0.4986065915294581 0.6060994001855088 0.48143042963388394 0.5707696770181777 0.4616681169566756 0.45644053042142196 0.46547226294956034 0.41778785293134096 0.45857074243307955 0.37421336731684957 0.4436950873763326 0.3534084726876824 0.39254746028002063 0.33338542970737084 0.3615481228834494 0.3465670163148551 0.3370994794847757 0.3802176870688365 0.34571008448643264 0.4450280924427674 0.36024992906050984 0.4741579481307842 0.359162299000811 0.5090716622037561 0.372263686996606 0.5500098304967507 0.37729572580453224 0.592226058144649 0.37254933093941345 0.6144844253880116 0.37919523958491347 0.6564450411649293
0 0.17143705566817155 0.7025855430930193 0.20585456203509525 0.7318757960044143 0.26395387618775046 0.7226737686491067 0.2888335447166966 0.702189668466696 0.2939157500644853 0.671606340164484 0.28854790077388914 0.637715073575435 0.27843365661817415 0.6260821742297488 0.256451035713828 0.48728936819840596 0.26849994415387324 0.4589113320874182 0.26602402405575465 0.43283380281525724 0.2485922502891999 0.39589020981035256 0.20390010254318294 0.37484471934611807 0.15514819693330045 0.39083803653439064 0.13995174742979685 0.40978846549091663 0.13605238678930948 0.4269496113505772 0.1383679096640498 0.4729048024155847 0.1506072473993 0.4875098295654376 0.16517712404520385 0.5795004103071417 0.17148722220803392 0.6297859871429088 0.16079657173458176 0.6562945415453421 0.17143705566817155 0.7025855430930193
0 0.9489315611845204 0.2948934887011219 0.9509914721882797 0.33923480992855565 0.9679120222128729 0.37295066325831283 0.9780562984404145 0.4474442876576864 0.9808830450571164 0.4966272183978413 0.9736757461297925 0.5242384188958867 0.9827023602258086 0.5707850323145449 1 0.5859250005705026 1 0.4606491465876907 0.9684619115091785 0.26152549260881075 0.9669247252328989 0.26226526543106365 0.9530865336959883 0.27934621267903503 0.9489315611845204 0.2948934887011219