1 0.421875 0.5078125 0.4296875 0.509375 0.4328125 0.5171875 0.4296875 0.565625 0.4265625 0.5734375 0.425 0.5875 0.415625 0.59375 0.4109375 0.590625 0.409375 0.5875 0.4109375 0.584375 0.40625 0.58125 0.40625 0.565625 0.4078125 0.5640625 0.40625 0.5421875 0.409375 0.5125 0.415625 0.5078125 0.4203125 0.5078125
1 0.4140625 0.6609375 0.41875 0.6640625 0.4171875 0.721875 0.415625 0.7234375 0.415625 0.74375 0.4140625 0.7484375 0.4078125 0.7515625 0.4015625 0.74375 0.396875 0.74375 0.39375 0.7359375 0.3953125 0.7203125 0.39375 0.6984375 0.396875 0.675 0.3953125 0.65625 0.3984375 0.653125 0.403125 0.653125 0.409375 0.6609375 0.4125 0.6609375
1 0.5203125 0.709375 0.0203125 0.0703125
1 0.54375 0.5203125 0.5515625 0.525 0.55 0.528125 0.553125 0.5328125 0.5515625 0.559375 0.5453125 0.5640625 0.5421875 0.5703125 0.546875 0.5859375 0.54375 0.5890625 0.540625 0.5875 0.5328125 0.5890625 0.5265625 0.584375 0.5234375 0.578125 0.525 0.534375 0.53125 0.53125 0.5328125 0.525 0.5421875 0.521875
1 0.4953125 0.846875 0.496875 0.853125 0.490625 0.8640625 0.490625 0.8734375 0.4859375 0.8890625 0.4859375 0.9 0.4828125 0.90625 0.478125 0.9078125 0.471875 0.903125 0.4734375 0.9015625 0.4703125 0.8875 0.475 0.8265625 0.4828125 0.8234375 0.49375 0.83125 0.4921875 0.8375 0.49375 0.846875
9 0.534375 0.8265625 0.5375 0.83125 0.54375 0.828125 0.55 0.83125 0.5453125 0.8953125 0.5421875 0.896875 0.5421875 0.9 0.534375 0.903125 0.528125 0.903125 0.521875 0.8984375 0.525 0.8375 0.5265625 0.828125 0.5328125 0.8265625
2 0.5984375 0.5171875 0.6015625 0.5203125 0.6015625 0.5265625 0.6109375 0.5359375 0.6125 0.546875 0.6109375 0.56875 0.6078125 0.5734375 0.609375 0.59375 0.6078125 0.5984375 0.603125 0.6 0.5953125 0.5953125 0.5890625 0.5953125 0.5828125 0.6015625 0.578125 0.5984375 0.5828125 0.5296875 0.590625 0.525 0.5921875 0.5203125 0.596875 0.5171875
2 0.6234375 0.6796875 0.625 0.68125 0.646875 0.6796875 0.653125 0.684375 0.6515625 0.6859375 0.653125 0.7078125 0.65 0.7140625 0.65 0.728125 0.646875 0.73125 0.6484375 0.740625 0.646875 0.7578125 0.64375 0.7609375 0.6328125 0.7625 0.625 0.7609375 0.6171875 0.7625 0.6140625 0.753125 0.615625 0.7296875 0.6203125 0.7046875 0.6171875 0.6953125 0.6171875 0.684375 0.621875 0.6796875
9 0.471875 0.66875 0.4734375 0.671875 0.4828125 0.6765625 0.4828125 0.6828125 0.4796875 0.6875 0.48125 0.7375 0.478125 0.740625 0.4546875 0.7375 0.4578125 0.6890625 0.45 0.678125 0.4515625 0.671875 0.4703125 0.6703125
9 0.4890625 0.51875 0.4953125 0.525 0.4921875 0.546875 0.4921875 0.5671875 0.4875 0.5828125 0.4796875 0.5859375 0.475 0.590625 0.4703125 0.5859375 0.46875 0.5765625 0.471875 0.521875 0.475 0.51875 0.478125 0.5203125 0.4875 0.51875
12 0.36875 0.8109375 0.3765625 0.809375 0.3796875 0.815625 0.378125 0.8234375 0.3796875 0.8328125 0.3765625 0.846875 0.378125 0.853125 0.375 0.865625 0.3765625 0.8671875 0.375 0.8875 0.3625 0.89375 0.35625 0.890625 0.353125 0.88125 0.353125 0.8578125 0.3515625 0.85625 0.3546875 0.8171875 0.3609375 0.815625 0.365625 0.8203125 0.36875 0.8125
8 0.421875 0.815625 0.428125 0.8171875 0.43125 0.8234375 0.4359375 0.821875 0.4390625 0.825 0.4359375 0.8734375 0.4328125 0.8796875 0.4328125 0.896875 0.4296875 0.9 0.425 0.8984375 0.4203125 0.9015625 0.409375 0.89375 0.4125 0.834375 0.415625 0.8203125 0.4203125 0.8171875
1 0.6125 0.821875 0.6140625 0.840625 0.609375 0.8640625 0.60625 0.9046875 0.5953125 0.9125 0.5875 0.9078125 0.5828125 0.909375 0.578125 0.90625 0.5796875 0.8890625 0.5828125 0.8875 0.584375 0.8828125 0.584375 0.8625 0.5859375 0.8609375 0.5859375 0.84375 0.5828125 0.840625 0.58125 0.8328125 0.584375 0.8265625 0.59375 0.828125 0.6015625 0.8265625 0.603125 0.828125 0.60625 0.821875 0.6109375 0.821875
5 0.584375 0.6796875 0.590625 0.6828125 0.5921875 0.6921875 0.590625 0.725 0.5875 0.7296875 0.5859375 0.7453125 0.5828125 0.7484375 0.5765625 0.7453125 0.575 0.746875 0.56875 0.7453125 0.565625 0.7421875 0.56875 0.684375 0.571875 0.68125 0.5765625 0.68125 0.5796875 0.684375 0.5828125 0.68125
0 0.4941869605213228 0.5831303375216521 0.645093689004491 0.6035106256911987 0.7139756213379013 0.5788437343821011 0.7262975169943912 0.5666015496012683 0.6697829209025359 0.5315281018729592 0.642528733060313 0.5230703955744471 0.5538244886869548 0.5266954523054539 0.3898777072592137 0.5054033148059187 0.3599676823026819 0.5115016869038024 0.3109877728848767 0.532646332353668 0.30692989148499344 0.5438284163476721 0.31299399329228567 0.5508043674849528 0.3619284621250255 0.577157876291661 0.39081265658532016 0.5857295637564217 0.4941869605213228 0.5831303375216521
0 0.6195954186482323 0.7573354239117644 0.6543954634589789 0.7515789953126263 0.7037173163755298 0.7255443300085459 0.7012551713031268 0.7139063213495476 0.6399645365233053 0.6768609235044212 0.557894299788482 0.6793118982823506 0.4535738762318992 0.672017103642442 0.406987571305314 0.658931610112804 0.369497419089667 0.6563100432890868 0.3005015055900082 0.6826069412162559 0.30087771937934554 0.7006509951812923 0.3446942060253734 0.7299225737253978 0.3736923816519167 0.736864254572087 0.5518190276867163 0.7427681752208948 0.6195954186482323 0.7573354239117644
0 0.4987246259894887 0.8930252869971632 0.5942111294582222 0.9095302155142584 0.6304132185545434 0.9071477813175122 0.7018370068360138 0.8695548182300902 0.6484684428140532 0.8363393394523501 0.6146942284995438 0.8274257084888437 0.5244739586743625 0.8293067774355303 0.36530321593458775 0.8099865900528123 0.33713717876237614 0.814568936698873 0.31131930549631914 0.8324192986220037 0.3062355936001988 0.8582714421786524 0.3246558613545724 0.8759392823543513 0.34842207362815514 0.8874290395565094 0.387200288963128 0.89505460740069 0.4987246259894887 0.8930252869971632