0 0.959375 0.44375 0.08125 0.38125
0 0.034375 0.55625 0.06875 0.359375
9 0.8625 0.428125 0.8640625 0.4375 0.8734375 0.4390625 0.8734375 0.446875 0.8640625 0.4484375 0.865625 0.4578125 0.8578125 0.4578125 0.8546875 0.4609375 0.85625 0.4671875 0.8546875 0.4703125 0.8171875 0.4734375 0.815625 0.4640625 0.80625 0.4625 0.803125 0.465625 0.8046875 0.4703125 0.803125 0.475 0.7875 0.475 0.76875 0.478125 0.765625 0.478125 0.765625 0.471875 0.7625 0.4671875 0.74375 0.46875 0.7421875 0.4390625 0.8609375 0.428125
9 0.746875 0.490625 0.7953125 0.4859375 0.7984375 0.496875 0.86875 0.490625 0.86875 0.4984375 0.8703125 0.5 0.878125 0.4984375 0.8796875 0.503125 0.8796875 0.5171875 0.871875 0.5203125 0.871875 0.5296875 0.78125 0.5375 0.7796875 0.5265625 0.75 0.5296875 0.746875 0.5203125 0.7390625 0.5203125 0.7375 0.5015625 0.7453125 0.5015625 0.746875 0.4921875
9 0.8546875 0.5625 0.85625 0.5734375 0.8953125 0.5703125 0.8984375 0.5984375 0.8640625 0.6 0.7734375 0.609375 0.7671875 0.609375 0.765625 0.6 0.746875 0.6015625 0.74375 0.571875 0.853125 0.5625
9 0.359375 0.525 0.465625 0.5140625 0.4796875 0.5140625 0.4828125 0.525 0.4921875 0.5234375 0.49375 0.5421875 0.4859375 0.5421875 0.4828125 0.5453125 0.4828125 0.553125 0.4140625 0.5578125 0.378125 0.5625 0.375 0.5625 0.371875 0.553125 0.353125 0.5546875 0.3515625 0.5359375 0.3578125 0.5359375 0.3609375 0.5328125 0.3609375 0.5265625
4 0.865625 0.3578125 0.86875 0.3671875 0.878125 0.365625 0.8796875 0.3765625 0.8796875 0.384375 0.8734375 0.384375 0.86875 0.3875 0.8703125 0.3953125 0.86875 0.396875 0.7125 0.409375 0.7109375 0.4109375 0.709375 0.4109375 0.709375 0.403125 0.70625 0.4 0.696875 0.4 0.6953125 0.3828125 0.7046875 0.38125 0.70625 0.371875 0.8640625 0.3578125
4 0.6640625 0.375 0.6640625 0.3828125 0.675 0.3859375 0.675 0.403125 0.6765625 0.4046875 0.675 0.4140625 0.5515625 0.4234375 0.5328125 0.4265625 0.525 0.4265625 0.525 0.4171875 0.515625 0.415625 0.5140625 0.409375 0.5234375 0.40625 0.5234375 0.396875 0.53125 0.396875 0.534375 0.39375 0.5328125 0.390625 0.534375 0.3859375 0.6625 0.375
3 0.3484375 0.3921875 0.378125 0.3890625 0.378125 0.396875 0.38125 0.4 0.46875 0.3921875 0.471875 0.4015625 0.48125 0.4 0.4828125 0.4125 0.4828125 0.41875 0.471875 0.421875 0.471875 0.43125 0.3734375 0.4390625 0.3703125 0.4296875 0.3421875 0.43125 0.340625 0.421875 0.33125 0.4234375 0.3296875 0.4046875 0.346875 0.403125 0.3484375 0.39375
3 0.5390625 0.446875 0.646875 0.4375 0.65 0.446875 0.659375 0.446875 0.6609375 0.4578125 0.6609375 0.4765625 0.64375 0.4765625 0.53125 0.4875 0.528125 0.4578125 0.5375 0.45625 0.5390625 0.4484375
3 0.68125 0.578125 0.684375 0.5875 0.6921875 0.5875 0.69375 0.6 0.69375 0.60625 0.684375 0.6078125 0.684375 0.6171875 0.6140625 0.621875 0.559375 0.628125 0.5546875 0.628125 0.5515625 0.61875 0.5421875 0.61875 0.540625 0.6015625 0.5515625 0.5984375 0.5515625 0.5890625 0.6796875 0.578125
6 0.3453125 0.4640625 0.4859375 0.4515625 0.4890625 0.484375 0.4890625 0.490625 0.48125 0.4921875 0.3484375 0.503125 0.3484375 0.49375 0.346875 0.4921875 0.3375 0.49375 0.3359375 0.4890625 0.3359375 0.475 0.34375 0.4734375 0.3453125 0.465625
1 0.6765625 0.5171875 0.678125 0.546875 0.6703125 0.546875 0.66875 0.55625 0.55625 0.5671875 0.5484375 0.5671875 0.546875 0.5484375 0.5359375 0.546875 0.5359375 0.540625 0.546875 0.5375 0.5453125 0.528125 0.675 0.5171875
8 0.2609375 0.471875 0.2640625 0.48125 0.2734375 0.4796875 0.275 0.49375 0.275 0.4984375 0.26875 0.4984375 0.2640625 0.5015625 0.2640625 0.5109375 0.1796875 0.5171875 0.1609375 0.5203125 0.1453125 0.5203125 0.1421875 0.5109375 0.1328125 0.5109375 0.13125 0.4921875 0.140625 0.4921875 0.1421875 0.48125 0.259375 0.471875
12 0.125 0.4109375 0.2953125 0.396875 0.2984375 0.4203125 0.2984375 0.4265625 0.2890625 0.428125 0.2890625 0.4359375 0.271875 0.4375 0.2703125 0.4484375 0.2515625 0.45 0.25 0.4515625 0.2515625 0.459375 0.1921875 0.465625 0.1921875 0.4609375 0.1890625 0.45625 0.128125 0.4609375 0.1265625 0.45 0.1078125 0.4515625 0.1046875 0.425 0.1234375 0.421875 0.125 0.4125
1 0.209375 0.546875 0.103125 0.0390625
4 0.2140625 0.61796875 0.134375 0.0375
0 0.7510808030222772 0.559977752640716 0.7555275245910352 0.6108040127474378 0.7674714652398829 0.6302451724763748 0.8099111619527635 0.647018299264057 0.8191870696603563 0.635963702928961 0.8395175737030447 0.6341850143014579 0.8673452968258228 0.60102122529617 0.8628985752570648 0.5501949651894482 0.851843978921969 0.5409190574818556 0.8433330003545294 0.3265594207198727 0.8000039593278971 0.2996210419108462 0.7593429512425198 0.30317841916585264 0.7315152281197417 0.3363422081711405 0.7359619496884997 0.3871684682778622 0.7470165460235957 0.3964443759854549 0.7603567107298699 0.54892315630562 0.7510808030222772 0.559977752640716
0 0.5517156044204734 0.5057185304525863 0.5531118284779 0.6387561510438144 0.5964408695045321 0.6656945298528408 0.6167713735472209 0.6639158412253376 0.6547643486913434 0.6298627079062983 0.6649296007126877 0.6289733635925466 0.6587041905164265 0.5578165994431362 0.6476495941813305 0.5485406917355435 0.6387561510438144 0.44688817152210014 0.6277015547087184 0.43761226381450735 0.6259228660812152 0.41728175977181864 0.6351987737888078 0.4062271634367227 0.6298627079062983 0.34523565130865663 0.586533666879666 0.3182972724996301 0.5458726587942887 0.3218546497546365 0.5264314990653516 0.3337985904034841 0.5171555913577588 0.34485318673857995 0.52338100155402 0.4160099508879904 0.5344355978891161 0.4252858585955831 0.5406610080853774 0.49644262274499357 0.5517156044204734 0.5057185304525863
0 0.40330108109898977 0.6825920718141216 0.4337968371630227 0.6799240388728667 0.4523486525782081 0.6578148462026749 0.46251390459955255 0.6569255018889233 0.4709004679933937 0.6357056535324829 0.45539915008953963 0.5756034857181686 0.44294832969701703 0.4332899574193476 0.45222423740460976 0.4222353610842517 0.44688817152210014 0.36124384895618566 0.4137243825168121 0.3334161258334075 0.36289812241009045 0.33786284740216554 0.3350703992873122 0.3710266364074534 0.34040646516982187 0.4320181485355195 0.35146106150491796 0.44129405624311213 0.35997204007235745 0.655653693005095 0.40330108109898977 0.6825920718141216
0 0.15133093376296095 0.6124490671520613 0.1548883110179674 0.6531100752374386 0.1778868480019109 0.6818271426739685 0.22032654471479152 0.6986002694616505 0.2397677044437286 0.6866563288128031 0.27598199096034787 0.6322726914510749 0.27331395801909303 0.6017769353870419 0.2622593616839971 0.5925010276794491 0.24358313109521318 0.37903073523121794 0.23163919044636563 0.3595895755022809 0.21041934208992535 0.3512030121084398 0.14942782996185927 0.3565390779909495 0.1308760145466738 0.3786482706611413 0.12248945115283269 0.39986811901758157 0.12515748409408753 0.43036387508161467 0.14726667676427946 0.44891569049680013 0.16060684147055368 0.6013944708169653 0.15133093376296095 0.6124490671520613