0 0.48515625 0.65703125 0.1109375 0.0828125
0 0.48515625 0.82109375 0.11875 0.0890625
0 0.5125 0.14609375 0.175 0.1109375
0 0.5109375 0.29140625 0.1390625 0.090625
1 0.5015625 0.1015625 0.515625 0.1015625 0.5125 0.1859375 0.5109375 0.1953125 0.50625 0.196875 0.50625 0.2015625 0.5 0.2015625 0.5 0.196875 0.496875 0.1953125 0.5015625 0.103125
1 0.5328125 0.103125 0.5359375 0.103125 0.5390625 0.096875 0.5484375 0.0984375 0.546875 0.1 0.54375 0.1875 0.5390625 0.203125 0.528125 0.203125 0.5328125 0.1046875
1 0.5375 0.2515625 0.546875 0.2515625 0.5421875 0.340625 0.5328125 0.340625 0.534375 0.3296875 0.5296875 0.328125 0.5328125 0.2578125 0.5359375 0.2578125 0.5375 0.253125
4 0.465625 0.0984375 0.4765625 0.1 0.4734375 0.1859375 0.471875 0.2 0.4671875 0.2015625 0.4671875 0.20625 0.4625 0.20625 0.4609375 0.2 0.45625 0.1984375 0.4609375 0.1 0.4640625 0.0984375
7 0.490625 0.24375 0.49375 0.2453125 0.4921875 0.246875 0.4953125 0.25 0.4921875 0.33125 0.4875 0.3375 0.484375 0.3375 0.4859375 0.334375 0.4828125 0.33125 0.4828125 0.3265625 0.478125 0.325 0.48125 0.2546875 0.484375 0.2546875 0.490625 0.2453125
7 0.521875 0.2453125 0.528125 0.2515625 0.528125 0.2765625 0.5265625 0.28125 0.521875 0.2828125 0.5203125 0.3140625 0.525 0.3171875 0.525 0.3328125 0.51875 0.3375 0.51875 0.340625 0.5078125 0.3390625 0.509375 0.321875 0.50625 0.3203125 0.50625 0.30625 0.5078125 0.3046875 0.5078125 0.2765625 0.5125 0.2734375 0.5125 0.25 0.515625 0.25 0.5203125 0.2453125
1 0.4765625 0.7859375 0.4828125 0.7859375 0.4828125 0.790625 0.4875 0.7921875 0.4859375 0.8421875 0.484375 0.85 0.48125 0.85 0.4796875 0.85625 0.4765625 0.85625 0.4734375 0.8546875 0.4765625 0.7875
1 0.48125 0.6375 0.4875 0.6375 0.4875 0.6640625 0.484375 0.6890625 0.4796875 0.6890625 0.48125 0.6390625
3 0.5640625 0.1046875 0.571875 0.1046875 0.5671875 0.1984375 0.559375 0.1984375 0.5640625 0.10625
9 0.496875 0.7859375 0.503125 0.7859375 0.5 0.85625 0.49375 0.85625 0.496875 0.7875
4 0.453125 0.790625 0.459375 0.790625 0.4578125 0.83125 0.4546875 0.8328125 0.453125 0.8546875 0.446875 0.853125 0.446875 0.8421875 0.44375 0.840625 0.44375 0.8125 0.4453125 0.8078125 0.45 0.80625 0.45 0.796875 0.453125 0.7953125 0.453125 0.7921875
9 0.55625 0.253125 0.5671875 0.253125 0.5671875 0.2640625 0.571875 0.265625 0.56875 0.3234375 0.5640625 0.325 0.5609375 0.3359375 0.5578125 0.3359375 0.553125 0.3421875 0.55 0.3359375 0.55 0.3078125 0.5515625 0.30625 0.553125 0.259375 0.55625 0.2578125 0.55625 0.2546875
8 0.465625 0.784375 0.471875 0.784375 0.471875 0.7890625 0.475 0.790625 0.475 0.8078125 0.471875 0.809375 0.4734375 0.8140625 0.471875 0.8609375 0.4625 0.8609375 0.465625 0.7859375
2 0.4671875 0.6296875 0.46875 0.6296875 0.4671875 0.634375 0.471875 0.6359375 0.4703125 0.6921875 0.4640625 0.69375 0.4640625 0.6890625 0.459375 0.6875 0.4609375 0.6421875 0.465625 0.640625 0.4671875 0.63125