9 0.8046875 0.29375 0.8203125 0.29375 0.8203125 0.2984375 0.8234375 0.3 0.8234375 0.315625 0.8109375 0.315625 0.809375 0.3203125 0.8046875 0.3203125 0.803125 0.3265625 0.7984375 0.328125 0.7984375 0.3328125 0.7953125 0.334375 0.7953125 0.3390625 0.7890625 0.3453125 0.7859375 0.35625 0.78125 0.3578125 0.78125 0.3609375 0.778125 0.3625 0.778125 0.3671875 0.775 0.36875 0.775 0.4125 0.771875 0.4140625 0.771875 0.41875 0.765625 0.41875 0.765625 0.4140625 0.7625 0.4125 0.7625 0.3578125 0.765625 0.35625 0.765625 0.3515625 0.7703125 0.35 0.7703125 0.3453125 0.7765625 0.3390625 0.7765625 0.334375 0.7796875 0.3328125 0.7828125 0.321875 0.7859375 0.321875 0.7875 0.3171875 0.79375 0.315625 0.796875 0.3046875 0.8 0.303125 0.8 0.3 0.8046875 0.2984375 0.8046875 0.2953125
3 0.796875 0.265625 0.8125 0.265625 0.8125 0.2859375 0.8 0.2859375 0.7921875 0.303125 0.7875 0.303125 0.7859375 0.309375 0.7828125 0.309375 0.78125 0.315625 0.7765625 0.315625 0.775 0.3203125 0.7625 0.3203125 0.7625 0.3171875 0.759375 0.315625 0.759375 0.3046875 0.765625 0.2984375 0.765625 0.29375 0.775 0.29375 0.7765625 0.2875 0.78125 0.2875 0.7828125 0.2828125 0.7875 0.28125 0.790625 0.2703125 0.7953125 0.2703125 0.796875 0.2671875
9 0.6 0.4265625 0.6171875 0.4265625 0.6171875 0.4296875 0.6203125 0.43125 0.6203125 0.446875 0.6046875 0.446875 0.603125 0.453125 0.5984375 0.4546875 0.5984375 0.459375 0.5921875 0.4609375 0.5921875 0.4640625 0.5890625 0.465625 0.5890625 0.4703125 0.5828125 0.4703125 0.58125 0.4765625 0.575 0.478125 0.575 0.48125 0.571875 0.4828125 0.571875 0.5109375 0.56875 0.5125 0.56875 0.521875 0.5640625 0.5234375 0.5640625 0.528125 0.5609375 0.5296875 0.5609375 0.534375 0.5578125 0.5359375 0.5578125 0.5390625 0.553125 0.5390625 0.553125 0.5359375 0.5484375 0.534375 0.5484375 0.51875 0.553125 0.5171875 0.553125 0.5125 0.55625 0.5109375 0.55625 0.50625 0.559375 0.5046875 0.559375 0.471875 0.5625 0.4703125 0.5625 0.465625 0.5703125 0.4640625 0.5703125 0.4609375 0.5734375 0.459375 0.5734375 0.4546875 0.5796875 0.453125 0.5796875 0.4484375 0.5875 0.446875 0.5875 0.44375 0.590625 0.4421875 0.590625 0.4375 0.59375 0.4359375 0.59375 0.43125 0.5984375 0.43125 0.6 0.428125
9 0.396875 0.575 0.4296875 0.575 0.4296875 0.590625 0.4265625 0.5921875 0.4265625 0.596875 0.4046875 0.596875 0.403125 0.603125 0.39375 0.603125 0.3921875 0.6078125 0.3859375 0.609375 0.3859375 0.6140625 0.38125 0.615625 0.38125 0.6203125 0.375 0.6265625 0.375 0.6375 0.36875 0.64375 0.36875 0.6546875 0.3640625 0.65625 0.3640625 0.671875 0.3609375 0.6734375 0.3609375 0.678125 0.35625 0.678125 0.35625 0.6734375 0.353125 0.671875 0.353125 0.64375 0.359375 0.6375 0.359375 0.6265625 0.365625 0.6203125 0.365625 0.615625 0.3703125 0.6140625 0.3703125 0.6046875 0.3734375 0.603125 0.3765625 0.5921875 0.38125 0.5921875 0.3828125 0.5875 0.3890625 0.5875 0.390625 0.58125 0.3953125 0.58125 0.396875 0.5765625
9 0.228125 0.7421875 0.2609375 0.7421875 0.2609375 0.746875 0.2640625 0.7484375 0.2640625 0.7578125 0.2609375 0.759375 0.2609375 0.7640625 0.2359375 0.7640625 0.234375 0.76875 0.2296875 0.7703125 0.2296875 0.775 0.2265625 0.7765625 0.2265625 0.7859375 0.2203125 0.7875 0.2171875 0.7984375 0.2125 0.8 0.2125 0.803125 0.209375 0.8046875 0.209375 0.809375 0.20625 0.8109375 0.20625 0.815625 0.203125 0.8171875 0.203125 0.84375 0.190625 0.84375 0.190625 0.8046875 0.196875 0.7984375 0.2 0.7875 0.203125 0.7875 0.2046875 0.7828125 0.2078125 0.78125 0.2078125 0.7765625 0.2109375 0.775 0.2109375 0.7703125 0.2140625 0.76875 0.2140625 0.765625 0.21875 0.7640625 0.21875 0.759375 0.221875 0.7578125 0.221875 0.753125 0.225 0.7515625 0.228125 0.74375
3 0.628125 0.4609375 0.6640625 0.4609375 0.6640625 0.4640625 0.66875 0.465625 0.66875 0.48125 0.6453125 0.48125 0.64375 0.4875 0.6390625 0.4875 0.6375 0.49375 0.63125 0.49375 0.6296875 0.4984375 0.6265625 0.5 0.6265625 0.5046875 0.6203125 0.50625 0.6203125 0.5109375 0.6125 0.5125 0.6125 0.5171875 0.60625 0.5234375 0.603125 0.534375 0.5984375 0.5359375 0.5984375 0.5734375 0.5953125 0.575 0.5953125 0.5859375 0.5890625 0.5921875 0.5890625 0.596875 0.5796875 0.596875 0.5796875 0.540625 0.5828125 0.5390625 0.5828125 0.5234375 0.5859375 0.5234375 0.5875 0.51875 0.590625 0.5171875 0.590625 0.5125 0.59375 0.5109375 0.596875 0.5 0.6046875 0.4984375 0.6046875 0.4953125 0.6078125 0.49375 0.6078125 0.4890625 0.6109375 0.4875 0.6109375 0.4828125 0.6140625 0.48125 0.6140625 0.478125 0.61875 0.4765625 0.621875 0.465625 0.6265625 0.465625 0.628125 0.4625
3 0.43125 0.6046875 0.4578125 0.6046875 0.4578125 0.6203125 0.453125 0.6203125 0.4515625 0.625 0.446875 0.6265625 0.446875 0.63125 0.4390625 0.63125 0.4375 0.6375 0.425 0.6375 0.4234375 0.6421875 0.41875 0.6421875 0.4171875 0.6484375 0.4125 0.65 0.4125 0.6546875 0.4078125 0.6546875 0.40625 0.659375 0.403125 0.6609375 0.403125 0.665625 0.3984375 0.6671875 0.3984375 0.678125 0.3921875 0.684375 0.3921875 0.7125 0.3859375 0.71875 0.3859375 0.7234375 0.3796875 0.7234375 0.3796875 0.71875 0.3734375 0.7125 0.3734375 0.684375 0.3765625 0.6828125 0.3765625 0.6734375 0.3796875 0.671875 0.3828125 0.6609375 0.3859375 0.6609375 0.3875 0.65625 0.390625 0.6546875 0.390625 0.65 0.39375 0.6484375 0.39375 0.64375 0.4 0.6375 0.4 0.6328125 0.4046875 0.63125 0.4046875 0.6265625 0.409375 0.6265625 0.4109375 0.621875 0.4171875 0.621875 0.41875 0.615625 0.4265625 0.615625 0.43125 0.60625
3 0.2765625 0.7703125 0.2953125 0.7703125 0.2984375 0.78125 0.2921875 0.7875 0.2921875 0.7921875 0.2796875 0.7921875 0.278125 0.7984375 0.2703125 0.7984375 0.26875 0.803125 0.259375 0.803125 0.2578125 0.809375 0.2515625 0.8109375 0.2515625 0.815625 0.2484375 0.815625 0.246875 0.8203125 0.24375 0.821875 0.24375 0.8265625 0.240625 0.828125 0.2375 0.8390625 0.234375 0.840625 0.234375 0.84375 0.2296875 0.8453125 0.2296875 0.8609375 0.2265625 0.8625 0.2265625 0.8734375 0.2234375 0.875 0.2234375 0.890625 0.2203125 0.8921875 0.2203125 0.8953125 0.2140625 0.8953125 0.2140625 0.8921875 0.2109375 0.890625 0.2109375 0.86875 0.2140625 0.8671875 0.2140625 0.8578125 0.21875 0.85625 0.21875 0.840625 0.221875 0.8390625 0.221875 0.834375 0.225 0.8328125 0.225 0.821875 0.228125 0.8203125 0.228125 0.8171875 0.2359375 0.815625 0.2359375 0.8046875 0.2421875 0.7984375 0.2421875 0.79375 0.2484375 0.7921875 0.2484375 0.7875 0.2546875 0.7875 0.25625 0.7828125 0.2640625 0.7828125 0.265625 0.7765625 0.275 0.7765625 0.2765625 0.771875
3 0.8453125 0.321875 0.8640625 0.321875 0.8640625 0.3390625 0.8609375 0.340625 0.8609375 0.34375 0.8484375 0.34375 0.846875 0.35 0.84375 0.3515625 0.84375 0.35625 0.840625 0.3578125 0.840625 0.3609375 0.834375 0.3625 0.834375 0.3671875 0.8296875 0.36875 0.8296875 0.3734375 0.821875 0.3734375 0.8203125 0.378125 0.8125 0.3796875 0.8125 0.384375 0.809375 0.3859375 0.809375 0.390625 0.80625 0.3921875 0.80625 0.4015625 0.803125 0.403125 0.803125 0.4078125 0.7984375 0.409375 0.7984375 0.425 0.7953125 0.4265625 0.7953125 0.4421875 0.790625 0.4421875 0.7890625 0.446875 0.7859375 0.4421875 0.7828125 0.4421875 0.7828125 0.4203125 0.7875 0.41875 0.7875 0.403125 0.790625 0.4015625 0.790625 0.3921875 0.79375 0.390625 0.79375 0.3859375 0.796875 0.384375 0.796875 0.375 0.8 0.3734375 0.8 0.36875 0.8046875 0.3671875 0.8046875 0.3625 0.8078125 0.3609375 0.8078125 0.3578125 0.8171875 0.3578125 0.81875 0.3515625 0.8234375 0.3515625 0.825 0.3453125 0.8296875 0.3453125 0.83125 0.340625 0.8359375 0.3390625 0.8390625 0.328125 0.84375 0.328125 0.8453125 0.3234375
2 0.7703125 0.2421875 0.7859375 0.2421875 0.7859375 0.2578125 0.78125 0.259375 0.78125 0.2640625 0.7734375 0.2640625 0.771875 0.26875 0.759375 0.26875 0.7578125 0.275 0.753125 0.275 0.7515625 0.28125 0.746875 0.2828125 0.746875 0.2859375 0.74375 0.2875 0.74375 0.2921875 0.740625 0.29375 0.740625 0.303125 0.7375 0.3046875 0.7375 0.3390625 0.734375 0.340625 0.734375 0.34375 0.725 0.34375 0.725 0.29375 0.728125 0.2921875 0.728125 0.2828125 0.73125 0.28125 0.73125 0.2765625 0.7359375 0.275 0.7359375 0.2703125 0.7390625 0.26875 0.7390625 0.265625 0.7453125 0.2640625 0.7484375 0.253125 0.7546875 0.253125 0.75625 0.2484375 0.76875 0.2484375 0.7703125 0.24375
2 0.565625 0.375 0.5859375 0.375 0.5859375 0.390625 0.5828125 0.390625 0.58125 0.3953125 0.5703125 0.3953125 0.56875 0.4015625 0.559375 0.4015625 0.5578125 0.4078125 0.5453125 0.4078125 0.54375 0.4125 0.5375 0.4140625 0.5375 0.425 0.534375 0.4265625 0.534375 0.4296875 0.5296875 0.43125 0.5296875 0.4421875 0.5265625 0.44375 0.5265625 0.4703125 0.5234375 0.471875 0.5234375 0.4765625 0.5203125 0.4703125 0.5140625 0.4703125 0.5140625 0.4375 0.51875 0.4359375 0.51875 0.4203125 0.521875 0.41875 0.521875 0.4140625 0.528125 0.4078125 0.528125 0.396875 0.534375 0.396875 0.5359375 0.3921875 0.540625 0.3921875 0.5421875 0.3859375 0.5546875 0.3859375 0.55625 0.3796875 0.5640625 0.3796875 0.565625 0.3765625
2 0.365625 0.50625 0.378125 0.50625 0.378125 0.5109375 0.38125 0.5125 0.38125 0.521875 0.378125 0.5234375 0.378125 0.534375 0.359375 0.534375 0.3578125 0.5390625 0.3546875 0.540625 0.3546875 0.5453125 0.3484375 0.5453125 0.34375 0.55625 0.3375 0.5578125 0.3375 0.56875 0.3296875 0.5703125 0.3296875 0.5796875 0.3265625 0.58125 0.3265625 0.590625 0.3234375 0.5921875 0.3234375 0.596875 0.3265625 0.5984375 0.3265625 0.6140625 0.3234375 0.615625 0.3234375 0.6203125 0.3109375 0.6203125 0.3109375 0.5875 0.3140625 0.5859375 0.3140625 0.575 0.31875 0.5734375 0.31875 0.5640625 0.321875 0.5625 0.321875 0.553125 0.328125 0.5515625 0.33125 0.540625 0.3359375 0.5390625 0.3359375 0.5359375 0.3390625 0.534375 0.3390625 0.5296875 0.3453125 0.528125 0.3453125 0.5234375 0.3484375 0.521875 0.3484375 0.51875 0.3578125 0.51875 0.359375 0.5125 0.3640625 0.5125 0.365625 0.5078125
2 0.2046875 0.684375 0.2171875 0.684375 0.2171875 0.70625 0.2046875 0.70625 0.203125 0.7125 0.196875 0.7125 0.1953125 0.7171875 0.1828125 0.7171875 0.18125 0.7234375 0.175 0.725 0.175 0.7296875 0.171875 0.73125 0.171875 0.740625 0.16875 0.7421875 0.16875 0.7515625 0.1640625 0.753125 0.1640625 0.7640625 0.1609375 0.765625 0.1609375 0.7859375 0.1578125 0.7875 0.1578125 0.7921875 0.15625 0.7921875 0.15625 0.7875 0.153125 0.7859375 0.153125 0.7828125 0.1484375 0.78125 0.1484375 0.759375 0.153125 0.7578125 0.153125 0.7421875 0.15625 0.740625 0.15625 0.7359375 0.159375 0.734375 0.159375 0.725 0.1625 0.7234375 0.1625 0.7140625 0.165625 0.7125 0.165625 0.7078125 0.171875 0.7078125 0.1734375 0.7015625 0.18125 0.7015625 0.1828125 0.696875 0.1921875 0.696875 0.19375 0.690625 0.203125 0.690625 0.2046875 0.6859375
4 0.9484375 0.00625 0.975 0.00625 0.978125 0.0171875 0.98125 0.01875 0.98125 0.034375 0.975 0.0359375 0.975 0.0390625 0.971875 0.040625 0.971875 0.0453125 0.9625 0.0453125 0.9609375 0.0515625 0.95625 0.0515625 0.9546875 0.05625 0.94375 0.0578125 0.94375 0.0625 0.940625 0.0640625 0.940625 0.090625 0.9375 0.0921875 0.934375 0.103125 0.928125 0.103125 0.9265625 0.1078125 0.9203125 0.109375 0.9203125 0.1140625 0.9171875 0.115625 0.9171875 0.125 0.9125 0.1265625 0.909375 0.1375 0.9078125 0.1375 0.9078125 0.1328125 0.9046875 0.13125 0.9046875 0.121875 0.9 0.1203125 0.9 0.115625 0.896875 0.1140625 0.896875 0.0921875 0.9 0.090625 0.9 0.08125 0.9046875 0.0796875 0.9046875 0.0578125 0.9078125 0.05625 0.9078125 0.046875 0.9140625 0.0453125 0.9140625 0.0359375 0.921875 0.034375 0.925 0.0234375 0.9296875 0.0234375 0.93125 0.01875 0.9375 0.01875 0.9390625 0.0125 0.946875 0.0125 0.9484375 0.0078125
4 0.7359375 0.196875 0.76875 0.196875 0.76875 0.2125 0.765625 0.2125 0.7640625 0.2171875 0.7359375 0.2171875 0.734375 0.2234375 0.7265625 0.225 0.7265625 0.234375 0.7234375 0.2359375 0.7234375 0.246875 0.7203125 0.2484375 0.7203125 0.2578125 0.7171875 0.259375 0.7171875 0.2640625 0.7125 0.265625 0.7125 0.275 0.709375 0.2765625 0.709375 0.2859375 0.70625 0.2875 0.70625 0.2921875 0.703125 0.29375 0.703125 0.3203125 0.6984375 0.321875 0.6984375 0.3265625 0.690625 0.3265625 0.690625 0.3171875 0.6796875 0.315625 0.6796875 0.259375 0.6828125 0.2578125 0.6828125 0.2484375 0.6875 0.246875 0.6875 0.2421875 0.690625 0.240625 0.690625 0.2359375 0.696875 0.2296875 0.7 0.21875 0.7046875 0.2171875 0.7046875 0.2140625 0.7078125 0.2125 0.7078125 0.2078125 0.7140625 0.20625 0.7140625 0.2015625 0.734375 0.2015625 0.7359375 0.1984375
4 0.528125 0.3171875 0.54375 0.3171875 0.5453125 0.321875 0.5640625 0.321875 0.5640625 0.3265625 0.56875 0.328125 0.56875 0.3390625 0.565625 0.3390625 0.5640625 0.34375 0.55625 0.34375 0.5546875 0.35 0.5453125 0.35 0.54375 0.35625 0.5359375 0.35625 0.534375 0.3609375 0.5296875 0.3625 0.5265625 0.3734375 0.521875 0.3734375 0.5203125 0.378125 0.5171875 0.3796875 0.5171875 0.384375 0.5125 0.3859375 0.5125 0.390625 0.50625 0.396875 0.50625 0.4015625 0.503125 0.403125 0.503125 0.4125 0.4984375 0.4140625 0.4984375 0.4296875 0.4953125 0.43125 0.4953125 0.4421875 0.4828125 0.4421875 0.4828125 0.4265625 0.4765625 0.425 0.4765625 0.396875 0.4796875 0.3953125 0.4796875 0.3859375 0.4828125 0.384375 0.4828125 0.3796875 0.4875 0.378125 0.4875 0.36875 0.490625 0.3671875 0.490625 0.3625 0.496875 0.35625 0.5 0.3453125 0.50625 0.3453125 0.5078125 0.340625 0.5109375 0.3390625 0.5109375 0.334375 0.5203125 0.334375 0.528125 0.31875
4 0.3359375 0.4609375 0.3515625 0.4609375 0.353125 0.465625 0.378125 0.465625 0.378125 0.4703125 0.38125 0.471875 0.38125 0.4875 0.378125 0.4890625 0.378125 0.49375 0.375 0.4953125 0.375 0.4984375 0.359375 0.4984375 0.3578125 0.49375 0.3359375 0.49375 0.334375 0.4984375 0.3265625 0.5 0.3265625 0.5046875 0.3234375 0.50625 0.3203125 0.5171875 0.3171875 0.51875 0.3171875 0.521875 0.3125 0.5234375 0.3125 0.528125 0.309375 0.5296875 0.309375 0.534375 0.303125 0.540625 0.303125 0.5453125 0.3 0.5453125 0.2984375 0.5515625 0.2953125 0.553125 0.2953125 0.596875 0.2828125 0.596875 0.2828125 0.5640625 0.2796875 0.5625 0.2796875 0.553125 0.2828125 0.5515625 0.2828125 0.5359375 0.2875 0.534375 0.2875 0.5234375 0.29375 0.5171875 0.29375 0.5125 0.296875 0.5109375 0.3 0.5 0.30625 0.5 0.3078125 0.4953125 0.3109375 0.49375 0.3109375 0.4890625 0.31875 0.4875 0.31875 0.4828125 0.325 0.4765625 0.328125 0.465625 0.334375 0.465625 0.3359375 0.4625
4 0.19375 0.6328125 0.1984375 0.6328125 0.2 0.6390625 0.20625 0.6390625 0.20625 0.6546875 0.203125 0.65625 0.203125 0.659375 0.196875 0.659375 0.1953125 0.665625 0.1890625 0.6671875 0.1890625 0.671875 0.1796875 0.671875 0.178125 0.678125 0.1734375 0.678125 0.171875 0.6828125 0.1640625 0.684375 0.1640625 0.6890625 0.1546875 0.690625 0.1546875 0.6953125 0.1515625 0.696875 0.1515625 0.7 0.146875 0.7015625 0.146875 0.70625 0.14375 0.7078125 0.14375 0.7171875 0.140625 0.71875 0.140625 0.734375 0.1375 0.7359375 0.1375 0.746875 0.125 0.746875 0.125 0.7421875 0.121875 0.740625 0.121875 0.7359375 0.11875 0.734375 0.11875 0.7078125 0.121875 0.70625 0.121875 0.696875 0.125 0.6953125 0.125 0.684375 0.13125 0.678125 0.13125 0.6734375 0.1359375 0.671875 0.1359375 0.6671875 0.14375 0.6671875 0.1453125 0.6609375 0.1578125 0.6609375 0.159375 0.65625 0.165625 0.6546875 0.165625 0.65 0.175 0.65 0.1765625 0.64375 0.18125 0.64375 0.1828125 0.6390625 0.1921875 0.6390625 0.19375 0.634375
1 0.3765625 0.546875 0.4125 0.546875 0.4125 0.5625 0.409375 0.5640625 0.409375 0.56875 0.3796875 0.56875 0.378125 0.5734375 0.371875 0.575 0.371875 0.5796875 0.3640625 0.58125 0.3640625 0.5859375 0.3578125 0.5921875 0.3578125 0.603125 0.3515625 0.609375 0.3515625 0.6203125 0.346875 0.621875 0.346875 0.6484375 0.3359375 0.6484375 0.3359375 0.615625 0.3390625 0.6140625 0.3390625 0.6046875 0.3421875 0.603125 0.3421875 0.5921875 0.3484375 0.5859375 0.3484375 0.575 0.3515625 0.575 0.353125 0.5703125 0.359375 0.56875 0.359375 0.5578125 0.3640625 0.5578125 0.365625 0.553125 0.375 0.553125 0.3765625 0.5484375
1 0.2078125 0.71875 0.246875 0.71875 0.246875 0.734375 0.2421875 0.734375 0.240625 0.740625 0.2109375 0.740625 0.209375 0.7421875 0.209375 0.746875 0.203125 0.753125 0.203125 0.7578125 0.1984375 0.759375 0.1984375 0.7640625 0.1921875 0.7703125 0.1921875 0.7984375 0.1890625 0.8 0.1890625 0.809375 0.1859375 0.8109375 0.1859375 0.815625 0.1828125 0.815625 0.18125 0.8203125 0.178125 0.821875 0.178125 0.8265625 0.1765625 0.8265625 0.1765625 0.821875 0.1734375 0.8203125 0.1734375 0.8 0.1765625 0.7984375 0.1765625 0.79375 0.1796875 0.7921875 0.1796875 0.765625 0.1828125 0.7640625 0.1828125 0.753125 0.1859375 0.753125 0.1875 0.7484375 0.190625 0.746875 0.190625 0.7421875 0.19375 0.740625 0.19375 0.7359375 0.2 0.7296875 0.2 0.725 0.20625 0.725 0.2078125 0.7203125
1 0.5796875 0.403125 0.5984375 0.403125 0.5984375 0.4078125 0.603125 0.409375 0.603125 0.41875 0.5984375 0.4203125 0.5984375 0.425 0.5953125 0.4265625 0.5953125 0.4296875 0.5890625 0.43125 0.5890625 0.4359375 0.5828125 0.4359375 0.58125 0.4421875 0.5734375 0.4421875 0.571875 0.446875 0.56875 0.4484375 0.56875 0.453125 0.5640625 0.4546875 0.5640625 0.459375 0.5609375 0.4609375 0.5609375 0.4640625 0.5578125 0.465625 0.5578125 0.4703125 0.5546875 0.471875 0.5546875 0.4765625 0.5515625 0.478125 0.5515625 0.4875 0.546875 0.4890625 0.546875 0.4984375 0.54375 0.5 0.540625 0.5109375 0.5359375 0.5109375 0.5359375 0.50625 0.53125 0.5046875 0.53125 0.4890625 0.5359375 0.4875 0.5359375 0.478125 0.5390625 0.4765625 0.5390625 0.471875 0.5421875 0.4703125 0.5421875 0.4609375 0.5453125 0.459375 0.5453125 0.44375 0.5484375 0.4421875 0.5484375 0.4375 0.553125 0.4359375 0.553125 0.43125 0.55625 0.4296875 0.55625 0.4265625 0.5609375 0.4265625 0.5625 0.4203125 0.5703125 0.41875 0.5703125 0.409375 0.578125 0.409375 0.5796875 0.4046875
1 0.796875 0.259375 0.80625 0.259375 0.80625 0.2640625 0.809375 0.265625 0.809375 0.2859375 0.80625 0.2875 0.80625 0.2921875 0.7875 0.2921875 0.7859375 0.2984375 0.7828125 0.2984375 0.78125 0.303125 0.775 0.3046875 0.771875 0.315625 0.76875 0.3171875 0.76875 0.3203125 0.7640625 0.321875 0.7640625 0.3265625 0.7609375 0.328125 0.7609375 0.3390625 0.7578125 0.340625 0.7578125 0.35625 0.7546875 0.3578125 0.7546875 0.3671875 0.7453125 0.3671875 0.7453125 0.3625 0.7421875 0.3609375 0.7421875 0.334375 0.7453125 0.3328125 0.7453125 0.321875 0.7484375 0.3203125 0.7484375 0.3171875 0.753125 0.315625 0.753125 0.3046875 0.759375 0.2984375 0.759375 0.29375 0.7640625 0.29375 0.765625 0.2875 0.76875 0.2875 0.7703125 0.2828125 0.775 0.2828125 0.7765625 0.2765625 0.7828125 0.275 0.7828125 0.2703125 0.7921875 0.2703125 0.796875 0.2609375
0 0.46551724137931033 0.3735632183908046 0.46896551724137925 0.4137931034482759 0.4862068965517241 0.44252873563218387 0.5137931034482759 0.45977011494252873 0.5379310344827586 0.5 0.5482758620689655 0.5057471264367817 0.5827586206896551 0.5804597701149425 0.6137931034482759 0.6091954022988506 0.6413793103448275 0.6091954022988506 0.6586206896551724 0.5919540229885057 0.6758620689655173 0.5977011494252873 0.6758620689655173 0.5632183908045977 0.6827586206896552 0.5402298850574713 0.6793103448275862 0.5057471264367817 0.6586206896551724 0.47126436781609193 0.6206896551724138 0.44252873563218387 0.5586206896551724 0.33333333333333337 0.5344827586206897 0.3103448275862069 0.5 0.3103448275862069 0.4896551724137931 0.3218390804597701 0.46896551724137925 0.3218390804597701 0.47241379310344833 0.3390804597701149 0.46551724137931033 0.3735632183908046
0 0.6724137931034483 0.26436781609195403 0.6793103448275862 0.28735632183908044 0.7689655172413793 0.39080459770114945 0.810344827586207 0.47126436781609193 0.8379310344827585 0.48275862068965514 0.8689655172413794 0.45977011494252873 0.8793103448275861 0.47126436781609193 0.8862068965517242 0.46551724137931033 0.8827586206896552 0.43103448275862066 0.8896551724137931 0.4137931034482759 0.8896551724137931 0.38505747126436785 0.8793103448275861 0.3563218390804598 0.8620689655172413 0.33333333333333337 0.8275862068965518 0.3103448275862069 0.789655172413793 0.25862068965517243 0.7620689655172413 0.19540229885057472 0.7379310344827587 0.1781609195402299 0.6758620689655173 0.19540229885057472 0.6793103448275862 0.22413793103448273 0.6724137931034483 0.26436781609195403
0 0.27586206896551724 0.4942528735632184 0.2689655172413793 0.5114942528735632 0.27241379310344827 0.5517241379310345 0.2827586206896552 0.5747126436781609 0.30344827586206896 0.5977011494252873 0.32068965517241377 0.603448275862069 0.34827586206896555 0.6436781609195402 0.38275862068965516 0.7183908045977011 0.4137931034482759 0.7528735632183908 0.44482758620689655 0.7528735632183908 0.45517241379310347 0.7413793103448276 0.4793103448275862 0.735632183908046 0.47586206896551725 0.7241379310344828 0.4862068965517241 0.6781609195402298 0.48275862068965514 0.6494252873563219 0.45862068965517244 0.6091954022988506 0.4241379310344827 0.5862068965517241 0.3896551724137931 0.5344827586206897 0.3620689655172414 0.47126436781609193 0.33448275862068966 0.44827586206896547 0.3137931034482758 0.44827586206896547 0.29310344827586204 0.46551724137931033 0.27241379310344827 0.45977011494252873 0.27586206896551724 0.46551724137931033 0.27586206896551724 0.4942528735632184
0 0.10689655172413792 0.689655172413793 0.10689655172413792 0.7068965517241379 0.11724137931034481 0.735632183908046 0.17586206896551723 0.8045977011494253 0.23103448275862068 0.9080459770114941 0.2551724137931034 0.925287356321839 0.27586206896551724 0.925287356321839 0.29310344827586204 0.9080459770114941 0.3 0.9080459770114941 0.3103448275862069 0.925287356321839 0.32068965517241377 0.9195402298850575 0.32413793103448274 0.839080459770115 0.31724137931034485 0.8160919540229885 0.3 0.7873563218390804 0.27241379310344827 0.7701149425287357 0.23448275862068962 0.7126436781609196 0.2 0.6379310344827587 0.16551724137931034 0.6149425287356322 0.11724137931034481 0.6264367816091954 0.12068965517241378 0.6436781609195402 0.10689655172413792 0.689655172413793
0 0 0.9942528735632183 0.11724137931034481 0.9942528735632183 0.11379310344827587 0.9770114942528736 0.09655172413793103 0.9482758620689655 0.09310344827586206 0.9482758620689655 0.08620689655172413 0.9367816091954022 0.07931034482758621 0.9367816091954022 0.07241379310344828 0.925287356321839 0.06551724137931034 0.925287356321839 0.03103448275862069 0.8793103448275861 0.017241379310344827 0.8563218390804599 0.010344827586206896 0.8275862068965518 0.0034482758620689655 0.8160919540229885 0 0.8160919540229885 0 0.9942528735632183
0 0.8793103448275861 0.011494252873563218 0.8896551724137931 0.028735632183908046 0.8896551724137931 0.04597701149425287 0.8862068965517242 0.05172413793103449 0.8862068965517242 0.09195402298850575 0.9068965517241379 0.12643678160919541 0.9241379310344827 0.14367816091954022 0.9310344827586207 0.14367816091954022 0.9379310344827585 0.15517241379310345 0.9448275862068967 0.15517241379310345 0.9758620689655173 0.20114942528735633 0.993103448275862 0.21839080459770113 0.9965517241379309 0.21839080459770113 0.9965517241379309 0 0.8793103448275861 0 0.8793103448275861 0.011494252873563218