4 0.565625 0.1609375 0.571875 0.1703125 0.578125 0.21875 0.5828125 0.2390625 0.58125 0.2578125 0.584375 0.26875 0.584375 0.2796875 0.5671875 0.284375 0.5578125 0.2796875 0.559375 0.2609375 0.553125 0.23125 0.5484375 0.1921875 0.546875 0.1859375 0.5421875 0.18125 0.5421875 0.1734375 0.5390625 0.1703125 0.5390625 0.1640625 0.54375 0.1640625 0.5484375 0.1609375 0.5578125 0.1625 0.5640625 0.1609375
4 0.646875 0.6859375 0.6484375 0.6890625 0.65 0.6875 0.65 0.6921875 0.6546875 0.696875 0.65625 0.703125 0.6625 0.7515625 0.671875 0.8015625 0.665625 0.8078125 0.6484375 0.8109375 0.6453125 0.8109375 0.640625 0.803125 0.640625 0.7984375 0.64375 0.796875 0.64375 0.79375 0.6390625 0.7734375 0.63125 0.715625 0.6296875 0.7109375 0.6265625 0.709375 0.625 0.7 0.621875 0.6953125 0.6234375 0.6890625 0.6453125 0.6859375
4 0.5921875 0.4234375 0.59375 0.425 0.6078125 0.4234375 0.609375 0.4296875 0.6125 0.43125 0.625 0.50625 0.6234375 0.5234375 0.6265625 0.540625 0.6078125 0.5453125 0.603125 0.5453125 0.6 0.5421875 0.6015625 0.528125 0.5890625 0.4578125 0.5890625 0.4484375 0.584375 0.446875 0.584375 0.4390625 0.58125 0.43125 0.58125 0.4265625 0.5859375 0.4265625 0.590625 0.4234375
9 0.465625 0.721875 0.4828125 0.71875 0.4875 0.71875 0.4890625 0.721875 0.4921875 0.721875 0.5015625 0.775 0.5 0.79375 0.5046875 0.815625 0.5046875 0.81875 0.496875 0.8234375 0.4796875 0.8265625 0.4765625 0.825 0.4765625 0.8078125 0.475 0.80625 0.4765625 0.7875 0.465625 0.7234375
9 0.3234375 0.2140625 0.3203125 0.1984375 0.321875 0.19375 0.33125 0.190625 0.3453125 0.190625 0.3484375 0.1984375 0.35625 0.2546875 0.359375 0.2578125 0.3578125 0.265625 0.3625 0.2859375 0.3625 0.3046875 0.3640625 0.30625 0.3640625 0.3140625 0.35625 0.3171875 0.3421875 0.3171875 0.33125 0.2390625 0.3265625 0.2359375 0.3296875 0.2328125 0.325 0.228125 0.328125 0.225 0.325 0.2140625
9 0.365625 0.4546875 0.3796875 0.453125 0.3890625 0.45625 0.4046875 0.553125 0.403125 0.5609375 0.40625 0.5765625 0.390625 0.58125 0.384375 0.5796875 0.3796875 0.546875 0.375 0.54375 0.378125 0.5421875 0.375 0.515625 0.3734375 0.5078125 0.3703125 0.50625 0.371875 0.5015625 0.36875 0.5 0.3671875 0.4953125 0.3671875 0.4859375 0.3625 0.465625 0.3625 0.459375 0.3671875 0.45625
9 0.4140625 0.715625 0.4171875 0.71875 0.428125 0.7171875 0.43125 0.7203125 0.43125 0.7296875 0.4453125 0.809375 0.44375 0.81875 0.446875 0.8296875 0.446875 0.8390625 0.4421875 0.84375 0.4265625 0.8453125 0.425 0.840625 0.415625 0.771875 0.4109375 0.76875 0.4125 0.7609375 0.4109375 0.7421875 0.409375 0.7359375 0.4046875 0.73125 0.40625 0.7203125 0.4109375 0.7203125 0.4140625 0.7171875
9 0.409375 0.1953125 0.4171875 0.2421875 0.4171875 0.246875 0.4140625 0.2515625 0.421875 0.2921875 0.41875 0.296875 0.409375 0.296875 0.40625 0.3 0.3953125 0.3 0.3890625 0.2640625 0.3921875 0.2609375 0.3890625 0.234375 0.384375 0.20625 0.3796875 0.2015625 0.3796875 0.1984375 0.4015625 0.19375 0.4078125 0.1953125
9 0.4453125 0.45625 0.4515625 0.459375 0.459375 0.509375 0.45625 0.5125 0.45625 0.5171875 0.459375 0.528125 0.4625 0.5578125 0.4390625 0.5640625 0.4375 0.5640625 0.434375 0.55 0.4328125 0.5359375 0.4359375 0.534375 0.4359375 0.53125 0.4234375 0.4609375 0.44375 0.45625
3 0.4671875 0.2359375 0.0453125 0.10625
3 0.50625 0.49921875 0.046875 0.1078125
3 0.55078125 0.76171875 0.040625 0.1109375
0 0.3310440975408376 0.2898431466161287 0.34561401489799587 0.3179094521835805 0.4168257385215532 0.2944810416834618 0.48991467572559344 0.2829048912704847 0.5431516830170233 0.28662255917553436 0.5885853466843998 0.27942657378368374 0.6014743766624904 0.27131036122954966 0.621835501706596 0.233661661558269 0.6005971737170405 0.17627757470304345 0.5737639642419525 0.16027823505210628 0.5260420549633056 0.16581171269284706 0.4884117349199827 0.183921351381598 0.41056533125318395 0.19422608020606585 0.3732141495507858 0.1981169959638842 0.3275657800540365 0.19117247565732237 0.31727786461729723 0.20292657264375658 0.32457201310985534 0.23619510729391086 0.3186458830662845 0.2371337140841522 0.31418593457240845 0.2601143332975671 0.3328047683926548 0.2753897719876358 0.3310440975408376 0.2898431466161287
0 0.6324851599963719 0.5438141801331001 0.6536867287300115 0.5242567395226125 0.6704099693418171 0.489209154392683 0.6588521985567981 0.45459098092149935 0.6357550366147177 0.42382539771198885 0.5963456660916197 0.417917647296376 0.5346979569439332 0.43780633646490213 0.41815073275370684 0.4562656033396494 0.3629383487810867 0.4528608043646802 0.32957165103022495 0.4723200818744605 0.3025604949816799 0.519121763990824 0.306002053212565 0.5408509074839172 0.341577213101948 0.5736900304753254 0.3796369448040166 0.5838614031833993 0.4531369140388448 0.5620955004343904 0.6324851599963719 0.5438141801331001
0 0.672121351015883 0.8068521476614874 0.695298296430713 0.786981838120919 0.7183586991168773 0.7408058938647163 0.6783052111056604 0.6924766263538663 0.6422208560847821 0.6819923847157121 0.5845239002994761 0.7012553360240773 0.49594481857599415 0.7173098145588883 0.4065252931629784 0.7152730340329063 0.3748211031632264 0.732444065931416 0.3461474393635716 0.7815339936590502 0.3502147354546176 0.8072138905145237 0.3831887808026494 0.836415129073632 0.4314382648407499 0.846997533812494 0.4967238584207364 0.8245077301026165 0.672121351015883 0.8068521476614874