4 0.590625 0.175 0.596875 0.1734375 0.6171875 0.175 0.61875 0.1796875 0.621875 0.18125 0.621875 0.265625 0.61875 0.2671875 0.61875 0.2953125 0.5984375 0.296875 0.5921875 0.29375 0.5921875 0.284375 0.5953125 0.2828125 0.5953125 0.196875 0.5921875 0.1953125 0.590625 0.1765625
4 0.5921875 0.70625 0.615625 0.70625 0.61875 0.709375 0.61875 0.7171875 0.621875 0.71875 0.621875 0.825 0.6171875 0.8265625 0.615625 0.8296875 0.5953125 0.8296875 0.5921875 0.8265625 0.5921875 0.8171875 0.5953125 0.815625 0.5953125 0.728125 0.5921875 0.7265625 0.590625 0.715625 0.5921875 0.7078125
4 0.5921875 0.4609375 0.590625 0.4453125 0.5921875 0.440625 0.5984375 0.4390625 0.6171875 0.440625 0.61875 0.4484375 0.621875 0.45 0.621875 0.5328125 0.61875 0.534375 0.61875 0.559375 0.6171875 0.5609375 0.5953125 0.5609375 0.5921875 0.5578125 0.5921875 0.553125 0.5953125 0.5515625 0.5953125 0.4625 0.59375 0.4609375
9 0.43125 0.7140625 0.453125 0.7140625 0.4546875 0.7171875 0.4578125 0.7171875 0.4578125 0.7796875 0.4546875 0.78125 0.4546875 0.815625 0.446875 0.81875 0.428125 0.81875 0.4265625 0.8171875 0.428125 0.790625 0.43125 0.7890625 0.43125 0.715625
9 0.390625 0.16875 0.3953125 0.1703125 0.396875 0.1734375 0.3984375 0.24375 0.396875 0.2453125 0.3953125 0.2953125 0.3859375 0.296875 0.3734375 0.2953125 0.3734375 0.2140625 0.3703125 0.2125 0.3734375 0.2109375 0.3703125 0.2078125 0.3703125 0.203125 0.3734375 0.2015625 0.3734375 0.1921875 0.3703125 0.190625 0.3703125 0.1703125 0.3890625 0.16875
9 0.375 0.434375 0.3890625 0.434375 0.390625 0.4375 0.396875 0.4390625 0.3953125 0.5609375 0.3765625 0.5625 0.3734375 0.5609375 0.3734375 0.5265625 0.3703125 0.525 0.3734375 0.521875 0.3734375 0.4875 0.3703125 0.4859375 0.3734375 0.4828125 0.3703125 0.4796875 0.3703125 0.4390625 0.375 0.4359375
9 0.38125 0.7 0.384375 0.703125 0.3953125 0.703125 0.396875 0.70625 0.3953125 0.8265625 0.3921875 0.8265625 0.390625 0.8296875 0.3734375 0.8296875 0.3734375 0.753125 0.3703125 0.7515625 0.3703125 0.7453125 0.3734375 0.74375 0.3734375 0.71875 0.3703125 0.7171875 0.3703125 0.70625 0.3734375 0.703125 0.38125 0.7015625
9 0.428125 0.1828125 0.4578125 0.184375 0.4578125 0.2375 0.4546875 0.2390625 0.4546875 0.2828125 0.453125 0.2859375 0.4390625 0.2875 0.428125 0.2859375 0.428125 0.2484375 0.43125 0.246875 0.43125 0.1890625 0.428125 0.1875 0.428125 0.184375
9 0.43125 0.4484375 0.4578125 0.45 0.4578125 0.5046875 0.4546875 0.50625 0.4546875 0.5453125 0.453125 0.5515625 0.4453125 0.553125 0.428125 0.553125 0.428125 0.525 0.43125 0.5234375 0.43125 0.45
3 0.50859375 0.234375 0.0296875 0.103125
3 0.50625 0.5 0.03046875 0.10390625
3 0.509375 0.76640625 0.02421875 0.1078125
0 0.362 0.21200000000000002 0.354 0.23399999999999999 0.37 0.252 0.366 0.266 0.376 0.296 0.45 0.284 0.524 0.284 0.576 0.296 0.622 0.296 0.636 0.29 0.662 0.256 0.65 0.196 0.626 0.176 0.5780000000000001 0.174 0.538 0.186 0.45949999999999996 0.184 0.422 0.182 0.378 0.16799999999999998 0.366 0.178 0.368 0.21200000000000002 0.362 0.21200000000000002
0 0.332 0.548 0.368 0.564 0.44400000000000006 0.554 0.624 0.564 0.648 0.548 0.67 0.516 0.664 0.48 0.646 0.446 0.608 0.434 0.544 0.44400000000000006 0.426 0.44400000000000006 0.372 0.43200000000000005 0.33599999999999997 0.446 0.302 0.488 0.302 0.51 0.332 0.548
0 0.332 0.8140000000000001 0.378 0.8320000000000001 0.446 0.82 0.622 0.8300000000000001 0.648 0.8140000000000001 0.678 0.772 0.646 0.718 0.612 0.7020000000000001 0.552 0.712 0.462 0.7140000000000001 0.374 0.6980000000000001 0.33999999999999997 0.7100000000000001 0.304 0.754 0.304 0.78 0.332 0.8140000000000001