12 0.4078125 0.2640625 0.4109375 0.2671875 0.4140625 0.290625 0.415625 0.3515625 0.4078125 0.3546875 0.4046875 0.353125 0.403125 0.290625 0.3984375 0.2734375 0.4015625 0.2671875 0.40625 0.265625
12 0.4125 0.38125 0.4203125 0.3796875 0.425 0.3859375 0.425 0.3953125 0.4296875 0.4125 0.4296875 0.440625 0.428125 0.4421875 0.4296875 0.4625 0.4265625 0.465625 0.421875 0.465625 0.41875 0.4578125 0.41875 0.4171875 0.415625 0.4125 0.4125 0.3828125
12 0.446875 0.5078125 0.4515625 0.5203125 0.453125 0.5890625 0.4546875 0.590625 0.4546875 0.596875 0.45 0.6015625 0.44375 0.596875 0.4421875 0.590625 0.4421875 0.5484375 0.440625 0.546875 0.4390625 0.509375 0.4421875 0.50625 0.4453125 0.5078125
12 0.4640625 0.7234375 0.4625 0.7203125 0.4625 0.6828125 0.459375 0.6765625 0.459375 0.6640625 0.45625 0.659375 0.4546875 0.65 0.4546875 0.6453125 0.4625 0.6390625 0.46875 0.6453125 0.4734375 0.6796875 0.4734375 0.7234375 0.4703125 0.725 0.465625 0.7234375
8 0.5125 0.640625 0.515625 0.6421875 0.5171875 0.646875 0.521875 0.6796875 0.5203125 0.709375 0.5140625 0.715625 0.5078125 0.715625 0.50625 0.7125 0.5078125 0.70625 0.50625 0.6828125 0.503125 0.6796875 0.5015625 0.6515625 0.4984375 0.6484375 0.5 0.6421875 0.5109375 0.640625
8 0.48125 0.5296875 0.4828125 0.528125 0.4796875 0.51875 0.4828125 0.5140625 0.4953125 0.5125 0.4984375 0.5171875 0.4984375 0.5359375 0.5015625 0.5453125 0.5015625 0.58125 0.4984375 0.5890625 0.490625 0.5890625 0.4875 0.5859375 0.4875 0.5484375 0.484375 0.5453125 0.4828125 0.53125
8 0.4734375 0.3796875 0.4765625 0.4109375 0.4796875 0.415625 0.4796875 0.4515625 0.4765625 0.45625 0.4625 0.4546875 0.4625 0.4234375 0.4515625 0.390625 0.4515625 0.384375 0.4546875 0.38125 0.471875 0.3796875
8 0.4578125 0.265625 0.4578125 0.2734375 0.4625 0.28125 0.465625 0.3328125 0.4609375 0.3421875 0.453125 0.34375 0.45 0.3421875 0.4484375 0.290625 0.44375 0.284375 0.4421875 0.2703125 0.44375 0.2671875 0.45625 0.265625
9 0.5609375 0.6296875 0.5734375 0.6375 0.5734375 0.646875 0.578125 0.6578125 0.578125 0.6734375 0.5765625 0.675 0.578125 0.7015625 0.5765625 0.7046875 0.5703125 0.709375 0.559375 0.7078125 0.559375 0.7 0.565625 0.6953125 0.5625 0.690625 0.5578125 0.653125 0.55625 0.6328125 0.559375 0.63125
9 0.5453125 0.503125 0.55 0.5046875 0.553125 0.509375 0.553125 0.525 0.55625 0.534375 0.55625 0.54375 0.559375 0.5484375 0.55625 0.575 0.546875 0.5828125 0.540625 0.5765625 0.54375 0.56875 0.5421875 0.5609375 0.54375 0.553125 0.540625 0.5453125 0.5390625 0.5078125 0.54375 0.503125
9 0.521875 0.371875 0.528125 0.378125 0.5296875 0.4046875 0.5328125 0.4109375 0.5328125 0.4421875 0.53125 0.446875 0.5203125 0.453125 0.515625 0.4515625 0.515625 0.440625 0.521875 0.434375 0.51875 0.4296875 0.51875 0.4140625 0.5140625 0.40625 0.5140625 0.3875 0.5125 0.3859375 0.5125 0.378125 0.5203125 0.371875
9 0.5109375 0.2609375 0.5140625 0.2640625 0.5140625 0.271875 0.51875 0.2796875 0.5203125 0.328125 0.5140625 0.334375 0.5015625 0.3328125 0.5015625 0.325 0.5078125 0.3234375 0.5046875 0.3203125 0.5046875 0.290625 0.5015625 0.2890625 0.4984375 0.2640625 0.503125 0.259375 0.509375 0.2609375
4 0.5921875 0.359375 0.5984375 0.365625 0.5984375 0.3734375 0.6046875 0.3765625 0.6046875 0.38125 0.609375 0.3859375 0.6125 0.409375 0.6109375 0.4421875 0.5953125 0.44375 0.59375 0.440625 0.59375 0.4109375 0.5921875 0.409375 0.59375 0.4078125 0.59375 0.3921875 0.5890625 0.3796875 0.5875 0.365625 0.5875 0.3625 0.590625 0.3609375
4 0.6203125 0.4875 0.625 0.4890625 0.628125 0.5140625 0.63125 0.51875 0.63125 0.5390625 0.634375 0.54375 0.6328125 0.575 0.6265625 0.578125 0.6234375 0.575 0.61875 0.5765625 0.615625 0.5734375 0.6171875 0.5609375 0.6203125 0.5546875 0.6203125 0.5453125 0.615625 0.521875 0.6140625 0.5 0.6109375 0.496875 0.6140625 0.490625 0.61875 0.4890625
4 0.6375 0.61875 0.646875 0.6375 0.646875 0.6453125 0.65 0.6484375 0.653125 0.659375 0.6546875 0.7 0.6484375 0.7046875 0.6390625 0.7046875 0.6328125 0.6984375 0.634375 0.690625 0.6375 0.6875 0.6359375 0.6734375 0.6375 0.6609375 0.640625 0.65625 0.6375 0.6546875 0.6296875 0.6203125 0.6359375 0.6203125
4 0.5828125 0.2453125 0.5875 0.2515625 0.59375 0.275 0.5953125 0.30625 0.5984375 0.3203125 0.596875 0.328125 0.59375 0.3296875 0.5890625 0.328125 0.58125 0.3296875 0.578125 0.3265625 0.58125 0.3015625 0.58125 0.2765625 0.578125 0.2734375 0.578125 0.2625 0.575 0.259375 0.575 0.253125 0.578125 0.246875 0.58125 0.2453125
0 0.5429725918186252 0.3259804770785661 0.5931870819016924 0.3242269484452297 0.6076988626098629 0.3184119124516488 0.613406008670869 0.3062689992693454 0.6135661788245915 0.2757408336981304 0.604159828717039 0.2521820801814925 0.5953089082652294 0.24452875096754578 0.43556177580120503 0.27001326917437496 0.3938279197327855 0.268816510819864 0.37926985321996975 0.2733060947882207 0.3722453918891106 0.28284087291113247 0.36596150343257516 0.31358288343763246 0.37758591183802664 0.33042883884603497 0.3818155724754572 0.3462059561755552 0.39297712283445646 0.34979739133171517 0.5429725918186252 0.3259804770785661
0 0.6250127646616057 0.4279539716436359 0.6299793378482881 0.39460382605774436 0.6166673277358217 0.3645461193881562 0.6041884621069693 0.35834654917260467 0.5640959219409196 0.3690360900540551 0.4493865900898406 0.3849854434404302 0.4064279903608585 0.38383145407697616 0.3906914659921254 0.389689259061614 0.386023920373101 0.39648759515196336 0.37851528825600295 0.42727237466952034 0.4006319330156338 0.463657958527831 0.5702233005688043 0.4391567404177702 0.6057871525297656 0.43924189170234185 0.6250127646616057 0.4279539716436359
0 0.4722974141785838 0.5845727023655534 0.5943552079930385 0.5683667350328363 0.628694316293437 0.5684946553084651 0.6479662142299223 0.5585321872749833 0.6444984392066021 0.5294577807021635 0.6491659848256264 0.5226594446118142 0.6439892953555046 0.5148778084246965 0.6292460856241081 0.5140655842921562 0.6239768245446957 0.50363304405459 0.6005215517754251 0.49914384678377555 0.4711152959975947 0.5156064280628346 0.43060618358973796 0.5143669007172667 0.41251274350916994 0.522961147734467 0.4060899976386988 0.5497268021852941 0.4053281120245885 0.5630240914285939 0.4115906877413371 0.5667866025489816 0.41977229418832707 0.5903881250566766 0.4456307684740777 0.5934663323201528 0.4722974141785838 0.5845727023655534
0 0.6086891661327717 0.6979188815763584 0.6576789125552763 0.696208121934079 0.6684238906724685 0.6878704888632206 0.6722582918078789 0.6572140163188345 0.6613031974072473 0.6244198676166837 0.6512738190995202 0.6181347594190183 0.48785245565380775 0.6437475845990185 0.45101757422763883 0.6423797502802795 0.43645950771482306 0.6468693342486361 0.42948133218860923 0.6577295643967722 0.42329001534136423 0.6911224789737208 0.4321872215978191 0.7001012602128917 0.4390052269703106 0.7197691956359707 0.4477172900081846 0.7234461687742446 0.6086891661327717 0.6979188815763584