12 0.40078125 0.29921875 0.01484375 0.0859375
12 0.409375 0.365625 0.4140625 0.3703125 0.4140625 0.3796875 0.4171875 0.3875 0.4171875 0.4234375 0.4140625 0.446875 0.409375 0.446875 0.40625 0.4421875 0.40625 0.3875 0.403125 0.36875 0.4078125 0.365625
12 0.428125 0.4859375 0.43125 0.4875 0.4359375 0.4984375 0.4359375 0.571875 0.4296875 0.575 0.425 0.5703125 0.4234375 0.4875 0.4265625 0.4875
12 0.434375 0.615625 0.4390625 0.6125 0.44375 0.6125 0.446875 0.6171875 0.4484375 0.65625 0.45 0.6578125 0.45 0.6890625 0.4484375 0.6921875 0.440625 0.6921875 0.440625 0.65625 0.4375 0.646875 0.4375 0.63125 0.4328125 0.6203125 0.434375 0.6171875
8 0.4765625 0.6140625 0.4875 0.6140625 0.490625 0.6171875 0.4953125 0.6375 0.49375 0.6796875 0.4875 0.6859375 0.48125 0.684375 0.48125 0.653125 0.478125 0.6421875 0.478125 0.625 0.475 0.6203125 0.4765625 0.615625
8 0.4640625 0.49375 0.4765625 0.49375 0.4796875 0.496875 0.4796875 0.5234375 0.48125 0.525 0.4796875 0.5609375 0.478125 0.5640625 0.471875 0.565625 0.4671875 0.5625 0.4671875 0.5265625 0.4640625 0.5171875 0.4640625 0.5015625 0.4625 0.5 0.4640625 0.4953125
8 0.4609375 0.36875 0.4640625 0.4015625 0.4640625 0.4359375 0.4546875 0.440625 0.4484375 0.4375 0.4484375 0.40625 0.440625 0.38125 0.440625 0.3703125 0.45625 0.3671875 0.459375 0.36875
8 0.446875 0.259375 0.45 0.2625 0.453125 0.2734375 0.453125 0.328125 0.446875 0.3328125 0.4421875 0.3328125 0.4390625 0.325 0.4390625 0.28125 0.4359375 0.2765625 0.4359375 0.2625 0.4390625 0.259375 0.4421875 0.2609375 0.4453125 0.259375
9 0.5375 0.60625 0.5453125 0.6125 0.5453125 0.6234375 0.55 0.6328125 0.55 0.6484375 0.546875 0.6578125 0.5484375 0.6734375 0.540625 0.68125 0.5296875 0.6796875 0.5296875 0.6734375 0.534375 0.66875 0.534375 0.64375 0.5296875 0.6078125 0.5359375 0.60625
9 0.51875 0.4875 0.5234375 0.4859375 0.53125 0.490625 0.53125 0.5078125 0.534375 0.528125 0.5328125 0.5546875 0.5234375 0.5609375 0.5203125 0.5609375 0.5171875 0.5546875 0.5203125 0.5484375 0.51875 0.5 0.5171875 0.4984375 0.51875 0.4890625
9 0.5109375 0.365625 0.5109375 0.3765625 0.5140625 0.3828125 0.5140625 0.4296875 0.5109375 0.434375 0.503125 0.4375 0.4984375 0.4359375 0.4984375 0.4265625 0.503125 0.4234375 0.503125 0.4171875 0.5015625 0.4015625 0.4984375 0.39375 0.496875 0.36875 0.5015625 0.3625 0.50625 0.3625 0.509375 0.365625
9 0.4890625 0.25625 0.5015625 0.2578125 0.50625 0.275 0.50625 0.3203125 0.5 0.3265625 0.4890625 0.325 0.4890625 0.31875 0.49375 0.315625 0.4921875 0.2859375 0.4890625 0.28125 0.4890625 0.2578125
4 0.56875 0.3546875 0.571875 0.353125 0.5765625 0.3546875 0.578125 0.365625 0.5828125 0.36875 0.5890625 0.38125 0.5890625 0.4296875 0.584375 0.43125 0.571875 0.4296875 0.5734375 0.384375 0.56875 0.3703125 0.56875 0.35625
4 0.5953125 0.4734375 0.6 0.4765625 0.6 0.4921875 0.6046875 0.5078125 0.60625 0.5484375 0.603125 0.5578125 0.5984375 0.559375 0.5953125 0.55625 0.590625 0.5578125 0.5875 0.5546875 0.5921875 0.5359375 0.5921875 0.515625 0.5859375 0.48125 0.59375 0.475
4 0.6 0.5984375 0.6078125 0.6 0.6203125 0.6375 0.6203125 0.675 0.615625 0.6796875 0.60625 0.6796875 0.6 0.6734375 0.6 0.6671875 0.6046875 0.6625 0.6046875 0.640625 0.609375 0.634375 0.6046875 0.6296875 0.6046875 0.6203125 0.6 0.6109375 0.6 0.6
4 0.5640625 0.24375 0.5671875 0.24375 0.571875 0.25 0.5765625 0.26875 0.5765625 0.2875 0.5796875 0.3046875 0.5796875 0.3171875 0.5765625 0.3234375 0.5609375 0.321875 0.5609375 0.3109375 0.5640625 0.3 0.5640625 0.265625 0.5609375 0.259375 0.5609375 0.2484375 0.5640625 0.2453125
0 0.37254901960784315 0.31875 0.3760092272202999 0.33375000000000005 0.3863898500576701 0.3375 0.5282583621683968 0.32 0.5755478662053057 0.32 0.5893886966551326 0.31500000000000006 0.5951557093425606 0.30375 0.5963091118800461 0.275 0.5882352941176471 0.25250000000000006 0.580161476355248 0.24500000000000002 0.4290657439446367 0.26375000000000004 0.38985005767012687 0.26125000000000004 0.3760092272202999 0.265 0.3690888119953864 0.27375000000000005 0.3621683967704729 0.30250000000000005 0.37254901960784315 0.31875
0 0.38985005767012687 0.445 0.5501730103806228 0.42750000000000005 0.5836216839677048 0.4287500000000001 0.6020761245674741 0.41875 0.607843137254902 0.3875 0.5963091118800461 0.35875 0.5847750865051904 0.35250000000000004 0.5467128027681661 0.36125 0.43829296424452135 0.3725 0.39792387543252594 0.37 0.3829296424452134 0.375 0.37831603229527105 0.38125 0.370242214532872 0.41000000000000003 0.38985005767012687 0.445
0 0.3967704728950404 0.5425000000000001 0.40369088811995385 0.5650000000000001 0.42791234140715106 0.56875 0.45328719723183386 0.56125 0.5686274509803921 0.55 0.6009227220299885 0.55125 0.6193771626297578 0.5425000000000001 0.6170703575547867 0.515 0.621683967704729 0.50875 0.6170703575547867 0.50125 0.6032295271049597 0.5 0.5986159169550173 0.49000000000000005 0.5767012687427913 0.48500000000000004 0.4544405997693195 0.49625 0.41637831603229525 0.49375 0.3990772779700115 0.50125 0.3921568627450981 0.52625 0.39100346020761245 0.5387500000000001 0.3967704728950404 0.5425000000000001
0 0.411764705882353 0.66875 0.4175317185697809 0.6875 0.4256055363321799 0.69125 0.5778546712802768 0.6725000000000001 0.6239907727797 0.6725000000000001 0.6343713956170703 0.665 0.6389850057670128 0.6362500000000001 0.6297577854671281 0.6050000000000001 0.6205305651672435 0.5987500000000001 0.4659746251441753 0.6175 0.4313725490196078 0.615 0.4175317185697809 0.61875 0.4106113033448674 0.62875 0.40369088811995385 0.66 0.411764705882353 0.66875