12 0.4296875 0.253125 0.434375 0.253125 0.4375 0.25625 0.4359375 0.290625 0.4296875 0.3390625 0.428125 0.340625 0.4203125 0.3390625 0.4265625 0.290625 0.4234375 0.265625 0.425 0.259375 0.4296875 0.2546875
12 0.428125 0.365625 0.4328125 0.3734375 0.4328125 0.40625 0.4265625 0.4328125 0.4265625 0.44375 0.421875 0.45 0.4171875 0.45 0.4171875 0.4328125 0.421875 0.4046875 0.4203125 0.4 0.421875 0.36875 0.4265625 0.365625
12 0.4359375 0.4921875 0.4390625 0.509375 0.43125 0.5609375 0.43125 0.5734375 0.4296875 0.58125 0.425 0.584375 0.41875 0.578125 0.428125 0.5078125 0.425 0.496875 0.4296875 0.4921875 0.434375 0.4921875
12 0.41875 0.7015625 0.4234375 0.675 0.421875 0.6671875 0.4234375 0.6421875 0.4203125 0.628125 0.428125 0.6234375 0.4328125 0.6234375 0.4359375 0.6375 0.434375 0.6390625 0.434375 0.6625 0.4328125 0.6640625 0.434375 0.675 0.43125 0.7015625 0.4265625 0.70625 0.421875 0.70625 0.4203125 0.703125
8 0.4671875 0.6296875 0.478125 0.63125 0.48125 0.6390625 0.48125 0.665625 0.475 0.7 0.46875 0.7046875 0.4625 0.703125 0.4625 0.690625 0.465625 0.6765625 0.4640625 0.6671875 0.465625 0.6640625 0.4640625 0.6328125 0.465625 0.63125
8 0.475 0.5046875 0.48125 0.50625 0.484375 0.5125 0.4765625 0.575 0.4734375 0.5796875 0.4625 0.5765625 0.4625 0.5625 0.4671875 0.5484375 0.465625 0.509375 0.46875 0.5046875 0.4734375 0.5046875
8 0.4765625 0.3734375 0.4796875 0.375 0.48125 0.384375 0.4796875 0.3859375 0.48125 0.396875 0.4765625 0.44375 0.465625 0.45 0.459375 0.446875 0.459375 0.434375 0.4625 0.4203125 0.459375 0.3765625 0.475 0.375
8 0.4796875 0.2625 0.484375 0.265625 0.4828125 0.2703125 0.484375 0.29375 0.4796875 0.328125 0.4734375 0.3375 0.465625 0.3375 0.4640625 0.334375 0.465625 0.33125 0.4640625 0.3203125 0.46875 0.2921875 0.4671875 0.26875 0.471875 0.2609375 0.478125 0.2625
9 0.5171875 0.70625 0.5125 0.703125 0.5125 0.6984375 0.5203125 0.6921875 0.51875 0.690625 0.521875 0.6671875 0.5203125 0.665625 0.521875 0.6546875 0.5203125 0.63125 0.528125 0.628125 0.5359375 0.6375 0.5375 0.66875 0.5328125 0.6828125 0.53125 0.703125 0.525 0.70625 0.51875 0.7046875
9 0.525 0.5046875 0.53125 0.5046875 0.5375 0.509375 0.534375 0.5421875 0.5359375 0.553125 0.5328125 0.559375 0.53125 0.575 0.528125 0.578125 0.5171875 0.5796875 0.515625 0.5734375 0.51875 0.565625 0.51875 0.553125 0.5234375 0.5265625 0.521875 0.515625 0.525 0.50625
9 0.5265625 0.375 0.5328125 0.3796875 0.53125 0.3890625 0.5328125 0.4125 0.5265625 0.446875 0.5171875 0.4515625 0.5109375 0.45 0.5109375 0.4421875 0.5171875 0.4359375 0.515625 0.428125 0.51875 0.4109375 0.5171875 0.3796875 0.525 0.375
9 0.528125 0.2640625 0.5375 0.26875 0.5375 0.296875 0.534375 0.3109375 0.534375 0.3234375 0.53125 0.3359375 0.528125 0.3375 0.515625 0.334375 0.515625 0.328125 0.5203125 0.325 0.5203125 0.3109375 0.5234375 0.2953125 0.521875 0.271875 0.5234375 0.265625 0.5265625 0.2640625
4 0.596875 0.3734375 0.6015625 0.3765625 0.6 0.3828125 0.6109375 0.4046875 0.609375 0.40625 0.6109375 0.4109375 0.609375 0.4296875 0.6046875 0.453125 0.6015625 0.45625 0.5875 0.4546875 0.5890625 0.453125 0.5875 0.4515625 0.5890625 0.4296875 0.590625 0.4203125 0.59375 0.415625 0.590625 0.378125 0.5953125 0.375
4 0.6015625 0.5 0.60625 0.5 0.6109375 0.5046875 0.6078125 0.521875 0.6078125 0.528125 0.6109375 0.5328125 0.609375 0.534375 0.6109375 0.5453125 0.60625 0.5828125 0.6 0.5890625 0.5875 0.584375 0.5890625 0.575 0.59375 0.56875 0.596875 0.54375 0.5953125 0.5078125 0.6015625 0.5015625
4 0.5953125 0.628125 0.603125 0.6328125 0.603125 0.640625 0.60625 0.64375 0.60625 0.6578125 0.609375 0.6609375 0.6078125 0.6640625 0.6109375 0.671875 0.60625 0.709375 0.6 0.7140625 0.5921875 0.7140625 0.584375 0.7046875 0.590625 0.6953125 0.59375 0.6734375 0.5984375 0.6671875 0.59375 0.65 0.5953125 0.646875 0.5953125 0.6421875 0.5921875 0.6375 0.59375 0.6296875
4 0.596875 0.2765625 0.5984375 0.275 0.596875 0.26875 0.603125 0.2609375 0.609375 0.2671875 0.6109375 0.275 0.609375 0.278125 0.6109375 0.28125 0.609375 0.3234375 0.6109375 0.328125 0.609375 0.3390625 0.603125 0.3453125 0.5984375 0.340625 0.590625 0.3421875 0.5890625 0.334375 0.59375 0.3265625 0.59375 0.3171875 0.596875 0.3125 0.5984375 0.3 0.596875 0.2890625 0.5984375 0.278125
0 0.5552078472452384 0.33365359791544147 0.6036535522658266 0.33960198253402607 0.6184625987317519 0.3362135356779171 0.6257876969275726 0.32539771411487034 0.6305907399261542 0.2960485311784935 0.6251536927726737 0.27195048467396243 0.6178271984346174 0.2632407505979791 0.4606754539003104 0.26347032686452754 0.4208158746741624 0.25597280136956124 0.4061642821402852 0.25807888885662467 0.3979724892470827 0.2661849091299073 0.38726143344111225 0.29480867930792015 0.3958489553777882 0.3127850940705686 0.39750431587764556 0.3286086541541346 0.40766637713480147 0.3337614752263266 0.5552078472452384 0.33365359791544147
0 0.6183915505480237 0.4442452713771055 0.6282359116566124 0.41291169990932863 0.6200413264789386 0.38196660890455114 0.6090125705244008 0.3741039865425949 0.5689175084712987 0.37829277792071214 0.456429782303957 0.3761962523848802 0.4153886005163313 0.36855364433824117 0.3993979514889283 0.37179700864267734 0.39388427158277733 0.3776284752812143 0.38199161321532904 0.4061071629075544 0.39767014666310724 0.4444796286192697 0.5641172577571885 0.4466930721351492 0.5982262781079954 0.45218282550270594 0.6183915505480237 0.4442452713771055
0 0.44801507186392076 0.5717185902825175 0.5675924134001292 0.5746856111283861 0.6005198311894586 0.5800302819442702 0.6205276496974388 0.5733750871877153 0.6216284310795391 0.5448730159653659 0.6271421109856902 0.5390415493268288 0.6233604243320671 0.5307670629058638 0.6093386475263818 0.5277437129167446 0.6058718687368547 0.5169045077576884 0.5840512357969692 0.5090185017997227 0.45738427889189426 0.5051809856438172 0.41870630222722394 0.4978285427005238 0.40003754021276966 0.5033464606397057 0.38979884620294314 0.5281231527105815 0.3870427043209854 0.5408016638493651 0.3924783553322303 0.5453741547148659 0.39673379992423297 0.5693271186677242 0.42107509191912207 0.5762209303599899 0.44801507186392076 0.5717185902825175
0 0.5616147485512478 0.7015174897082408 0.6088788510103584 0.7073207917751526 0.6204579976559462 0.700932378525934 0.6288058483389612 0.6720184432445755 0.623289376148339 0.6387987986050524 0.6146238253167569 0.6312263413464418 0.45392727309801656 0.6310206699579719 0.4187941041177795 0.6241034746696967 0.4041425115839024 0.6262095621567602 0.3957932647586518 0.6355979417990885 0.38476730108858537 0.6667864307151925 0.3919363414945937 0.6767785241602214 0.39548254532126276 0.6967393274542701 0.40328140145546315 0.7016019834231165 0.5616147485512478 0.7015174897082408