4 0.409375 0.715625 0.4140625 0.71875 0.415625 0.7265625 0.4125 0.7296875 0.4140625 0.8140625 0.41875 0.821875 0.4203125 0.834375 0.4203125 0.8421875 0.4140625 0.8453125 0.3921875 0.84375 0.3890625 0.8375 0.3890625 0.8171875 0.3875 0.815625 0.3859375 0.7171875 0.4078125 0.715625
4 0.3953125 0.1609375 0.3953125 0.171875 0.3921875 0.1734375 0.3921875 0.1875 0.39375 0.1890625 0.3953125 0.2640625 0.3984375 0.265625 0.3984375 0.275 0.4015625 0.278125 0.4015625 0.2828125 0.3984375 0.2875 0.3765625 0.2875 0.375 0.284375 0.371875 0.284375 0.36875 0.275 0.36875 0.2359375 0.3671875 0.234375 0.365625 0.1625 0.371875 0.159375 0.3921875 0.159375 0.39375 0.1609375
4 0.4046875 0.44375 0.4046875 0.4484375 0.4015625 0.45 0.4046875 0.540625 0.409375 0.546875 0.4109375 0.5609375 0.409375 0.565625 0.403125 0.5671875 0.3828125 0.565625 0.38125 0.5625 0.378125 0.546875 0.378125 0.5046875 0.3765625 0.503125 0.3765625 0.46875 0.378125 0.4671875 0.3765625 0.440625 0.378125 0.4390625 0.4015625 0.4390625 0.403125 0.44375
9 0.546875 0.1625 0.565625 0.1625 0.56875 0.165625 0.56875 0.171875 0.565625 0.1734375 0.5671875 0.271875 0.540625 0.271875 0.5390625 0.2703125 0.5390625 0.2328125 0.5375 0.23125 0.5375 0.20625 0.540625 0.203125 0.5390625 0.16875 0.540625 0.165625 0.546875 0.1640625
9 0.6203125 0.709375 0.64375 0.7078125 0.6453125 0.765625 0.6484375 0.79375 0.646875 0.809375 0.65 0.81875 0.65 0.8375 0.646875 0.840625 0.628125 0.8421875 0.6265625 0.8390625 0.621875 0.8375 0.6203125 0.771875 0.6171875 0.7671875 0.61875 0.7296875 0.621875 0.728125 0.6203125 0.7109375
9 0.6296875 0.4296875 0.634375 0.43125 0.634375 0.4515625 0.6375 0.46875 0.6359375 0.496875 0.6390625 0.515625 0.640625 0.5578125 0.6359375 0.5640625 0.621875 0.5640625 0.6203125 0.5609375 0.6125 0.559375 0.6109375 0.54375 0.6109375 0.5 0.609375 0.4984375 0.6109375 0.43125 0.628125 0.4296875
9 0.6015625 0.153125 0.625 0.1515625 0.6265625 0.228125 0.6296875 0.2328125 0.628125 0.265625 0.63125 0.275 0.6296875 0.28125 0.6234375 0.2828125 0.621875 0.2859375 0.61875 0.2859375 0.6171875 0.2828125 0.60625 0.2828125 0.6015625 0.275 0.6015625 0.23125 0.6 0.2296875 0.6 0.1875 0.5984375 0.1859375 0.5984375 0.1796875 0.6015625 0.178125 0.6015625 0.1546875
9 0.5734375 0.71875 0.5828125 0.71875 0.5859375 0.7234375 0.584375 0.7671875 0.5859375 0.76875 0.5859375 0.8109375 0.5890625 0.8234375 0.5890625 0.828125 0.559375 0.8265625 0.5578125 0.8125 0.5578125 0.771875 0.5609375 0.7703125 0.559375 0.76875 0.559375 0.7234375 0.5734375 0.7203125
9 0.5578125 0.440625 0.575 0.440625 0.5765625 0.4546875 0.575 0.4984375 0.5765625 0.5 0.5765625 0.5421875 0.578125 0.54375 0.5765625 0.55 0.553125 0.55 0.5484375 0.5453125 0.5484375 0.5015625 0.546875 0.5 0.546875 0.4921875 0.55 0.4890625 0.5484375 0.4515625 0.55 0.4453125 0.5578125 0.4421875
3 0.50390625 0.778125 0.034375 0.109375
3 0.49765625 0.5 0.0359375 0.1109375
3 0.48515625 0.22109375 0.0296875 0.1140625
0 0.6412568234160612 0.7085863944916061 0.5643361882288404 0.7238324747010351 0.48697748404535385 0.726533900178007 0.4321792445417733 0.7158875444293679 0.3840914014006872 0.7175668089150531 0.3696750053776199 0.7243502167769249 0.3437361156133819 0.760842554677463 0.3584711153271677 0.8231277593434836 0.3842905397858584 0.8431593792383808 0.43454217021506514 0.8434978790420609 0.475919616993657 0.8294929943220515 0.5580555782011926 0.8287180687602229 0.5973306357394991 0.8294398789356354 0.6438387835874858 0.8424690564705279 0.6560183808230551 0.8315771085305478 0.6526864095448925 0.7961069316212964 0.6589587369111212 0.7958878971231635 0.6665187135729389 0.7725973174494815 0.6491354037685974 0.7543644273458165 0.6528058748504398 0.7395829738258612 0.6412568234160612 0.7085863944916061
0 0.34771186722544994 0.4550782090253594 0.32588151753932026 0.48933374813839914 0.3334680518943459 0.5267486778376382 0.3535262294824513 0.5616347627518686 0.3936890384648317 0.5727921989961511 0.4602288062077157 0.5600019520723529 0.5835845777435456 0.5556942736090735 0.640473593035869 0.5662676178583351 0.6775964767375975 0.550317980348338 0.7116064236592965 0.505170493295318 0.7108032971661427 0.48217195961914633 0.6780544418468247 0.4435423921236959 0.639836385654432 0.42813039280254994 0.5607519631790907 0.4413587087226138 0.37221708469534354 0.437475864722885 0.34771186722544994 0.4550782090253594
0 0.3380013378082269 0.17700502912255653 0.30817294246401367 0.22200649317682122 0.34359666556709534 0.27728925548283717 0.3797239459707453 0.2927742663033607 0.44208216213614354 0.2801300423783178 0.5360940611301955 0.2747537491175821 0.628672287829903 0.28826744945491 0.6637774072422663 0.27448159923303317 0.6998051184533305 0.22717032489189276 0.6988559689614214 0.19999023963823542 0.6683439124296017 0.16546921222089303 0.6195989657941169 0.14833149460789227 0.5489506579731248 0.16335854031918862 0.36459733106686343 0.15932967332070466 0.3380013378082269 0.17700502912255653