4 0.5588003337800556 0.6089086705678004 0.5558393733023623 0.6080935646726953 0.5526129923456716 0.6230907524702998 0.5492537449541643 0.6415907201669155 0.5481042541046466 0.6519616055512764 0.5514977623167625 0.6519726922917524 0.5537582123509194 0.6391530431088845 0.5558742547079559 0.6266034655672409 0.5592458180239267 0.6069311088672491 0.5588003337800556 0.6089086705678004
9 0.5418068528495572 0.6458574266581291 0.5437220335085462 0.6344469924128802 0.5459757049954864 0.6222146912742466 0.5479473670313791 0.6099326642605783 0.544654289668287 0.6093520058719049 0.5423437321997786 0.6224558284362389 0.5404727169932301 0.6341670589164449 0.5387019166553848 0.6453099426337182 0.5418068528495572 0.6458574266581291
1 0.5401438457624517 0.6079694125997583 0.5371081114743109 0.6053780181462709 0.5352118438338508 0.6194351801757751 0.5333594911383412 0.6293891233789006 0.5314073281787927 0.6399114846876773 0.5303647962180257 0.6447214353182709 0.533758709034806 0.6447325934014657 0.5362512497100025 0.6322481397030822 0.5388062137440142 0.6183071236198565 0.5405266906671873 0.6074496381693142 0.5401438457624517 0.6079694125997583
3 0.5257855550108231 0.6453828238179196 0.5258231578963674 0.6462697432118457 0.5276625740824286 0.6374893425546426 0.530475285796056 0.6215376617493217 0.534172808035194 0.6022170520445862 0.5309427746159018 0.6001786777285243 0.5292222976927288 0.6110361631790665 0.5266104476771488 0.6258487006879927 0.5225863459298585 0.644818716940018 0.5257855550108231 0.6453828238179196
4 0.6159122086022696 0.21152647731441862 0.6119762080623914 0.2121219449827761 0.6103941803182614 0.22447267503469132 0.6073033208209564 0.24248446814710714 0.6058425004188444 0.2551154788503424 0.6090741261611357 0.25465345645887905 0.6109197128687502 0.2446692719558135 0.6138738287197953 0.2240543857298794 0.6159122086022696 0.21152647731441862
9 0.5996003771659135 0.2509218144366443 0.6054027301104518 0.21560174647949365 0.602132840982333 0.2157981134770001 0.5966666306677937 0.2506621613327064 0.5996003771659135 0.2509218144366443
1 0.598218974295032 0.2143350565064138 0.5944975044384704 0.2141941520792881 0.588964911661632 0.2513653049400023 0.591976021496712 0.2521538904040432 0.598218974295032 0.2143350565064138
3 0.5838777352661699 0.2551084444710186 0.590633278355778 0.21196691141191404 0.5869010518654203 0.21285469253298706 0.5798261080035043 0.254909324385316 0.5838777352661699 0.2551084444710186
4 0.5925158099701724 0.4076977490839006 0.5891238264092177 0.4074153929696707 0.5817736565187003 0.4496917702898309 0.5848553475872424 0.45055089767710915 0.5925158099701724 0.4076977490839006
9 0.575273342785702 0.4463353948558325 0.5816987573200194 0.409895058223851 0.5782596176730992 0.40928864511367485 0.5722928028832457 0.44549410314826543 0.575273342785702 0.4463353948558325
1 0.5741124198635779 0.4085573822455212 0.570821587468709 0.40829286181100216 0.5673255852491982 0.42693669074192353 0.5641193585396354 0.4468945833363408 0.5676664883467962 0.44688855381404674 0.5713921488750979 0.4257592829938222 0.5741124198635779 0.4085573822455212
3 0.5564585090206092 0.44775396361079006 0.5593987318312548 0.4476409200102297 0.5673713704286723 0.4018517341041587 0.5644026247924502 0.4021091518120432 0.5564585090206092 0.44775396361079006
0 0.5640989563553211 0.6262325019103527 0.5604330258920805 0.6091675099646172 0.531544826356445 0.6002848356941646 0.5171101033382309 0.6229989730218692 0.5227443451699514 0.6454629050592767 0.5431905587076102 0.6478051557365492 0.549420897040007 0.6526926377517233 0.5541148846448862 0.6497314091453441 0.5615345484861649 0.638410011840914 0.5642328687459456 0.6325709563915882 0.5640989563553211 0.6262325019103527
0 0.5983332708978355 0.42261617705484317 0.5928329414567395 0.4064906994986712 0.5853067212014553 0.40895252907314045 0.5651038439608966 0.40286427988220197 0.557118307088031 0.4102969932352778 0.5537994018434257 0.41728959123069975 0.5487281655508218 0.4176583638695092 0.5470550349402096 0.42241521949158295 0.5512897059275075 0.4244248746638104 0.5547123000936478 0.4452358651232117 0.5854622545837578 0.45065791175537556 0.5889424281956065 0.44748265499246365 0.5984671832884598 0.4289546315360787 0.5983332708978355 0.42261617705484317
0 0.6216951039638414 0.2309753930179502 0.6164381108198457 0.21110391694811237 0.5870358827133906 0.212234352953717 0.5825305194523737 0.21649180954388086 0.5752174120251003 0.2366727745782719 0.5772922798075856 0.2509312823999049 0.5806903854895773 0.25531936538316924 0.5975498690013822 0.2519773050933926 0.6086628192825205 0.2551997864859724 0.62123578734626 0.23594627679655672 0.6216951039638414 0.2309753930179502