4 0.4162125714285715 0.6083529411764707 0.4161241904761905 0.620154555940023 0.4161241904761905 0.6322260668973472 0.4192247619047619 0.632762399077278 0.4198449523809524 0.6231061130334486 0.4197561904761904 0.6056701268742791 0.4192247619047619 0.5914544405997695 0.41638971428571425 0.591722029988466 0.4163013333333333 0.5898442906574395 0.4162125714285715 0.6083529411764707
9 0.4290586666666667 0.6177404844290658 0.42923580952380946 0.6067439446366782 0.42923580952380946 0.5944048442906575 0.4261352380952381 0.5944048442906575 0.42595809523809525 0.6059388696655134 0.4260464761904762 0.6174728950403692 0.42595809523809525 0.62820184544406 0.4288815238095238 0.62820184544406 0.4290586666666667 0.6177404844290658
1 0.43313409523809526 0.603524798154556 0.43322247619047627 0.6166678200692041 0.43348838095238096 0.6284705882352941 0.43658933333333333 0.629006920415225 0.43641180952380954 0.6244463667820069 0.43632342857142853 0.614522491349481 0.43623466666666666 0.6051337946943482 0.4367664761904762 0.5919907727797 0.43357714285714294 0.5938685121107267 0.4333112380952381 0.5933321799307959 0.43313409523809526 0.603524798154556
3 0.4430563809523809 0.6123760092272202 0.4430563809523809 0.5984279123414071 0.4432335238095238 0.5882352941176471 0.4399558095238095 0.5895767012687428 0.4402213333333333 0.6078166089965398 0.4402213333333333 0.6228373702422145 0.4404872380952381 0.631152249134948 0.440664380952381 0.6303483275663206 0.4436765714285714 0.6303483275663206 0.4430563809523809 0.6123760092272202
4 0.4274441904761905 0.2506885813148789 0.4275219047619047 0.2601038062283737 0.4303984761904762 0.2610461361014994 0.4310982857142857 0.24927566320645908 0.43117599999999995 0.23232871972318342 0.43172000000000005 0.22079469434832757 0.4282217142857143 0.2196170703575548 0.42806590476190476 0.23138638985005766 0.4274441904761905 0.2506885813148789
9 0.44011657142857147 0.22573702422145328 0.43716228571428567 0.2250311418685121 0.4367737142857143 0.25822145328719726 0.4394944761904762 0.2584567474048443 0.44011657142857147 0.22573702422145328
1 0.4464140952380952 0.26033910034602076 0.44734704761904764 0.2255017301038062 0.4439260952380953 0.2250311418685121 0.4435375238095238 0.2605743944636678 0.4464140952380952 0.26033910034602076
3 0.4544994285714285 0.2255017301038062 0.45123428571428575 0.2240899653979239 0.4504567619047619 0.26457670126874283 0.4541885714285714 0.2650472895040369 0.4544994285714285 0.2255017301038062
4 0.421047619047619 0.4426182237600923 0.42114285714285715 0.40282583621683965 0.418 0.4025374855824683 0.41809523809523813 0.4429065743944637 0.421047619047619 0.4426182237600923
9 0.43076190476190473 0.40628604382929645 0.42752380952380953 0.40628604382929645 0.42752380952380953 0.44059976931949246 0.4303809523809524 0.44031141868512114 0.43076190476190473 0.40628604382929645
1 0.4343809523809524 0.44232987312572086 0.4376190476190477 0.4429065743944637 0.4379047619047619 0.424163783160323 0.4377142857142857 0.40657439446366783 0.43466666666666665 0.40628604382929645 0.4343809523809524 0.4224336793540946 0.4343809523809524 0.44232987312572086
3 0.44190196238831475 0.4012476407425192 0.44180952380952376 0.44434832756632064 0.4444761904761905 0.4449250288350634 0.44457142857142856 0.4019607843137255 0.44190196238831475 0.4012476407425192
0 0.40914285714285714 0.6182237600922722 0.4140952380952381 0.6297577854671281 0.4179047619047619 0.6332179930795847 0.42438095238095236 0.6297577854671281 0.4434285714285714 0.6309111880046137 0.45219047619047614 0.6113033448673587 0.44266666666666665 0.5882352941176471 0.41485714285714287 0.5916955017301039 0.40876190476190477 0.6066897347174164 0.4076190476190476 0.6124567474048443 0.40914285714285714 0.6182237600922722
0 0.41485714285714287 0.43944636678200694 0.4175238095238095 0.4429065743944637 0.44647619047619047 0.4429065743944637 0.452952380952381 0.4244521337946944 0.45714285714285713 0.4232987312572088 0.4563809523809524 0.4186851211072664 0.4518095238095238 0.4175317185697809 0.4499047619047619 0.4106113033448674 0.4438095238095238 0.4025374855824683 0.42438095238095236 0.4048442906574395 0.4179047619047619 0.40138408304498274 0.4102857142857143 0.4152249134948097 0.40914285714285714 0.42099192618223763 0.41485714285714287 0.43944636678200694
0 0.4278095238095238 0.26066897347174167 0.43847619047619046 0.2595155709342561 0.4533333333333333 0.265282583621684 0.45714285714285713 0.2618223760092272 0.4613333333333333 0.2491349480968858 0.4579047619047619 0.22952710495963094 0.4544761904761905 0.2249134948096886 0.4278095238095238 0.21914648212226068 0.4198095238095238 0.2364475201845444 0.4194285714285714 0.24106113033448673 0.4278095238095238 0.26066897347174167