4 0.4426395013818511 0.6489251206565312 0.44136595138777934 0.6390194639716942 0.43784216561183165 0.6213711563048747 0.4345042235718326 0.6070727445279662 0.431685354999749 0.6079020369215092 0.43122602953429834 0.6060169507720176 0.4347812574868205 0.6247870116111064 0.4370159733132337 0.6367615664088638 0.43939336253419914 0.6489921736731058 0.4426395013818511 0.6489251206565312
9 0.4420847781119188 0.6087014688807616 0.44417688899117 0.6204223834231501 0.44653794411054043 0.6320910205010036 0.4485614071206439 0.6429787737742296 0.45152249478014755 0.6424031966395914 0.44964163671720614 0.6317690836217342 0.4476553793996757 0.6205927384454012 0.44522529055141585 0.6080910151019213 0.4420847781119188 0.6087014688807616
1 0.45948814812745553 0.6417013355426469 0.45841017228805486 0.6371156278054418 0.45636622354671524 0.6270783616181753 0.4544272882002224 0.6175834025929204 0.45237753351623516 0.6041624574717949 0.4495169217621956 0.6066928740443289 0.4491419652541796 0.6062018257501343 0.4509698965362608 0.6165636540849638 0.4536478308800957 0.6298624934496141 0.4562416234200617 0.6417684635627573 0.45948814812745553 0.6417013355426469
3 0.4551325188621201 0.6010886401369951 0.4589936695937686 0.619516663004652 0.4619518904828028 0.6347353901594603 0.4638587706394133 0.6431075024121917 0.4638798693839572 0.6422581089264862 0.4669308623633287 0.6416650559679788 0.4627631758392459 0.6235779774715 0.46001620776652147 0.6094460518412232 0.4581882764844405 0.5990842235063936 0.4551325188621201 0.6010886401369951
4 0.3791412787587911 0.25804651659875155 0.3758824268020149 0.24086092039361878 0.37416189885423395 0.2290677774461407 0.3703866250533622 0.22856339044707497 0.3725466834056096 0.24051849996457522 0.3757183752325399 0.26019749015780913 0.37765134517853316 0.2697215021727714 0.3807505565531409 0.270109899769333 0.3791412787587911 0.25804651659875155
9 0.3894537698554941 0.2656955248340652 0.38363998645590647 0.23242209175033496 0.3805086261749614 0.2322885586520136 0.386651620251244 0.2659928049144718 0.3894537698554941 0.2656955248340652
1 0.3939659532435417 0.26704506886546975 0.39683324082734056 0.2662403219926265 0.39091726503012336 0.2307601294654797 0.38735956589277326 0.23095687087178146 0.3939659532435417 0.26704506886546975
3 0.40563510729657287 0.26947989050164234 0.3981617816846947 0.2293519380786108 0.3945765418719962 0.2285644223462298 0.40176254660981525 0.26973783479325353 0.40563510729657287 0.26947989050164234
4 0.40410481452805913 0.456789479317431 0.40703843913646776 0.45591605096660837 0.3992981060475543 0.41558046933388526 0.3960579747852228 0.41590709755775784 0.40410481452805913 0.456789479317431
9 0.41603769568168947 0.4517412567569689 0.4097225252288393 0.41719244142140033 0.4064427174225086 0.4178299714767072 0.4132005360087613 0.452595934223812 0.41603769568168947 0.4517412567569689
1 0.4168212539103832 0.4161157778383432 0.413677587583532 0.4164236551782362 0.4165683427000335 0.43284036088763606 0.4204867417122305 0.45299877626200774 0.4238801263015232 0.4529455481016103 0.4204782756616917 0.43389948386511845 0.4168212539103832 0.4161157778383432
3 0.42285811500126796 0.4100912990325364 0.4200138132062759 0.4098943325279937 0.4284085254200627 0.45358126394378057 0.43122312039647365 0.4536405410872607 0.42285811500126796 0.4100912990325364
0 0.44727037794952196 0.6448657349253974 0.46679051861150905 0.6422841619192934 0.4718036820549821 0.6206928161662519 0.4576141171884617 0.5991958287678403 0.43012781672598355 0.6081768982593433 0.42690705721226163 0.624568804101681 0.42688524581612003 0.6306368336585295 0.42956445261342735 0.636179838463949 0.4368521649176483 0.6468908303951956 0.4413922230346342 0.6496466064054671 0.44727037794952196 0.6448657349253974
0 0.43577652385906235 0.43122899514379415 0.43979382745427165 0.4292353524588724 0.4381134937067312 0.42471094437143486 0.4332560232377519 0.4244423830126376 0.4299638031325988 0.417805777953318 0.4221999723003876 0.41082560799928264 0.40297543259425267 0.4169879959107612 0.39573435628381814 0.4147572446519189 0.3907430042364865 0.4302805608481117 0.390721192840345 0.4363485904049602 0.40014354602395513 0.45392119800328184 0.4035260249151772 0.4569019846213086 0.4328513653011924 0.45120171589150626 0.43577652385906235 0.43122899514379415
0 0.40799232822484754 0.26563082188426185 0.40973809616081225 0.2519511413011538 0.4024037478628052 0.2327599086975028 0.3980223959218161 0.2287605253614943 0.36987644615770626 0.22816775392669278 0.3651806950662268 0.24727188502826003 0.3657034495880033 0.25202130372345305 0.3780539745309867 0.27023749036016415 0.3886308937388573 0.26696878756462883 0.4048151915034084 0.26988666861290234 0.40799232822484754 0.26563082188426185